FormulationID,StructuralInstanceID,ParallelTaskID,ScenarioSupportID,ObjectiveCriterion,Replication,Controller,Fairness,Resource,RollingStart,Period,RealizedNode,SharedBatteryMode,AggregateCharge,AggregateDischarge,StateOfChargeBefore,StateOfChargeAfter,ChargingLinkResidual,DischargingLinkResidual,SimultaneousFlowFlag,SimultaneousFlowResidual,IntegralityResidual,BatteryTransitionResidual,StateOfChargeBoundResidual,TerminalResidual
shared_battery_mode_node_level_v1,SI-Drahi_100-d2-HOM-UHI-BHI-5a79f02aae,TK-PB-Drahi_100-d2-HOM-UHI-a94fc823b8-r3,SS-b8f4fc76bd1d,risk_neutral_expectation,3,DETERMINISTIC_RH,LEXMMFPEA,pv,1,1,1,1.0,0.0,0.0,0.2,0.2,0.0,0.0,false,0.0,0.0,0.0,0.0,0.0
shared_battery_mode_node_level_v1,SI-Drahi_100-d2-HOM-UHI-BHI-5a79f02aae,TK-PB-Drahi_100-d2-HOM-UHI-a94fc823b8-r3,SS-b8f4fc76bd1d,risk_neutral_expectation,3,DETERMINISTIC_RH,LEXMMFPEA,pv,1,2,1,1.0,32.0,0.0,0.2,30.599999999999998,0.0,0.0,false,0.0,0.0,0.0,0.0,0.0
shared_battery_mode_node_level_v1,SI-Drahi_100-d2-HOM-UHI-BHI-5a79f02aae,TK-PB-Drahi_100-d2-HOM-UHI-a94fc823b8-r3,SS-b8f4fc76bd1d,risk_neutral_expectation,3,DETERMINISTIC_RH,LEXMMFPEA,pv,1,3,1,1.0,0.0,0.0,30.599999999999998,30.599999999999998,0.0,0.0,false,0.0,0.0,0.0,0.0,0.0
shared_battery_mode_node_level_v1,SI-Drahi_100-d2-HOM-UHI-BHI-5a79f02aae,TK-PB-Drahi_100-d2-HOM-UHI-a94fc823b8-r3,SS-b8f4fc76bd1d,risk_neutral_expectation,3,DETERMINISTIC_RH,LEXMMFPEA,pv,1,4,1,1.0,0.0,0.0,30.599999999999998,30.599999999999998,0.0,0.0,false,0.0,0.0,0.0,0.0,0.0
shared_battery_mode_node_level_v1,SI-Drahi_100-d2-HOM-UHI-BHI-5a79f02aae,TK-PB-Drahi_100-d2-HOM-UHI-a94fc823b8-r3,SS-0f9d20ee9bb3,risk_neutral_expectation,3,DETERMINISTIC_RH,LEXMMFPEA,pv,5,5,1,1.0,0.0,0.0,30.599999999999998,30.599999999999998,0.0,0.0,false,0.0,0.0,0.0,0.0,0.0
shared_battery_mode_node_level_v1,SI-Drahi_100-d2-HOM-UHI-BHI-5a79f02aae,TK-PB-Drahi_100-d2-HOM-UHI-a94fc823b8-r3,SS-0f9d20ee9bb3,risk_neutral_expectation,3,DETERMINISTIC_RH,LEXMMFPEA,pv,5,6,1,1.0,32.0,0.0,30.599999999999998,61.0,0.0,0.0,false,0.0,0.0,0.0,0.0,0.0
shared_battery_mode_node_level_v1,SI-Drahi_100-d2-HOM-UHI-BHI-5a79f02aae,TK-PB-Drahi_100-d2-HOM-UHI-a94fc823b8-r3,SS-0f9d20ee9bb3,risk_neutral_expectation,3,DETERMINISTIC_RH,LEXMMFPEA,pv,5,7,1,1.0,32.0,0.0,61.0,91.4,0.0,0.0,false,0.0,0.0,0.0,0.0,0.0
shared_battery_mode_node_level_v1,SI-Drahi_100-d2-HOM-UHI-BHI-5a79f02aae,TK-PB-Drahi_100-d2-HOM-UHI-a94fc823b8-r3,SS-0f9d20ee9bb3,risk_neutral_expectation,3,DETERMINISTIC_RH,LEXMMFPEA,pv,5,8,1,1.0,0.0,0.0,91.4,91.4,0.0,0.0,false,0.0,0.0,0.0,0.0,0.0
shared_battery_mode_node_level_v1,SI-Drahi_100-d2-HOM-UHI-BHI-5a79f02aae,TK-PB-Drahi_100-d2-HOM-UHI-a94fc823b8-r3,SS-1a86897e8e62,risk_neutral_expectation,3,DETERMINISTIC_RH,LEXMMFPEA,pv,9,9,1,0.0,0.0,0.0,91.4,91.4,0.0,0.0,false,0.0,0.0,0.0,0.0,0.0
shared_battery_mode_node_level_v1,SI-Drahi_100-d2-HOM-UHI-BHI-5a79f02aae,TK-PB-Drahi_100-d2-HOM-UHI-a94fc823b8-r3,SS-1a86897e8e62,risk_neutral_expectation,3,DETERMINISTIC_RH,LEXMMFPEA,pv,9,10,1,0.0,2.113864638886298e-13,0.0,91.4,91.4000000000002,2.113864638886298e-13,0.0,false,0.0,0.0,0.0,0.0,0.0
shared_battery_mode_node_level_v1,SI-Drahi_100-d2-HOM-UHI-BHI-5a79f02aae,TK-PB-Drahi_100-d2-HOM-UHI-a94fc823b8-r3,SS-1a86897e8e62,risk_neutral_expectation,3,DETERMINISTIC_RH,LEXMMFPEA,pv,9,11,1,0.0,0.0,-5.648814749292796e-13,91.4000000000002,91.4000000000008,0.0,0.0,false,0.0,0.0,0.0,0.0,0.0
shared_battery_mode_node_level_v1,SI-Drahi_100-d2-HOM-UHI-BHI-5a79f02aae,TK-PB-Drahi_100-d2-HOM-UHI-a94fc823b8-r3,SS-1a86897e8e62,risk_neutral_expectation,3,DETERMINISTIC_RH,LEXMMFPEA,pv,9,12,1,1.0,-5.062616992290714e-13,0.0,91.4000000000008,91.40000000000032,0.0,0.0,false,0.0,0.0,0.0,0.0,0.0
shared_battery_mode_node_level_v1,SI-Drahi_100-d2-HOM-UHI-BHI-5a79f02aae,TK-PB-Drahi_100-d2-HOM-UHI-a94fc823b8-r3,SS-75c66aa1cb9f,risk_neutral_expectation,3,DETERMINISTIC_RH,LEXMMFPEA,pv,13,13,1,0.0,0.0,0.0,91.40000000000032,91.40000000000032,0.0,0.0,false,0.0,0.0,0.0,0.0,0.0
shared_battery_mode_node_level_v1,SI-Drahi_100-d2-HOM-UHI-BHI-5a79f02aae,TK-PB-Drahi_100-d2-HOM-UHI-a94fc823b8-r3,SS-75c66aa1cb9f,risk_neutral_expectation,3,DETERMINISTIC_RH,LEXMMFPEA,pv,13,14,1,0.0,0.0,0.0,91.40000000000032,91.40000000000032,0.0,0.0,false,0.0,0.0,0.0,0.0,0.0
shared_battery_mode_node_level_v1,SI-Drahi_100-d2-HOM-UHI-BHI-5a79f02aae,TK-PB-Drahi_100-d2-HOM-UHI-a94fc823b8-r3,SS-75c66aa1cb9f,risk_neutral_expectation,3,DETERMINISTIC_RH,LEXMMFPEA,pv,13,15,1,1.0,0.0,0.0,91.40000000000032,91.40000000000032,0.0,0.0,false,0.0,0.0,0.0,0.0,0.0
shared_battery_mode_node_level_v1,SI-Drahi_100-d2-HOM-UHI-BHI-5a79f02aae,TK-PB-Drahi_100-d2-HOM-UHI-a94fc823b8-r3,SS-75c66aa1cb9f,risk_neutral_expectation,3,DETERMINISTIC_RH,LEXMMFPEA,pv,13,16,1,1.0,0.0,0.0,91.40000000000032,91.40000000000032,0.0,0.0,false,0.0,0.0,0.0,0.0,0.0
shared_battery_mode_node_level_v1,SI-Drahi_100-d2-HOM-UHI-BHI-5a79f02aae,TK-PB-Drahi_100-d2-HOM-UHI-a94fc823b8-r3,SS-ba344dd16b2c,risk_neutral_expectation,3,DETERMINISTIC_RH,LEXMMFPEA,pv,17,17,1,0.0,0.0,0.0,91.40000000000032,91.40000000000032,0.0,0.0,false,0.0,0.0,0.0,0.0,0.0
shared_battery_mode_node_level_v1,SI-Drahi_100-d2-HOM-UHI-BHI-5a79f02aae,TK-PB-Drahi_100-d2-HOM-UHI-a94fc823b8-r3,SS-ba344dd16b2c,risk_neutral_expectation,3,DETERMINISTIC_RH,LEXMMFPEA,pv,17,18,1,0.3240997229916789,10.371191135733724,0.0,91.40000000000032,101.25263157894736,0.0,0.0,false,0.0,0.3240997229916789,0.0,0.0,0.0
shared_battery_mode_node_level_v1,SI-Drahi_100-d2-HOM-UHI-BHI-5a79f02aae,TK-PB-Drahi_100-d2-HOM-UHI-a94fc823b8-r3,SS-ba344dd16b2c,risk_neutral_expectation,3,DETERMINISTIC_RH,LEXMMFPEA,pv,17,19,1,0.0,0.0,32.0,101.25263157894736,67.56842105263158,0.0,0.0,false,0.0,0.0,0.0,0.0,0.0
shared_battery_mode_node_level_v1,SI-Drahi_100-d2-HOM-UHI-BHI-5a79f02aae,TK-PB-Drahi_100-d2-HOM-UHI-a94fc823b8-r3,SS-ba344dd16b2c,risk_neutral_expectation,3,DETERMINISTIC_RH,LEXMMFPEA,pv,17,20,1,0.0,0.0,32.0,67.56842105263158,33.88421052631579,0.0,0.0,false,0.0,0.0,0.0,0.0,0.0
shared_battery_mode_node_level_v1,SI-Drahi_100-d2-HOM-UHI-BHI-5a79f02aae,TK-PB-Drahi_100-d2-HOM-UHI-a94fc823b8-r3,SS-7ebaa4bc0fc2,risk_neutral_expectation,3,DETERMINISTIC_RH,LEXMMFPEA,pv,21,21,1,1.0,0.0,0.0,33.88421052631579,33.88421052631579,0.0,0.0,false,0.0,0.0,0.0,0.0,0.0
shared_battery_mode_node_level_v1,SI-Drahi_100-d2-HOM-UHI-BHI-5a79f02aae,TK-PB-Drahi_100-d2-HOM-UHI-a94fc823b8-r3,SS-7ebaa4bc0fc2,risk_neutral_expectation,3,DETERMINISTIC_RH,LEXMMFPEA,pv,21,22,1,1.0,0.0,0.0,33.88421052631579,33.88421052631579,0.0,0.0,false,0.0,0.0,0.0,0.0,0.0
shared_battery_mode_node_level_v1,SI-Drahi_100-d2-HOM-UHI-BHI-5a79f02aae,TK-PB-Drahi_100-d2-HOM-UHI-a94fc823b8-r3,SS-7ebaa4bc0fc2,risk_neutral_expectation,3,DETERMINISTIC_RH,LEXMMFPEA,pv,21,23,1,0.0,0.0,32.0,33.88421052631579,0.20000000000000284,0.0,0.0,false,0.0,0.0,2.831068712794149e-15,0.0,0.0
shared_battery_mode_node_level_v1,SI-Drahi_100-d2-HOM-UHI-BHI-5a79f02aae,TK-PB-Drahi_100-d2-HOM-UHI-a94fc823b8-r3,SS-7ebaa4bc0fc2,risk_neutral_expectation,3,DETERMINISTIC_RH,LEXMMFPEA,pv,21,24,1,1.0,0.0,0.0,0.20000000000000284,0.20000000000000284,0.0,0.0,false,0.0,0.0,2.831068712794149e-15,0.0,0.0
shared_battery_mode_node_level_v1,SI-Drahi_100-d2-HOM-UHI-BHI-5a79f02aae,TK-PB-Drahi_100-d2-HOM-UHI-a94fc823b8-r3,SS-b8f4fc76bd1d,risk_neutral_expectation,3,DETERMINISTIC_RH,LEXMMFSA,savings,1,1,1,1.0,0.0,0.0,0.2,0.2,0.0,0.0,false,0.0,0.0,0.0,0.0,0.0
shared_battery_mode_node_level_v1,SI-Drahi_100-d2-HOM-UHI-BHI-5a79f02aae,TK-PB-Drahi_100-d2-HOM-UHI-a94fc823b8-r3,SS-b8f4fc76bd1d,risk_neutral_expectation,3,DETERMINISTIC_RH,LEXMMFSA,savings,1,2,1,1.0,32.0,0.0,0.2,30.599999999999998,0.0,0.0,false,0.0,0.0,0.0,0.0,0.0
shared_battery_mode_node_level_v1,SI-Drahi_100-d2-HOM-UHI-BHI-5a79f02aae,TK-PB-Drahi_100-d2-HOM-UHI-a94fc823b8-r3,SS-b8f4fc76bd1d,risk_neutral_expectation,3,DETERMINISTIC_RH,LEXMMFSA,savings,1,3,1,1.0,0.0,0.0,30.599999999999998,30.599999999999998,0.0,0.0,false,0.0,0.0,0.0,0.0,0.0
shared_battery_mode_node_level_v1,SI-Drahi_100-d2-HOM-UHI-BHI-5a79f02aae,TK-PB-Drahi_100-d2-HOM-UHI-a94fc823b8-r3,SS-b8f4fc76bd1d,risk_neutral_expectation,3,DETERMINISTIC_RH,LEXMMFSA,savings,1,4,1,1.0,0.0,0.0,30.599999999999998,30.599999999999998,0.0,0.0,false,0.0,0.0,0.0,0.0,0.0
shared_battery_mode_node_level_v1,SI-Drahi_100-d2-HOM-UHI-BHI-5a79f02aae,TK-PB-Drahi_100-d2-HOM-UHI-a94fc823b8-r3,SS-0f9d20ee9bb3,risk_neutral_expectation,3,DETERMINISTIC_RH,LEXMMFSA,savings,5,5,1,1.0,0.0,0.0,30.599999999999998,30.599999999999998,0.0,0.0,false,0.0,0.0,0.0,0.0,0.0
shared_battery_mode_node_level_v1,SI-Drahi_100-d2-HOM-UHI-BHI-5a79f02aae,TK-PB-Drahi_100-d2-HOM-UHI-a94fc823b8-r3,SS-0f9d20ee9bb3,risk_neutral_expectation,3,DETERMINISTIC_RH,LEXMMFSA,savings,5,6,1,1.0,32.0,0.0,30.599999999999998,61.0,0.0,0.0,false,0.0,0.0,0.0,0.0,0.0
shared_battery_mode_node_level_v1,SI-Drahi_100-d2-HOM-UHI-BHI-5a79f02aae,TK-PB-Drahi_100-d2-HOM-UHI-a94fc823b8-r3,SS-0f9d20ee9bb3,risk_neutral_expectation,3,DETERMINISTIC_RH,LEXMMFSA,savings,5,7,1,1.0,32.0,0.0,61.0,91.4,0.0,0.0,false,0.0,0.0,1.4210854715202004e-14,0.0,0.0
shared_battery_mode_node_level_v1,SI-Drahi_100-d2-HOM-UHI-BHI-5a79f02aae,TK-PB-Drahi_100-d2-HOM-UHI-a94fc823b8-r3,SS-0f9d20ee9bb3,risk_neutral_expectation,3,DETERMINISTIC_RH,LEXMMFSA,savings,5,8,1,1.0,0.0,0.0,91.4,91.4,0.0,0.0,false,0.0,0.0,1.4210854715202004e-14,0.0,0.0
shared_battery_mode_node_level_v1,SI-Drahi_100-d2-HOM-UHI-BHI-5a79f02aae,TK-PB-Drahi_100-d2-HOM-UHI-a94fc823b8-r3,SS-1a86897e8e62,risk_neutral_expectation,3,DETERMINISTIC_RH,LEXMMFSA,savings,9,9,1,1.0,0.0,0.0,91.4,91.4,0.0,0.0,false,0.0,0.0,0.0,0.0,0.0
shared_battery_mode_node_level_v1,SI-Drahi_100-d2-HOM-UHI-BHI-5a79f02aae,TK-PB-Drahi_100-d2-HOM-UHI-a94fc823b8-r3,SS-1a86897e8e62,risk_neutral_expectation,3,DETERMINISTIC_RH,LEXMMFSA,savings,9,10,1,1.0,2.113864638886298e-13,0.0,91.4,91.4000000000002,0.0,0.0,false,0.0,0.0,0.0,0.0,0.0
shared_battery_mode_node_level_v1,SI-Drahi_100-d2-HOM-UHI-BHI-5a79f02aae,TK-PB-Drahi_100-d2-HOM-UHI-a94fc823b8-r3,SS-1a86897e8e62,risk_neutral_expectation,3,DETERMINISTIC_RH,LEXMMFSA,savings,9,11,1,1.0,5.648814749292796e-13,0.0,91.4000000000002,91.40000000000074,0.0,0.0,false,0.0,0.0,0.0,0.0,0.0
shared_battery_mode_node_level_v1,SI-Drahi_100-d2-HOM-UHI-BHI-5a79f02aae,TK-PB-Drahi_100-d2-HOM-UHI-a94fc823b8-r3,SS-1a86897e8e62,risk_neutral_expectation,3,DETERMINISTIC_RH,LEXMMFSA,savings,9,12,1,1.0,-5.062616992290714e-13,0.0,91.40000000000074,91.40000000000026,0.0,0.0,false,0.0,0.0,0.0,0.0,0.0
shared_battery_mode_node_level_v1,SI-Drahi_100-d2-HOM-UHI-BHI-5a79f02aae,TK-PB-Drahi_100-d2-HOM-UHI-a94fc823b8-r3,SS-75c66aa1cb9f,risk_neutral_expectation,3,DETERMINISTIC_RH,LEXMMFSA,savings,13,13,1,1.0,0.0,0.0,91.40000000000026,91.40000000000026,0.0,0.0,false,0.0,0.0,0.0,0.0,0.0
shared_battery_mode_node_level_v1,SI-Drahi_100-d2-HOM-UHI-BHI-5a79f02aae,TK-PB-Drahi_100-d2-HOM-UHI-a94fc823b8-r3,SS-75c66aa1cb9f,risk_neutral_expectation,3,DETERMINISTIC_RH,LEXMMFSA,savings,13,14,1,1.0,0.0,0.0,91.40000000000026,91.40000000000026,0.0,0.0,false,0.0,0.0,0.0,0.0,0.0
shared_battery_mode_node_level_v1,SI-Drahi_100-d2-HOM-UHI-BHI-5a79f02aae,TK-PB-Drahi_100-d2-HOM-UHI-a94fc823b8-r3,SS-75c66aa1cb9f,risk_neutral_expectation,3,DETERMINISTIC_RH,LEXMMFSA,savings,13,15,1,1.0,0.0,0.0,91.40000000000026,91.40000000000026,0.0,0.0,false,0.0,0.0,0.0,0.0,0.0
shared_battery_mode_node_level_v1,SI-Drahi_100-d2-HOM-UHI-BHI-5a79f02aae,TK-PB-Drahi_100-d2-HOM-UHI-a94fc823b8-r3,SS-75c66aa1cb9f,risk_neutral_expectation,3,DETERMINISTIC_RH,LEXMMFSA,savings,13,16,1,1.0,0.0,0.0,91.40000000000026,91.40000000000026,0.0,0.0,false,0.0,0.0,0.0,0.0,0.0
shared_battery_mode_node_level_v1,SI-Drahi_100-d2-HOM-UHI-BHI-5a79f02aae,TK-PB-Drahi_100-d2-HOM-UHI-a94fc823b8-r3,SS-ba344dd16b2c,risk_neutral_expectation,3,DETERMINISTIC_RH,LEXMMFSA,savings,17,17,1,1.0,0.0,0.0,91.40000000000026,91.40000000000026,0.0,0.0,false,0.0,0.0,0.0,0.0,0.0
shared_battery_mode_node_level_v1,SI-Drahi_100-d2-HOM-UHI-BHI-5a79f02aae,TK-PB-Drahi_100-d2-HOM-UHI-a94fc823b8-r3,SS-ba344dd16b2c,risk_neutral_expectation,3,DETERMINISTIC_RH,LEXMMFSA,savings,17,18,1,1.0,10.371191135734051,0.0,91.40000000000026,101.25263157894761,0.0,0.0,false,0.0,0.0,0.0,0.0,0.0
shared_battery_mode_node_level_v1,SI-Drahi_100-d2-HOM-UHI-BHI-5a79f02aae,TK-PB-Drahi_100-d2-HOM-UHI-a94fc823b8-r3,SS-ba344dd16b2c,risk_neutral_expectation,3,DETERMINISTIC_RH,LEXMMFSA,savings,17,19,1,0.0,0.0,32.00000000000026,101.25263157894761,67.56842105263155,0.0,2.6290081223123707e-13,false,0.0,0.0,0.0,0.0,0.0
shared_battery_mode_node_level_v1,SI-Drahi_100-d2-HOM-UHI-BHI-5a79f02aae,TK-PB-Drahi_100-d2-HOM-UHI-a94fc823b8-r3,SS-ba344dd16b2c,risk_neutral_expectation,3,DETERMINISTIC_RH,LEXMMFSA,savings,17,20,1,0.0,0.0,31.999999999999975,67.56842105263155,33.88421052631578,0.0,0.0,false,0.0,0.0,7.105427357601002e-15,0.0,0.0
shared_battery_mode_node_level_v1,SI-Drahi_100-d2-HOM-UHI-BHI-5a79f02aae,TK-PB-Drahi_100-d2-HOM-UHI-a94fc823b8-r3,SS-7ebaa4bc0fc2,risk_neutral_expectation,3,DETERMINISTIC_RH,LEXMMFSA,savings,21,21,1,1.0,0.0,0.0,33.88421052631578,33.88421052631578,0.0,0.0,false,0.0,0.0,0.0,0.0,0.0
shared_battery_mode_node_level_v1,SI-Drahi_100-d2-HOM-UHI-BHI-5a79f02aae,TK-PB-Drahi_100-d2-HOM-UHI-a94fc823b8-r3,SS-7ebaa4bc0fc2,risk_neutral_expectation,3,DETERMINISTIC_RH,LEXMMFSA,savings,21,22,1,1.0,0.0,0.0,33.88421052631578,33.88421052631578,0.0,0.0,false,0.0,0.0,7.105427357601002e-15,0.0,0.0
shared_battery_mode_node_level_v1,SI-Drahi_100-d2-HOM-UHI-BHI-5a79f02aae,TK-PB-Drahi_100-d2-HOM-UHI-a94fc823b8-r3,SS-7ebaa4bc0fc2,risk_neutral_expectation,3,DETERMINISTIC_RH,LEXMMFSA,savings,21,23,1,0.0,0.0,32.0,33.88421052631578,0.19999999999999574,0.0,0.0,false,0.0,0.0,4.274358644806853e-15,4.274358644806853e-15,0.0
shared_battery_mode_node_level_v1,SI-Drahi_100-d2-HOM-UHI-BHI-5a79f02aae,TK-PB-Drahi_100-d2-HOM-UHI-a94fc823b8-r3,SS-7ebaa4bc0fc2,risk_neutral_expectation,3,DETERMINISTIC_RH,LEXMMFSA,savings,21,24,1,1.0,0.0,0.0,0.19999999999999574,0.19999999999999574,0.0,0.0,false,0.0,0.0,4.274358644806853e-15,4.274358644806853e-15,0.0
shared_battery_mode_node_level_v1,SI-Drahi_100-d2-HOM-UHI-BHI-5a79f02aae,TK-PB-Drahi_100-d2-HOM-UHI-a94fc823b8-r3,SS-b8f4fc76bd1d,risk_neutral_expectation,3,DETERMINISTIC_RH,NONE,none,1,1,1,1.0,0.0,0.0,0.2,0.2,0.0,0.0,false,0.0,0.0,0.0,0.0,0.0
shared_battery_mode_node_level_v1,SI-Drahi_100-d2-HOM-UHI-BHI-5a79f02aae,TK-PB-Drahi_100-d2-HOM-UHI-a94fc823b8-r3,SS-b8f4fc76bd1d,risk_neutral_expectation,3,DETERMINISTIC_RH,NONE,none,1,2,1,1.0,32.0,0.0,0.2,30.599999999999998,0.0,0.0,false,0.0,0.0,0.0,0.0,0.0
shared_battery_mode_node_level_v1,SI-Drahi_100-d2-HOM-UHI-BHI-5a79f02aae,TK-PB-Drahi_100-d2-HOM-UHI-a94fc823b8-r3,SS-b8f4fc76bd1d,risk_neutral_expectation,3,DETERMINISTIC_RH,NONE,none,1,3,1,1.0,0.0,0.0,30.599999999999998,30.599999999999998,0.0,0.0,false,0.0,0.0,0.0,0.0,0.0
shared_battery_mode_node_level_v1,SI-Drahi_100-d2-HOM-UHI-BHI-5a79f02aae,TK-PB-Drahi_100-d2-HOM-UHI-a94fc823b8-r3,SS-b8f4fc76bd1d,risk_neutral_expectation,3,DETERMINISTIC_RH,NONE,none,1,4,1,1.0,0.0,0.0,30.599999999999998,30.599999999999998,0.0,0.0,false,0.0,0.0,0.0,0.0,0.0
shared_battery_mode_node_level_v1,SI-Drahi_100-d2-HOM-UHI-BHI-5a79f02aae,TK-PB-Drahi_100-d2-HOM-UHI-a94fc823b8-r3,SS-0f9d20ee9bb3,risk_neutral_expectation,3,DETERMINISTIC_RH,NONE,none,5,5,1,1.0,0.0,0.0,30.599999999999998,30.599999999999998,0.0,0.0,false,0.0,0.0,0.0,0.0,0.0
shared_battery_mode_node_level_v1,SI-Drahi_100-d2-HOM-UHI-BHI-5a79f02aae,TK-PB-Drahi_100-d2-HOM-UHI-a94fc823b8-r3,SS-0f9d20ee9bb3,risk_neutral_expectation,3,DETERMINISTIC_RH,NONE,none,5,6,1,1.0,32.0,0.0,30.599999999999998,61.0,0.0,0.0,false,0.0,0.0,0.0,0.0,0.0
shared_battery_mode_node_level_v1,SI-Drahi_100-d2-HOM-UHI-BHI-5a79f02aae,TK-PB-Drahi_100-d2-HOM-UHI-a94fc823b8-r3,SS-0f9d20ee9bb3,risk_neutral_expectation,3,DETERMINISTIC_RH,NONE,none,5,7,1,1.0,32.0,0.0,61.0,91.4,0.0,0.0,false,0.0,0.0,0.0,0.0,0.0
shared_battery_mode_node_level_v1,SI-Drahi_100-d2-HOM-UHI-BHI-5a79f02aae,TK-PB-Drahi_100-d2-HOM-UHI-a94fc823b8-r3,SS-0f9d20ee9bb3,risk_neutral_expectation,3,DETERMINISTIC_RH,NONE,none,5,8,1,1.0,0.0,0.0,91.4,91.4,0.0,0.0,false,0.0,0.0,0.0,0.0,0.0
shared_battery_mode_node_level_v1,SI-Drahi_100-d2-HOM-UHI-BHI-5a79f02aae,TK-PB-Drahi_100-d2-HOM-UHI-a94fc823b8-r3,SS-1a86897e8e62,risk_neutral_expectation,3,DETERMINISTIC_RH,NONE,none,9,9,1,1.0,0.0,0.0,91.4,91.4,0.0,0.0,false,0.0,0.0,0.0,0.0,0.0
shared_battery_mode_node_level_v1,SI-Drahi_100-d2-HOM-UHI-BHI-5a79f02aae,TK-PB-Drahi_100-d2-HOM-UHI-a94fc823b8-r3,SS-1a86897e8e62,risk_neutral_expectation,3,DETERMINISTIC_RH,NONE,none,9,10,1,1.0,2.113864638886298e-13,0.0,91.4,91.4000000000002,0.0,0.0,false,0.0,0.0,0.0,0.0,0.0
shared_battery_mode_node_level_v1,SI-Drahi_100-d2-HOM-UHI-BHI-5a79f02aae,TK-PB-Drahi_100-d2-HOM-UHI-a94fc823b8-r3,SS-1a86897e8e62,risk_neutral_expectation,3,DETERMINISTIC_RH,NONE,none,9,11,1,1.0,5.648814749292796e-13,0.0,91.4000000000002,91.40000000000074,0.0,0.0,false,0.0,0.0,0.0,0.0,0.0
shared_battery_mode_node_level_v1,SI-Drahi_100-d2-HOM-UHI-BHI-5a79f02aae,TK-PB-Drahi_100-d2-HOM-UHI-a94fc823b8-r3,SS-1a86897e8e62,risk_neutral_expectation,3,DETERMINISTIC_RH,NONE,none,9,12,1,1.0,-5.062616992290714e-13,0.0,91.40000000000074,91.40000000000026,0.0,0.0,false,0.0,0.0,0.0,0.0,0.0
shared_battery_mode_node_level_v1,SI-Drahi_100-d2-HOM-UHI-BHI-5a79f02aae,TK-PB-Drahi_100-d2-HOM-UHI-a94fc823b8-r3,SS-75c66aa1cb9f,risk_neutral_expectation,3,DETERMINISTIC_RH,NONE,none,13,13,1,1.0,0.0,0.0,91.40000000000026,91.40000000000026,0.0,0.0,false,0.0,0.0,0.0,0.0,0.0
shared_battery_mode_node_level_v1,SI-Drahi_100-d2-HOM-UHI-BHI-5a79f02aae,TK-PB-Drahi_100-d2-HOM-UHI-a94fc823b8-r3,SS-75c66aa1cb9f,risk_neutral_expectation,3,DETERMINISTIC_RH,NONE,none,13,14,1,1.0,0.0,0.0,91.40000000000026,91.40000000000026,0.0,0.0,false,0.0,0.0,0.0,0.0,0.0
shared_battery_mode_node_level_v1,SI-Drahi_100-d2-HOM-UHI-BHI-5a79f02aae,TK-PB-Drahi_100-d2-HOM-UHI-a94fc823b8-r3,SS-75c66aa1cb9f,risk_neutral_expectation,3,DETERMINISTIC_RH,NONE,none,13,15,1,1.0,0.0,0.0,91.40000000000026,91.40000000000026,0.0,0.0,false,0.0,0.0,0.0,0.0,0.0
shared_battery_mode_node_level_v1,SI-Drahi_100-d2-HOM-UHI-BHI-5a79f02aae,TK-PB-Drahi_100-d2-HOM-UHI-a94fc823b8-r3,SS-75c66aa1cb9f,risk_neutral_expectation,3,DETERMINISTIC_RH,NONE,none,13,16,1,1.0,0.0,0.0,91.40000000000026,91.40000000000026,0.0,0.0,false,0.0,0.0,0.0,0.0,0.0
shared_battery_mode_node_level_v1,SI-Drahi_100-d2-HOM-UHI-BHI-5a79f02aae,TK-PB-Drahi_100-d2-HOM-UHI-a94fc823b8-r3,SS-ba344dd16b2c,risk_neutral_expectation,3,DETERMINISTIC_RH,NONE,none,17,17,1,1.0,0.0,0.0,91.40000000000026,91.40000000000026,0.0,0.0,false,0.0,0.0,0.0,0.0,0.0
shared_battery_mode_node_level_v1,SI-Drahi_100-d2-HOM-UHI-BHI-5a79f02aae,TK-PB-Drahi_100-d2-HOM-UHI-a94fc823b8-r3,SS-ba344dd16b2c,risk_neutral_expectation,3,DETERMINISTIC_RH,NONE,none,17,18,1,1.0,10.371191135733781,0.0,91.40000000000026,101.25263157894736,0.0,0.0,false,0.0,0.0,0.0,0.0,0.0
shared_battery_mode_node_level_v1,SI-Drahi_100-d2-HOM-UHI-BHI-5a79f02aae,TK-PB-Drahi_100-d2-HOM-UHI-a94fc823b8-r3,SS-ba344dd16b2c,risk_neutral_expectation,3,DETERMINISTIC_RH,NONE,none,17,19,1,0.0,0.0,32.0,101.25263157894736,67.56842105263158,0.0,0.0,false,0.0,0.0,0.0,0.0,0.0
shared_battery_mode_node_level_v1,SI-Drahi_100-d2-HOM-UHI-BHI-5a79f02aae,TK-PB-Drahi_100-d2-HOM-UHI-a94fc823b8-r3,SS-ba344dd16b2c,risk_neutral_expectation,3,DETERMINISTIC_RH,NONE,none,17,20,1,0.0,0.0,32.0,67.56842105263158,33.88421052631579,0.0,0.0,false,0.0,0.0,0.0,0.0,0.0
shared_battery_mode_node_level_v1,SI-Drahi_100-d2-HOM-UHI-BHI-5a79f02aae,TK-PB-Drahi_100-d2-HOM-UHI-a94fc823b8-r3,SS-7ebaa4bc0fc2,risk_neutral_expectation,3,DETERMINISTIC_RH,NONE,none,21,21,1,1.0,0.0,0.0,33.88421052631579,33.88421052631579,0.0,0.0,false,0.0,0.0,0.0,0.0,0.0
shared_battery_mode_node_level_v1,SI-Drahi_100-d2-HOM-UHI-BHI-5a79f02aae,TK-PB-Drahi_100-d2-HOM-UHI-a94fc823b8-r3,SS-7ebaa4bc0fc2,risk_neutral_expectation,3,DETERMINISTIC_RH,NONE,none,21,22,1,1.0,0.0,0.0,33.88421052631579,33.88421052631579,0.0,0.0,false,0.0,0.0,0.0,0.0,0.0
shared_battery_mode_node_level_v1,SI-Drahi_100-d2-HOM-UHI-BHI-5a79f02aae,TK-PB-Drahi_100-d2-HOM-UHI-a94fc823b8-r3,SS-7ebaa4bc0fc2,risk_neutral_expectation,3,DETERMINISTIC_RH,NONE,none,21,23,1,0.0,0.0,32.0,33.88421052631579,0.20000000000000284,0.0,0.0,false,0.0,0.0,0.0,0.0,0.0
shared_battery_mode_node_level_v1,SI-Drahi_100-d2-HOM-UHI-BHI-5a79f02aae,TK-PB-Drahi_100-d2-HOM-UHI-a94fc823b8-r3,SS-7ebaa4bc0fc2,risk_neutral_expectation,3,DETERMINISTIC_RH,NONE,none,21,24,1,1.0,0.0,0.0,0.20000000000000284,0.20000000000000284,0.0,0.0,false,0.0,0.0,0.0,0.0,0.0
shared_battery_mode_node_level_v1,SI-Drahi_100-d2-HOM-UHI-BHI-5a79f02aae,TK-PB-Drahi_100-d2-HOM-UHI-a94fc823b8-r3,SS-b8f4fc76bd1d,risk_neutral_expectation,3,DETERMINISTIC_RH,PEA,pv,1,1,1,1.0,0.0,0.0,0.2,0.2,0.0,0.0,false,0.0,0.0,0.0,0.0,0.0
shared_battery_mode_node_level_v1,SI-Drahi_100-d2-HOM-UHI-BHI-5a79f02aae,TK-PB-Drahi_100-d2-HOM-UHI-a94fc823b8-r3,SS-b8f4fc76bd1d,risk_neutral_expectation,3,DETERMINISTIC_RH,PEA,pv,1,2,1,1.0,32.0,0.0,0.2,30.599999999999998,0.0,0.0,false,0.0,0.0,0.0,0.0,0.0
shared_battery_mode_node_level_v1,SI-Drahi_100-d2-HOM-UHI-BHI-5a79f02aae,TK-PB-Drahi_100-d2-HOM-UHI-a94fc823b8-r3,SS-b8f4fc76bd1d,risk_neutral_expectation,3,DETERMINISTIC_RH,PEA,pv,1,3,1,1.0,0.0,0.0,30.599999999999998,30.599999999999998,0.0,0.0,false,0.0,0.0,0.0,0.0,0.0
shared_battery_mode_node_level_v1,SI-Drahi_100-d2-HOM-UHI-BHI-5a79f02aae,TK-PB-Drahi_100-d2-HOM-UHI-a94fc823b8-r3,SS-b8f4fc76bd1d,risk_neutral_expectation,3,DETERMINISTIC_RH,PEA,pv,1,4,1,1.0,0.0,0.0,30.599999999999998,30.599999999999998,0.0,0.0,false,0.0,0.0,0.0,0.0,0.0
shared_battery_mode_node_level_v1,SI-Drahi_100-d2-HOM-UHI-BHI-5a79f02aae,TK-PB-Drahi_100-d2-HOM-UHI-a94fc823b8-r3,SS-0f9d20ee9bb3,risk_neutral_expectation,3,DETERMINISTIC_RH,PEA,pv,5,5,1,1.0,0.0,0.0,30.599999999999998,30.599999999999998,0.0,0.0,false,0.0,0.0,0.0,0.0,0.0
shared_battery_mode_node_level_v1,SI-Drahi_100-d2-HOM-UHI-BHI-5a79f02aae,TK-PB-Drahi_100-d2-HOM-UHI-a94fc823b8-r3,SS-0f9d20ee9bb3,risk_neutral_expectation,3,DETERMINISTIC_RH,PEA,pv,5,6,1,1.0,32.0,0.0,30.599999999999998,61.0,0.0,0.0,false,0.0,0.0,0.0,0.0,0.0
shared_battery_mode_node_level_v1,SI-Drahi_100-d2-HOM-UHI-BHI-5a79f02aae,TK-PB-Drahi_100-d2-HOM-UHI-a94fc823b8-r3,SS-0f9d20ee9bb3,risk_neutral_expectation,3,DETERMINISTIC_RH,PEA,pv,5,7,1,1.0,31.999999999999996,0.0,61.0,91.39999999999999,0.0,0.0,false,0.0,0.0,0.0,0.0,0.0
shared_battery_mode_node_level_v1,SI-Drahi_100-d2-HOM-UHI-BHI-5a79f02aae,TK-PB-Drahi_100-d2-HOM-UHI-a94fc823b8-r3,SS-0f9d20ee9bb3,risk_neutral_expectation,3,DETERMINISTIC_RH,PEA,pv,5,8,1,1.0,-3.490541189421492e-13,0.0,91.39999999999999,91.39999999999966,0.0,0.0,false,0.0,0.0,0.0,0.0,0.0
shared_battery_mode_node_level_v1,SI-Drahi_100-d2-HOM-UHI-BHI-5a79f02aae,TK-PB-Drahi_100-d2-HOM-UHI-a94fc823b8-r3,SS-1a86897e8e62,risk_neutral_expectation,3,DETERMINISTIC_RH,PEA,pv,9,9,1,1.0,0.0,0.0,91.39999999999966,91.39999999999966,0.0,0.0,false,0.0,0.0,0.0,0.0,0.0
shared_battery_mode_node_level_v1,SI-Drahi_100-d2-HOM-UHI-BHI-5a79f02aae,TK-PB-Drahi_100-d2-HOM-UHI-a94fc823b8-r3,SS-1a86897e8e62,risk_neutral_expectation,3,DETERMINISTIC_RH,PEA,pv,9,10,1,1.0,0.0,0.0,91.39999999999966,91.39999999999966,0.0,0.0,false,0.0,0.0,0.0,0.0,0.0
shared_battery_mode_node_level_v1,SI-Drahi_100-d2-HOM-UHI-BHI-5a79f02aae,TK-PB-Drahi_100-d2-HOM-UHI-a94fc823b8-r3,SS-1a86897e8e62,risk_neutral_expectation,3,DETERMINISTIC_RH,PEA,pv,9,11,1,1.0,0.0,0.0,91.39999999999966,91.39999999999966,0.0,0.0,false,0.0,0.0,0.0,0.0,0.0
shared_battery_mode_node_level_v1,SI-Drahi_100-d2-HOM-UHI-BHI-5a79f02aae,TK-PB-Drahi_100-d2-HOM-UHI-a94fc823b8-r3,SS-1a86897e8e62,risk_neutral_expectation,3,DETERMINISTIC_RH,PEA,pv,9,12,1,1.0,0.0,0.0,91.39999999999966,91.39999999999966,0.0,0.0,false,0.0,0.0,0.0,0.0,0.0
shared_battery_mode_node_level_v1,SI-Drahi_100-d2-HOM-UHI-BHI-5a79f02aae,TK-PB-Drahi_100-d2-HOM-UHI-a94fc823b8-r3,SS-75c66aa1cb9f,risk_neutral_expectation,3,DETERMINISTIC_RH,PEA,pv,13,13,1,1.0,0.0,0.0,91.39999999999966,91.39999999999966,0.0,0.0,false,0.0,0.0,0.0,0.0,0.0
shared_battery_mode_node_level_v1,SI-Drahi_100-d2-HOM-UHI-BHI-5a79f02aae,TK-PB-Drahi_100-d2-HOM-UHI-a94fc823b8-r3,SS-75c66aa1cb9f,risk_neutral_expectation,3,DETERMINISTIC_RH,PEA,pv,13,14,1,1.0,0.0,0.0,91.39999999999966,91.39999999999966,0.0,0.0,false,0.0,0.0,0.0,0.0,0.0
shared_battery_mode_node_level_v1,SI-Drahi_100-d2-HOM-UHI-BHI-5a79f02aae,TK-PB-Drahi_100-d2-HOM-UHI-a94fc823b8-r3,SS-75c66aa1cb9f,risk_neutral_expectation,3,DETERMINISTIC_RH,PEA,pv,13,15,1,1.0,0.0,0.0,91.39999999999966,91.39999999999966,0.0,0.0,false,0.0,0.0,0.0,0.0,0.0
shared_battery_mode_node_level_v1,SI-Drahi_100-d2-HOM-UHI-BHI-5a79f02aae,TK-PB-Drahi_100-d2-HOM-UHI-a94fc823b8-r3,SS-75c66aa1cb9f,risk_neutral_expectation,3,DETERMINISTIC_RH,PEA,pv,13,16,1,1.0,2.1360690993788012e-13,0.0,91.39999999999966,91.39999999999986,0.0,0.0,false,0.0,0.0,0.0,0.0,0.0
shared_battery_mode_node_level_v1,SI-Drahi_100-d2-HOM-UHI-BHI-5a79f02aae,TK-PB-Drahi_100-d2-HOM-UHI-a94fc823b8-r3,SS-ba344dd16b2c,risk_neutral_expectation,3,DETERMINISTIC_RH,PEA,pv,17,17,1,1.0,0.0,0.0,91.39999999999986,91.39999999999986,0.0,0.0,false,0.0,0.0,0.0,0.0,0.0
shared_battery_mode_node_level_v1,SI-Drahi_100-d2-HOM-UHI-BHI-5a79f02aae,TK-PB-Drahi_100-d2-HOM-UHI-a94fc823b8-r3,SS-ba344dd16b2c,risk_neutral_expectation,3,DETERMINISTIC_RH,PEA,pv,17,18,1,1.0,10.371191135734207,0.0,91.39999999999986,101.25263157894736,0.0,0.0,false,0.0,0.0,0.0,0.0,0.0
shared_battery_mode_node_level_v1,SI-Drahi_100-d2-HOM-UHI-BHI-5a79f02aae,TK-PB-Drahi_100-d2-HOM-UHI-a94fc823b8-r3,SS-ba344dd16b2c,risk_neutral_expectation,3,DETERMINISTIC_RH,PEA,pv,17,19,1,0.0,0.0,32.0,101.25263157894736,67.56842105263158,0.0,0.0,false,0.0,0.0,0.0,0.0,0.0
shared_battery_mode_node_level_v1,SI-Drahi_100-d2-HOM-UHI-BHI-5a79f02aae,TK-PB-Drahi_100-d2-HOM-UHI-a94fc823b8-r3,SS-ba344dd16b2c,risk_neutral_expectation,3,DETERMINISTIC_RH,PEA,pv,17,20,1,0.0,0.0,32.0,67.56842105263158,33.88421052631579,0.0,0.0,false,0.0,0.0,0.0,0.0,0.0
shared_battery_mode_node_level_v1,SI-Drahi_100-d2-HOM-UHI-BHI-5a79f02aae,TK-PB-Drahi_100-d2-HOM-UHI-a94fc823b8-r3,SS-7ebaa4bc0fc2,risk_neutral_expectation,3,DETERMINISTIC_RH,PEA,pv,21,21,1,1.0,0.0,0.0,33.88421052631579,33.88421052631579,0.0,0.0,false,0.0,0.0,0.0,0.0,0.0
shared_battery_mode_node_level_v1,SI-Drahi_100-d2-HOM-UHI-BHI-5a79f02aae,TK-PB-Drahi_100-d2-HOM-UHI-a94fc823b8-r3,SS-7ebaa4bc0fc2,risk_neutral_expectation,3,DETERMINISTIC_RH,PEA,pv,21,22,1,1.0,0.0,0.0,33.88421052631579,33.88421052631579,0.0,0.0,false,0.0,0.0,0.0,0.0,0.0
shared_battery_mode_node_level_v1,SI-Drahi_100-d2-HOM-UHI-BHI-5a79f02aae,TK-PB-Drahi_100-d2-HOM-UHI-a94fc823b8-r3,SS-7ebaa4bc0fc2,risk_neutral_expectation,3,DETERMINISTIC_RH,PEA,pv,21,23,1,0.0,0.0,32.0,33.88421052631579,0.20000000000000284,0.0,0.0,false,0.0,0.0,0.0,0.0,0.0
shared_battery_mode_node_level_v1,SI-Drahi_100-d2-HOM-UHI-BHI-5a79f02aae,TK-PB-Drahi_100-d2-HOM-UHI-a94fc823b8-r3,SS-7ebaa4bc0fc2,risk_neutral_expectation,3,DETERMINISTIC_RH,PEA,pv,21,24,1,1.0,0.0,0.0,0.20000000000000284,0.20000000000000284,0.0,0.0,false,0.0,0.0,0.0,0.0,0.0
shared_battery_mode_node_level_v1,SI-Drahi_100-d2-HOM-UHI-BHI-5a79f02aae,TK-PB-Drahi_100-d2-HOM-UHI-a94fc823b8-r3,SS-b8f4fc76bd1d,risk_neutral_expectation,3,DETERMINISTIC_RH,SA,savings,1,1,1,1.0,0.0,0.0,0.2,0.2,0.0,0.0,false,0.0,0.0,0.0,0.0,0.0
shared_battery_mode_node_level_v1,SI-Drahi_100-d2-HOM-UHI-BHI-5a79f02aae,TK-PB-Drahi_100-d2-HOM-UHI-a94fc823b8-r3,SS-b8f4fc76bd1d,risk_neutral_expectation,3,DETERMINISTIC_RH,SA,savings,1,2,1,1.0,32.0,0.0,0.2,30.599999999999998,0.0,0.0,false,0.0,0.0,0.0,0.0,0.0
shared_battery_mode_node_level_v1,SI-Drahi_100-d2-HOM-UHI-BHI-5a79f02aae,TK-PB-Drahi_100-d2-HOM-UHI-a94fc823b8-r3,SS-b8f4fc76bd1d,risk_neutral_expectation,3,DETERMINISTIC_RH,SA,savings,1,3,1,1.0,0.0,0.0,30.599999999999998,30.599999999999998,0.0,0.0,false,0.0,0.0,0.0,0.0,0.0
shared_battery_mode_node_level_v1,SI-Drahi_100-d2-HOM-UHI-BHI-5a79f02aae,TK-PB-Drahi_100-d2-HOM-UHI-a94fc823b8-r3,SS-b8f4fc76bd1d,risk_neutral_expectation,3,DETERMINISTIC_RH,SA,savings,1,4,1,1.0,0.0,0.0,30.599999999999998,30.599999999999998,0.0,0.0,false,0.0,0.0,0.0,0.0,0.0
shared_battery_mode_node_level_v1,SI-Drahi_100-d2-HOM-UHI-BHI-5a79f02aae,TK-PB-Drahi_100-d2-HOM-UHI-a94fc823b8-r3,SS-0f9d20ee9bb3,risk_neutral_expectation,3,DETERMINISTIC_RH,SA,savings,5,5,1,1.0,0.0,0.0,30.599999999999998,30.599999999999998,0.0,0.0,false,0.0,0.0,0.0,0.0,0.0
shared_battery_mode_node_level_v1,SI-Drahi_100-d2-HOM-UHI-BHI-5a79f02aae,TK-PB-Drahi_100-d2-HOM-UHI-a94fc823b8-r3,SS-0f9d20ee9bb3,risk_neutral_expectation,3,DETERMINISTIC_RH,SA,savings,5,6,1,1.0,32.0,0.0,30.599999999999998,61.0,0.0,0.0,false,0.0,0.0,0.0,0.0,0.0
shared_battery_mode_node_level_v1,SI-Drahi_100-d2-HOM-UHI-BHI-5a79f02aae,TK-PB-Drahi_100-d2-HOM-UHI-a94fc823b8-r3,SS-0f9d20ee9bb3,risk_neutral_expectation,3,DETERMINISTIC_RH,SA,savings,5,7,1,1.0,32.0,0.0,61.0,91.4,0.0,0.0,false,0.0,0.0,0.0,0.0,0.0
shared_battery_mode_node_level_v1,SI-Drahi_100-d2-HOM-UHI-BHI-5a79f02aae,TK-PB-Drahi_100-d2-HOM-UHI-a94fc823b8-r3,SS-0f9d20ee9bb3,risk_neutral_expectation,3,DETERMINISTIC_RH,SA,savings,5,8,1,1.0,0.0,0.0,91.4,91.4,0.0,0.0,false,0.0,0.0,0.0,0.0,0.0
shared_battery_mode_node_level_v1,SI-Drahi_100-d2-HOM-UHI-BHI-5a79f02aae,TK-PB-Drahi_100-d2-HOM-UHI-a94fc823b8-r3,SS-1a86897e8e62,risk_neutral_expectation,3,DETERMINISTIC_RH,SA,savings,9,9,1,1.0,0.0,0.0,91.4,91.4,0.0,0.0,false,0.0,0.0,0.0,0.0,0.0
shared_battery_mode_node_level_v1,SI-Drahi_100-d2-HOM-UHI-BHI-5a79f02aae,TK-PB-Drahi_100-d2-HOM-UHI-a94fc823b8-r3,SS-1a86897e8e62,risk_neutral_expectation,3,DETERMINISTIC_RH,SA,savings,9,10,1,1.0,2.113864638886298e-13,0.0,91.4,91.4000000000002,0.0,0.0,false,0.0,0.0,0.0,0.0,0.0
shared_battery_mode_node_level_v1,SI-Drahi_100-d2-HOM-UHI-BHI-5a79f02aae,TK-PB-Drahi_100-d2-HOM-UHI-a94fc823b8-r3,SS-1a86897e8e62,risk_neutral_expectation,3,DETERMINISTIC_RH,SA,savings,9,11,1,1.0,5.648814749292796e-13,0.0,91.4000000000002,91.40000000000074,0.0,0.0,false,0.0,0.0,0.0,0.0,0.0
shared_battery_mode_node_level_v1,SI-Drahi_100-d2-HOM-UHI-BHI-5a79f02aae,TK-PB-Drahi_100-d2-HOM-UHI-a94fc823b8-r3,SS-1a86897e8e62,risk_neutral_expectation,3,DETERMINISTIC_RH,SA,savings,9,12,1,0.9999999999999842,0.0,5.062616992290714e-13,91.40000000000074,91.4000000000002,0.0,1.7763568394002505e-15,false,0.0,1.5765166949677223e-14,0.0,0.0,0.0
shared_battery_mode_node_level_v1,SI-Drahi_100-d2-HOM-UHI-BHI-5a79f02aae,TK-PB-Drahi_100-d2-HOM-UHI-a94fc823b8-r3,SS-75c66aa1cb9f,risk_neutral_expectation,3,DETERMINISTIC_RH,SA,savings,13,13,1,1.0,0.0,0.0,91.4000000000002,91.4000000000002,0.0,0.0,false,0.0,0.0,0.0,0.0,0.0
shared_battery_mode_node_level_v1,SI-Drahi_100-d2-HOM-UHI-BHI-5a79f02aae,TK-PB-Drahi_100-d2-HOM-UHI-a94fc823b8-r3,SS-75c66aa1cb9f,risk_neutral_expectation,3,DETERMINISTIC_RH,SA,savings,13,14,1,1.0,0.0,0.0,91.4000000000002,91.4000000000002,0.0,0.0,false,0.0,0.0,0.0,0.0,0.0
shared_battery_mode_node_level_v1,SI-Drahi_100-d2-HOM-UHI-BHI-5a79f02aae,TK-PB-Drahi_100-d2-HOM-UHI-a94fc823b8-r3,SS-75c66aa1cb9f,risk_neutral_expectation,3,DETERMINISTIC_RH,SA,savings,13,15,1,1.0,0.0,0.0,91.4000000000002,91.4000000000002,0.0,0.0,false,0.0,0.0,0.0,0.0,0.0
shared_battery_mode_node_level_v1,SI-Drahi_100-d2-HOM-UHI-BHI-5a79f02aae,TK-PB-Drahi_100-d2-HOM-UHI-a94fc823b8-r3,SS-75c66aa1cb9f,risk_neutral_expectation,3,DETERMINISTIC_RH,SA,savings,13,16,1,1.0,0.0,0.0,91.4000000000002,91.4000000000002,0.0,0.0,false,0.0,0.0,0.0,0.0,0.0
shared_battery_mode_node_level_v1,SI-Drahi_100-d2-HOM-UHI-BHI-5a79f02aae,TK-PB-Drahi_100-d2-HOM-UHI-a94fc823b8-r3,SS-ba344dd16b2c,risk_neutral_expectation,3,DETERMINISTIC_RH,SA,savings,17,17,1,1.0,0.0,0.0,91.4000000000002,91.4000000000002,0.0,0.0,false,0.0,0.0,0.0,0.0,0.0
shared_battery_mode_node_level_v1,SI-Drahi_100-d2-HOM-UHI-BHI-5a79f02aae,TK-PB-Drahi_100-d2-HOM-UHI-a94fc823b8-r3,SS-ba344dd16b2c,risk_neutral_expectation,3,DETERMINISTIC_RH,SA,savings,17,18,1,1.0,10.371191135733838,0.0,91.4000000000002,101.25263157894734,0.0,0.0,false,0.0,0.0,0.0,0.0,0.0
shared_battery_mode_node_level_v1,SI-Drahi_100-d2-HOM-UHI-BHI-5a79f02aae,TK-PB-Drahi_100-d2-HOM-UHI-a94fc823b8-r3,SS-ba344dd16b2c,risk_neutral_expectation,3,DETERMINISTIC_RH,SA,savings,17,19,1,0.0,0.0,32.0,101.25263157894734,67.56842105263155,0.0,0.0,false,0.0,0.0,0.0,0.0,0.0
shared_battery_mode_node_level_v1,SI-Drahi_100-d2-HOM-UHI-BHI-5a79f02aae,TK-PB-Drahi_100-d2-HOM-UHI-a94fc823b8-r3,SS-ba344dd16b2c,risk_neutral_expectation,3,DETERMINISTIC_RH,SA,savings,17,20,1,0.0,0.0,31.999999999999993,67.56842105263155,33.88421052631577,0.0,0.0,false,0.0,0.0,2.1316282072803006e-14,0.0,0.0
shared_battery_mode_node_level_v1,SI-Drahi_100-d2-HOM-UHI-BHI-5a79f02aae,TK-PB-Drahi_100-d2-HOM-UHI-a94fc823b8-r3,SS-7ebaa4bc0fc2,risk_neutral_expectation,3,DETERMINISTIC_RH,SA,savings,21,21,1,1.0,0.0,0.0,33.88421052631577,33.88421052631577,0.0,0.0,false,0.0,0.0,0.0,0.0,0.0
shared_battery_mode_node_level_v1,SI-Drahi_100-d2-HOM-UHI-BHI-5a79f02aae,TK-PB-Drahi_100-d2-HOM-UHI-a94fc823b8-r3,SS-7ebaa4bc0fc2,risk_neutral_expectation,3,DETERMINISTIC_RH,SA,savings,21,22,1,1.0,0.0,0.0,33.88421052631577,33.88421052631577,0.0,0.0,false,0.0,0.0,2.1316282072803006e-14,0.0,0.0
shared_battery_mode_node_level_v1,SI-Drahi_100-d2-HOM-UHI-BHI-5a79f02aae,TK-PB-Drahi_100-d2-HOM-UHI-a94fc823b8-r3,SS-7ebaa4bc0fc2,risk_neutral_expectation,3,DETERMINISTIC_RH,SA,savings,21,23,1,0.0,0.0,32.0,33.88421052631577,0.19999999999998153,0.0,0.0,false,0.0,0.0,1.8485213360008856e-14,1.8485213360008856e-14,0.0
shared_battery_mode_node_level_v1,SI-Drahi_100-d2-HOM-UHI-BHI-5a79f02aae,TK-PB-Drahi_100-d2-HOM-UHI-a94fc823b8-r3,SS-7ebaa4bc0fc2,risk_neutral_expectation,3,DETERMINISTIC_RH,SA,savings,21,24,1,1.0,0.0,0.0,0.19999999999998153,0.19999999999998153,0.0,0.0,false,0.0,0.0,1.8485213360008856e-14,1.8485213360008856e-14,0.0
shared_battery_mode_node_level_v1,SI-Drahi_100-d2-HOM-UHI-BHI-5a79f02aae,TK-PB-Drahi_100-d2-HOM-UHI-a94fc823b8-r3,SS-b8f4fc76bd1d,risk_neutral_expectation,3,DETERMINISTIC_RH,STATIC_DEMAND_SHARE,pv,1,1,1,1.0,0.0,0.0,0.2,0.2,0.0,0.0,false,0.0,0.0,0.0,0.0,0.0
shared_battery_mode_node_level_v1,SI-Drahi_100-d2-HOM-UHI-BHI-5a79f02aae,TK-PB-Drahi_100-d2-HOM-UHI-a94fc823b8-r3,SS-b8f4fc76bd1d,risk_neutral_expectation,3,DETERMINISTIC_RH,STATIC_DEMAND_SHARE,pv,1,2,1,1.0,32.0,0.0,0.2,30.599999999999998,0.0,0.0,false,0.0,0.0,0.0,0.0,0.0
shared_battery_mode_node_level_v1,SI-Drahi_100-d2-HOM-UHI-BHI-5a79f02aae,TK-PB-Drahi_100-d2-HOM-UHI-a94fc823b8-r3,SS-b8f4fc76bd1d,risk_neutral_expectation,3,DETERMINISTIC_RH,STATIC_DEMAND_SHARE,pv,1,3,1,1.0,0.0,0.0,30.599999999999998,30.599999999999998,0.0,0.0,false,0.0,0.0,0.0,0.0,0.0
shared_battery_mode_node_level_v1,SI-Drahi_100-d2-HOM-UHI-BHI-5a79f02aae,TK-PB-Drahi_100-d2-HOM-UHI-a94fc823b8-r3,SS-b8f4fc76bd1d,risk_neutral_expectation,3,DETERMINISTIC_RH,STATIC_DEMAND_SHARE,pv,1,4,1,1.0,0.0,0.0,30.599999999999998,30.599999999999998,0.0,0.0,false,0.0,0.0,0.0,0.0,0.0
shared_battery_mode_node_level_v1,SI-Drahi_100-d2-HOM-UHI-BHI-5a79f02aae,TK-PB-Drahi_100-d2-HOM-UHI-a94fc823b8-r3,SS-0f9d20ee9bb3,risk_neutral_expectation,3,DETERMINISTIC_RH,STATIC_DEMAND_SHARE,pv,5,5,1,1.0,0.0,0.0,30.599999999999998,30.599999999999998,0.0,0.0,false,0.0,0.0,0.0,0.0,0.0
shared_battery_mode_node_level_v1,SI-Drahi_100-d2-HOM-UHI-BHI-5a79f02aae,TK-PB-Drahi_100-d2-HOM-UHI-a94fc823b8-r3,SS-0f9d20ee9bb3,risk_neutral_expectation,3,DETERMINISTIC_RH,STATIC_DEMAND_SHARE,pv,5,6,1,1.0,32.0,0.0,30.599999999999998,61.0,0.0,0.0,false,0.0,0.0,0.0,0.0,0.0
shared_battery_mode_node_level_v1,SI-Drahi_100-d2-HOM-UHI-BHI-5a79f02aae,TK-PB-Drahi_100-d2-HOM-UHI-a94fc823b8-r3,SS-0f9d20ee9bb3,risk_neutral_expectation,3,DETERMINISTIC_RH,STATIC_DEMAND_SHARE,pv,5,7,1,1.0,32.0,0.0,61.0,91.4,0.0,0.0,false,0.0,0.0,0.0,0.0,0.0
shared_battery_mode_node_level_v1,SI-Drahi_100-d2-HOM-UHI-BHI-5a79f02aae,TK-PB-Drahi_100-d2-HOM-UHI-a94fc823b8-r3,SS-0f9d20ee9bb3,risk_neutral_expectation,3,DETERMINISTIC_RH,STATIC_DEMAND_SHARE,pv,5,8,1,1.0,0.0,0.0,91.4,91.4,0.0,0.0,false,0.0,0.0,0.0,0.0,0.0
shared_battery_mode_node_level_v1,SI-Drahi_100-d2-HOM-UHI-BHI-5a79f02aae,TK-PB-Drahi_100-d2-HOM-UHI-a94fc823b8-r3,SS-1a86897e8e62,risk_neutral_expectation,3,DETERMINISTIC_RH,STATIC_DEMAND_SHARE,pv,9,9,1,1.0,0.0,0.0,91.4,91.4,0.0,0.0,false,0.0,0.0,0.0,0.0,0.0
shared_battery_mode_node_level_v1,SI-Drahi_100-d2-HOM-UHI-BHI-5a79f02aae,TK-PB-Drahi_100-d2-HOM-UHI-a94fc823b8-r3,SS-1a86897e8e62,risk_neutral_expectation,3,DETERMINISTIC_RH,STATIC_DEMAND_SHARE,pv,9,10,1,1.0,0.0,0.0,91.4,91.4,0.0,0.0,false,0.0,0.0,0.0,0.0,0.0
shared_battery_mode_node_level_v1,SI-Drahi_100-d2-HOM-UHI-BHI-5a79f02aae,TK-PB-Drahi_100-d2-HOM-UHI-a94fc823b8-r3,SS-1a86897e8e62,risk_neutral_expectation,3,DETERMINISTIC_RH,STATIC_DEMAND_SHARE,pv,9,11,1,1.0,5.861977570020827e-13,0.0,91.4,91.40000000000056,0.0,0.0,false,0.0,0.0,0.0,0.0,0.0
shared_battery_mode_node_level_v1,SI-Drahi_100-d2-HOM-UHI-BHI-5a79f02aae,TK-PB-Drahi_100-d2-HOM-UHI-a94fc823b8-r3,SS-1a86897e8e62,risk_neutral_expectation,3,DETERMINISTIC_RH,STATIC_DEMAND_SHARE,pv,9,12,1,1.0,0.0,0.0,91.40000000000056,91.40000000000056,0.0,0.0,false,0.0,0.0,0.0,0.0,0.0
shared_battery_mode_node_level_v1,SI-Drahi_100-d2-HOM-UHI-BHI-5a79f02aae,TK-PB-Drahi_100-d2-HOM-UHI-a94fc823b8-r3,SS-75c66aa1cb9f,risk_neutral_expectation,3,DETERMINISTIC_RH,STATIC_DEMAND_SHARE,pv,13,13,1,1.0,0.0,0.0,91.40000000000056,91.40000000000056,0.0,0.0,false,0.0,0.0,0.0,0.0,0.0
shared_battery_mode_node_level_v1,SI-Drahi_100-d2-HOM-UHI-BHI-5a79f02aae,TK-PB-Drahi_100-d2-HOM-UHI-a94fc823b8-r3,SS-75c66aa1cb9f,risk_neutral_expectation,3,DETERMINISTIC_RH,STATIC_DEMAND_SHARE,pv,13,14,1,1.0,0.0,0.0,91.40000000000056,91.40000000000056,0.0,0.0,false,0.0,0.0,0.0,0.0,0.0
shared_battery_mode_node_level_v1,SI-Drahi_100-d2-HOM-UHI-BHI-5a79f02aae,TK-PB-Drahi_100-d2-HOM-UHI-a94fc823b8-r3,SS-75c66aa1cb9f,risk_neutral_expectation,3,DETERMINISTIC_RH,STATIC_DEMAND_SHARE,pv,13,15,1,1.0,0.0,0.0,91.40000000000056,91.40000000000056,0.0,0.0,false,0.0,0.0,0.0,0.0,0.0
shared_battery_mode_node_level_v1,SI-Drahi_100-d2-HOM-UHI-BHI-5a79f02aae,TK-PB-Drahi_100-d2-HOM-UHI-a94fc823b8-r3,SS-75c66aa1cb9f,risk_neutral_expectation,3,DETERMINISTIC_RH,STATIC_DEMAND_SHARE,pv,13,16,1,1.0,0.0,0.0,91.40000000000056,91.40000000000056,0.0,0.0,false,0.0,0.0,0.0,0.0,0.0
shared_battery_mode_node_level_v1,SI-Drahi_100-d2-HOM-UHI-BHI-5a79f02aae,TK-PB-Drahi_100-d2-HOM-UHI-a94fc823b8-r3,SS-ba344dd16b2c,risk_neutral_expectation,3,DETERMINISTIC_RH,STATIC_DEMAND_SHARE,pv,17,17,1,1.0,0.0,0.0,91.40000000000056,91.40000000000056,0.0,0.0,false,0.0,0.0,0.0,0.0,0.0
shared_battery_mode_node_level_v1,SI-Drahi_100-d2-HOM-UHI-BHI-5a79f02aae,TK-PB-Drahi_100-d2-HOM-UHI-a94fc823b8-r3,SS-ba344dd16b2c,risk_neutral_expectation,3,DETERMINISTIC_RH,STATIC_DEMAND_SHARE,pv,17,18,1,1.0,10.371191135733469,0.0,91.40000000000056,101.25263157894736,0.0,0.0,false,0.0,0.0,0.0,0.0,0.0
shared_battery_mode_node_level_v1,SI-Drahi_100-d2-HOM-UHI-BHI-5a79f02aae,TK-PB-Drahi_100-d2-HOM-UHI-a94fc823b8-r3,SS-ba344dd16b2c,risk_neutral_expectation,3,DETERMINISTIC_RH,STATIC_DEMAND_SHARE,pv,17,19,1,0.0,0.0,32.0,101.25263157894736,67.56842105263158,0.0,0.0,false,0.0,0.0,0.0,0.0,0.0
shared_battery_mode_node_level_v1,SI-Drahi_100-d2-HOM-UHI-BHI-5a79f02aae,TK-PB-Drahi_100-d2-HOM-UHI-a94fc823b8-r3,SS-ba344dd16b2c,risk_neutral_expectation,3,DETERMINISTIC_RH,STATIC_DEMAND_SHARE,pv,17,20,1,0.0,0.0,32.0,67.56842105263158,33.88421052631579,0.0,0.0,false,0.0,0.0,0.0,0.0,0.0
shared_battery_mode_node_level_v1,SI-Drahi_100-d2-HOM-UHI-BHI-5a79f02aae,TK-PB-Drahi_100-d2-HOM-UHI-a94fc823b8-r3,SS-7ebaa4bc0fc2,risk_neutral_expectation,3,DETERMINISTIC_RH,STATIC_DEMAND_SHARE,pv,21,21,1,1.0,0.0,0.0,33.88421052631579,33.88421052631579,0.0,0.0,false,0.0,0.0,0.0,0.0,0.0
shared_battery_mode_node_level_v1,SI-Drahi_100-d2-HOM-UHI-BHI-5a79f02aae,TK-PB-Drahi_100-d2-HOM-UHI-a94fc823b8-r3,SS-7ebaa4bc0fc2,risk_neutral_expectation,3,DETERMINISTIC_RH,STATIC_DEMAND_SHARE,pv,21,22,1,1.0,0.0,0.0,33.88421052631579,33.88421052631579,0.0,0.0,false,0.0,0.0,0.0,0.0,0.0
shared_battery_mode_node_level_v1,SI-Drahi_100-d2-HOM-UHI-BHI-5a79f02aae,TK-PB-Drahi_100-d2-HOM-UHI-a94fc823b8-r3,SS-7ebaa4bc0fc2,risk_neutral_expectation,3,DETERMINISTIC_RH,STATIC_DEMAND_SHARE,pv,21,23,1,0.0,0.0,32.0,33.88421052631579,0.20000000000000284,0.0,0.0,false,0.0,0.0,0.0,0.0,0.0
shared_battery_mode_node_level_v1,SI-Drahi_100-d2-HOM-UHI-BHI-5a79f02aae,TK-PB-Drahi_100-d2-HOM-UHI-a94fc823b8-r3,SS-7ebaa4bc0fc2,risk_neutral_expectation,3,DETERMINISTIC_RH,STATIC_DEMAND_SHARE,pv,21,24,1,1.0,0.0,0.0,0.20000000000000284,0.20000000000000284,0.0,0.0,false,0.0,0.0,0.0,0.0,0.0
shared_battery_mode_node_level_v1,SI-Drahi_100-d2-HOM-UHI-BHI-5a79f02aae,TK-PB-Drahi_100-d2-HOM-UHI-a94fc823b8-r3,SS-b8f4fc76bd1d,risk_neutral_expectation,3,MULTISTAGE_RH,LEXMMFPEA,pv,1,1,1,1.0,0.0,0.0,0.2,0.2,0.0,0.0,false,0.0,0.0,0.0,0.0,0.0
shared_battery_mode_node_level_v1,SI-Drahi_100-d2-HOM-UHI-BHI-5a79f02aae,TK-PB-Drahi_100-d2-HOM-UHI-a94fc823b8-r3,SS-b8f4fc76bd1d,risk_neutral_expectation,3,MULTISTAGE_RH,LEXMMFPEA,pv,1,2,1,1.0,32.0,0.0,0.2,30.599999999999998,0.0,0.0,false,0.0,0.0,0.0,0.0,0.0
shared_battery_mode_node_level_v1,SI-Drahi_100-d2-HOM-UHI-BHI-5a79f02aae,TK-PB-Drahi_100-d2-HOM-UHI-a94fc823b8-r3,SS-b8f4fc76bd1d,risk_neutral_expectation,3,MULTISTAGE_RH,LEXMMFPEA,pv,1,3,1,1.0,0.0,0.0,30.599999999999998,30.599999999999998,0.0,0.0,false,0.0,0.0,0.0,0.0,0.0
shared_battery_mode_node_level_v1,SI-Drahi_100-d2-HOM-UHI-BHI-5a79f02aae,TK-PB-Drahi_100-d2-HOM-UHI-a94fc823b8-r3,SS-b8f4fc76bd1d,risk_neutral_expectation,3,MULTISTAGE_RH,LEXMMFPEA,pv,1,4,1,1.0,0.0,0.0,30.599999999999998,30.599999999999998,0.0,0.0,false,0.0,0.0,0.0,0.0,0.0
shared_battery_mode_node_level_v1,SI-Drahi_100-d2-HOM-UHI-BHI-5a79f02aae,TK-PB-Drahi_100-d2-HOM-UHI-a94fc823b8-r3,SS-0f9d20ee9bb3,risk_neutral_expectation,3,MULTISTAGE_RH,LEXMMFPEA,pv,5,5,1,1.0,0.0,0.0,30.599999999999998,30.599999999999998,0.0,0.0,false,0.0,0.0,0.0,0.0,0.0
shared_battery_mode_node_level_v1,SI-Drahi_100-d2-HOM-UHI-BHI-5a79f02aae,TK-PB-Drahi_100-d2-HOM-UHI-a94fc823b8-r3,SS-0f9d20ee9bb3,risk_neutral_expectation,3,MULTISTAGE_RH,LEXMMFPEA,pv,5,6,1,1.0,32.0,0.0,30.599999999999998,61.0,0.0,0.0,false,0.0,0.0,0.0,0.0,0.0
shared_battery_mode_node_level_v1,SI-Drahi_100-d2-HOM-UHI-BHI-5a79f02aae,TK-PB-Drahi_100-d2-HOM-UHI-a94fc823b8-r3,SS-0f9d20ee9bb3,risk_neutral_expectation,3,MULTISTAGE_RH,LEXMMFPEA,pv,5,7,1,1.0,32.0,0.0,61.0,91.4,0.0,0.0,false,0.0,0.0,1.4210854715202004e-14,0.0,0.0
shared_battery_mode_node_level_v1,SI-Drahi_100-d2-HOM-UHI-BHI-5a79f02aae,TK-PB-Drahi_100-d2-HOM-UHI-a94fc823b8-r3,SS-0f9d20ee9bb3,risk_neutral_expectation,3,MULTISTAGE_RH,LEXMMFPEA,pv,5,8,1,1.0,0.0,0.0,91.4,91.4,0.0,0.0,false,0.0,0.0,1.4210854715202004e-14,0.0,0.0
shared_battery_mode_node_level_v1,SI-Drahi_100-d2-HOM-UHI-BHI-5a79f02aae,TK-PB-Drahi_100-d2-HOM-UHI-a94fc823b8-r3,SS-1a86897e8e62,risk_neutral_expectation,3,MULTISTAGE_RH,LEXMMFPEA,pv,9,9,1,1.0,0.0,0.0,91.4,91.4,0.0,0.0,false,0.0,0.0,0.0,0.0,0.0
shared_battery_mode_node_level_v1,SI-Drahi_100-d2-HOM-UHI-BHI-5a79f02aae,TK-PB-Drahi_100-d2-HOM-UHI-a94fc823b8-r3,SS-1a86897e8e62,risk_neutral_expectation,3,MULTISTAGE_RH,LEXMMFPEA,pv,9,10,1,0.0,0.0,0.0,91.4,91.4,0.0,0.0,false,0.0,0.0,0.0,0.0,0.0
shared_battery_mode_node_level_v1,SI-Drahi_100-d2-HOM-UHI-BHI-5a79f02aae,TK-PB-Drahi_100-d2-HOM-UHI-a94fc823b8-r3,SS-1a86897e8e62,risk_neutral_expectation,3,MULTISTAGE_RH,LEXMMFPEA,pv,9,11,1,1.0,0.0,0.0,91.4,91.4,0.0,0.0,false,0.0,0.0,0.0,0.0,0.0
shared_battery_mode_node_level_v1,SI-Drahi_100-d2-HOM-UHI-BHI-5a79f02aae,TK-PB-Drahi_100-d2-HOM-UHI-a94fc823b8-r3,SS-1a86897e8e62,risk_neutral_expectation,3,MULTISTAGE_RH,LEXMMFPEA,pv,9,12,1,0.0,0.0,0.0,91.4,91.4,0.0,0.0,false,0.0,0.0,0.0,0.0,0.0
shared_battery_mode_node_level_v1,SI-Drahi_100-d2-HOM-UHI-BHI-5a79f02aae,TK-PB-Drahi_100-d2-HOM-UHI-a94fc823b8-r3,SS-75c66aa1cb9f,risk_neutral_expectation,3,MULTISTAGE_RH,LEXMMFPEA,pv,13,13,1,1.0,0.0,0.0,91.4,91.4,0.0,0.0,false,0.0,0.0,0.0,0.0,0.0
shared_battery_mode_node_level_v1,SI-Drahi_100-d2-HOM-UHI-BHI-5a79f02aae,TK-PB-Drahi_100-d2-HOM-UHI-a94fc823b8-r3,SS-75c66aa1cb9f,risk_neutral_expectation,3,MULTISTAGE_RH,LEXMMFPEA,pv,13,14,1,0.0,0.0,0.0,91.4,91.4,0.0,0.0,false,0.0,0.0,0.0,0.0,0.0
shared_battery_mode_node_level_v1,SI-Drahi_100-d2-HOM-UHI-BHI-5a79f02aae,TK-PB-Drahi_100-d2-HOM-UHI-a94fc823b8-r3,SS-75c66aa1cb9f,risk_neutral_expectation,3,MULTISTAGE_RH,LEXMMFPEA,pv,13,15,1,0.0,0.0,0.0,91.4,91.4,0.0,0.0,false,0.0,0.0,0.0,0.0,0.0
shared_battery_mode_node_level_v1,SI-Drahi_100-d2-HOM-UHI-BHI-5a79f02aae,TK-PB-Drahi_100-d2-HOM-UHI-a94fc823b8-r3,SS-75c66aa1cb9f,risk_neutral_expectation,3,MULTISTAGE_RH,LEXMMFPEA,pv,13,16,1,1.0,0.0,0.0,91.4,91.4,0.0,0.0,false,0.0,0.0,0.0,0.0,0.0
shared_battery_mode_node_level_v1,SI-Drahi_100-d2-HOM-UHI-BHI-5a79f02aae,TK-PB-Drahi_100-d2-HOM-UHI-a94fc823b8-r3,SS-ba344dd16b2c,risk_neutral_expectation,3,MULTISTAGE_RH,LEXMMFPEA,pv,17,17,1,0.0,0.0,0.0,91.4,91.4,0.0,0.0,false,0.0,0.0,0.0,0.0,0.0
shared_battery_mode_node_level_v1,SI-Drahi_100-d2-HOM-UHI-BHI-5a79f02aae,TK-PB-Drahi_100-d2-HOM-UHI-a94fc823b8-r3,SS-ba344dd16b2c,risk_neutral_expectation,3,MULTISTAGE_RH,LEXMMFPEA,pv,17,18,1,1.0,10.371191135734051,0.0,91.4,101.25263157894736,0.0,0.0,false,0.0,0.0,0.0,0.0,0.0
shared_battery_mode_node_level_v1,SI-Drahi_100-d2-HOM-UHI-BHI-5a79f02aae,TK-PB-Drahi_100-d2-HOM-UHI-a94fc823b8-r3,SS-ba344dd16b2c,risk_neutral_expectation,3,MULTISTAGE_RH,LEXMMFPEA,pv,17,19,1,0.0,0.0,32.0,101.25263157894736,67.56842105263158,0.0,0.0,false,0.0,0.0,0.0,0.0,0.0
shared_battery_mode_node_level_v1,SI-Drahi_100-d2-HOM-UHI-BHI-5a79f02aae,TK-PB-Drahi_100-d2-HOM-UHI-a94fc823b8-r3,SS-ba344dd16b2c,risk_neutral_expectation,3,MULTISTAGE_RH,LEXMMFPEA,pv,17,20,1,0.0,0.0,32.0,67.56842105263158,33.88421052631579,0.0,0.0,false,0.0,0.0,0.0,0.0,0.0
shared_battery_mode_node_level_v1,SI-Drahi_100-d2-HOM-UHI-BHI-5a79f02aae,TK-PB-Drahi_100-d2-HOM-UHI-a94fc823b8-r3,SS-7ebaa4bc0fc2,risk_neutral_expectation,3,MULTISTAGE_RH,LEXMMFPEA,pv,21,21,1,1.0,0.0,0.0,33.88421052631579,33.88421052631579,0.0,0.0,false,0.0,0.0,0.0,0.0,0.0
shared_battery_mode_node_level_v1,SI-Drahi_100-d2-HOM-UHI-BHI-5a79f02aae,TK-PB-Drahi_100-d2-HOM-UHI-a94fc823b8-r3,SS-7ebaa4bc0fc2,risk_neutral_expectation,3,MULTISTAGE_RH,LEXMMFPEA,pv,21,22,1,0.0,0.0,0.0,33.88421052631579,33.88421052631579,0.0,0.0,false,0.0,0.0,0.0,0.0,0.0
shared_battery_mode_node_level_v1,SI-Drahi_100-d2-HOM-UHI-BHI-5a79f02aae,TK-PB-Drahi_100-d2-HOM-UHI-a94fc823b8-r3,SS-7ebaa4bc0fc2,risk_neutral_expectation,3,MULTISTAGE_RH,LEXMMFPEA,pv,21,23,1,0.0,0.0,32.0,33.88421052631579,0.20000000000000284,0.0,0.0,false,0.0,0.0,2.831068712794149e-15,0.0,0.0
shared_battery_mode_node_level_v1,SI-Drahi_100-d2-HOM-UHI-BHI-5a79f02aae,TK-PB-Drahi_100-d2-HOM-UHI-a94fc823b8-r3,SS-7ebaa4bc0fc2,risk_neutral_expectation,3,MULTISTAGE_RH,LEXMMFPEA,pv,21,24,1,1.0,0.0,0.0,0.20000000000000284,0.20000000000000284,0.0,0.0,false,0.0,0.0,2.831068712794149e-15,0.0,0.0
shared_battery_mode_node_level_v1,SI-Drahi_100-d2-HOM-UHI-BHI-5a79f02aae,TK-PB-Drahi_100-d2-HOM-UHI-a94fc823b8-r3,SS-b8f4fc76bd1d,risk_neutral_expectation,3,MULTISTAGE_RH,LEXMMFSA,savings,1,1,1,1.0,0.0,0.0,0.2,0.2,0.0,0.0,false,0.0,0.0,0.0,0.0,0.0
shared_battery_mode_node_level_v1,SI-Drahi_100-d2-HOM-UHI-BHI-5a79f02aae,TK-PB-Drahi_100-d2-HOM-UHI-a94fc823b8-r3,SS-b8f4fc76bd1d,risk_neutral_expectation,3,MULTISTAGE_RH,LEXMMFSA,savings,1,2,1,1.0,32.000000000000014,0.0,0.2,30.600000000000012,1.4210854715202004e-14,0.0,false,0.0,0.0,3.552713678800501e-15,0.0,0.0
shared_battery_mode_node_level_v1,SI-Drahi_100-d2-HOM-UHI-BHI-5a79f02aae,TK-PB-Drahi_100-d2-HOM-UHI-a94fc823b8-r3,SS-b8f4fc76bd1d,risk_neutral_expectation,3,MULTISTAGE_RH,LEXMMFSA,savings,1,3,1,1.0,0.0,0.0,30.600000000000012,30.600000000000012,0.0,0.0,false,0.0,0.0,3.552713678800501e-15,0.0,0.0
shared_battery_mode_node_level_v1,SI-Drahi_100-d2-HOM-UHI-BHI-5a79f02aae,TK-PB-Drahi_100-d2-HOM-UHI-a94fc823b8-r3,SS-b8f4fc76bd1d,risk_neutral_expectation,3,MULTISTAGE_RH,LEXMMFSA,savings,1,4,1,1.0,0.0,0.0,30.600000000000012,30.600000000000012,0.0,0.0,false,0.0,0.0,3.552713678800501e-15,0.0,0.0
shared_battery_mode_node_level_v1,SI-Drahi_100-d2-HOM-UHI-BHI-5a79f02aae,TK-PB-Drahi_100-d2-HOM-UHI-a94fc823b8-r3,SS-0f9d20ee9bb3,risk_neutral_expectation,3,MULTISTAGE_RH,LEXMMFSA,savings,5,5,1,1.0,0.0,0.0,30.600000000000012,30.600000000000012,0.0,0.0,false,0.0,0.0,0.0,0.0,0.0
shared_battery_mode_node_level_v1,SI-Drahi_100-d2-HOM-UHI-BHI-5a79f02aae,TK-PB-Drahi_100-d2-HOM-UHI-a94fc823b8-r3,SS-0f9d20ee9bb3,risk_neutral_expectation,3,MULTISTAGE_RH,LEXMMFSA,savings,5,6,1,1.0,32.0,0.0,30.600000000000012,61.000000000000014,0.0,0.0,false,0.0,0.0,7.105427357601002e-15,0.0,0.0
shared_battery_mode_node_level_v1,SI-Drahi_100-d2-HOM-UHI-BHI-5a79f02aae,TK-PB-Drahi_100-d2-HOM-UHI-a94fc823b8-r3,SS-0f9d20ee9bb3,risk_neutral_expectation,3,MULTISTAGE_RH,LEXMMFSA,savings,5,7,1,1.0,31.999999999999993,0.0,61.000000000000014,91.4,0.0,0.0,false,0.0,0.0,0.0,0.0,0.0
shared_battery_mode_node_level_v1,SI-Drahi_100-d2-HOM-UHI-BHI-5a79f02aae,TK-PB-Drahi_100-d2-HOM-UHI-a94fc823b8-r3,SS-0f9d20ee9bb3,risk_neutral_expectation,3,MULTISTAGE_RH,LEXMMFSA,savings,5,8,1,1.0,0.0,0.0,91.4,91.4,0.0,0.0,false,0.0,0.0,0.0,0.0,0.0
shared_battery_mode_node_level_v1,SI-Drahi_100-d2-HOM-UHI-BHI-5a79f02aae,TK-PB-Drahi_100-d2-HOM-UHI-a94fc823b8-r3,SS-1a86897e8e62,risk_neutral_expectation,3,MULTISTAGE_RH,LEXMMFSA,savings,9,9,1,1.0,0.0,0.0,91.4,91.4,0.0,0.0,false,0.0,0.0,0.0,0.0,0.0
shared_battery_mode_node_level_v1,SI-Drahi_100-d2-HOM-UHI-BHI-5a79f02aae,TK-PB-Drahi_100-d2-HOM-UHI-a94fc823b8-r3,SS-1a86897e8e62,risk_neutral_expectation,3,MULTISTAGE_RH,LEXMMFSA,savings,9,10,1,1.0,0.0,0.0,91.4,91.4,0.0,0.0,false,0.0,0.0,0.0,0.0,0.0
shared_battery_mode_node_level_v1,SI-Drahi_100-d2-HOM-UHI-BHI-5a79f02aae,TK-PB-Drahi_100-d2-HOM-UHI-a94fc823b8-r3,SS-1a86897e8e62,risk_neutral_expectation,3,MULTISTAGE_RH,LEXMMFSA,savings,9,11,1,1.0,0.0,0.0,91.4,91.4,0.0,0.0,false,0.0,0.0,0.0,0.0,0.0
shared_battery_mode_node_level_v1,SI-Drahi_100-d2-HOM-UHI-BHI-5a79f02aae,TK-PB-Drahi_100-d2-HOM-UHI-a94fc823b8-r3,SS-1a86897e8e62,risk_neutral_expectation,3,MULTISTAGE_RH,LEXMMFSA,savings,9,12,1,1.0,0.0,0.0,91.4,91.4,0.0,0.0,false,0.0,0.0,0.0,0.0,0.0
shared_battery_mode_node_level_v1,SI-Drahi_100-d2-HOM-UHI-BHI-5a79f02aae,TK-PB-Drahi_100-d2-HOM-UHI-a94fc823b8-r3,SS-75c66aa1cb9f,risk_neutral_expectation,3,MULTISTAGE_RH,LEXMMFSA,savings,13,13,1,1.0,0.0,0.0,91.4,91.4,0.0,0.0,false,0.0,0.0,0.0,0.0,0.0
shared_battery_mode_node_level_v1,SI-Drahi_100-d2-HOM-UHI-BHI-5a79f02aae,TK-PB-Drahi_100-d2-HOM-UHI-a94fc823b8-r3,SS-75c66aa1cb9f,risk_neutral_expectation,3,MULTISTAGE_RH,LEXMMFSA,savings,13,14,1,1.0,0.0,0.0,91.4,91.4,0.0,0.0,false,0.0,0.0,0.0,0.0,0.0
shared_battery_mode_node_level_v1,SI-Drahi_100-d2-HOM-UHI-BHI-5a79f02aae,TK-PB-Drahi_100-d2-HOM-UHI-a94fc823b8-r3,SS-75c66aa1cb9f,risk_neutral_expectation,3,MULTISTAGE_RH,LEXMMFSA,savings,13,15,1,1.0,0.0,0.0,91.4,91.4,0.0,0.0,false,0.0,0.0,0.0,0.0,0.0
shared_battery_mode_node_level_v1,SI-Drahi_100-d2-HOM-UHI-BHI-5a79f02aae,TK-PB-Drahi_100-d2-HOM-UHI-a94fc823b8-r3,SS-75c66aa1cb9f,risk_neutral_expectation,3,MULTISTAGE_RH,LEXMMFSA,savings,13,16,1,1.0,0.0,0.0,91.4,91.4,0.0,0.0,false,0.0,0.0,0.0,0.0,0.0
shared_battery_mode_node_level_v1,SI-Drahi_100-d2-HOM-UHI-BHI-5a79f02aae,TK-PB-Drahi_100-d2-HOM-UHI-a94fc823b8-r3,SS-ba344dd16b2c,risk_neutral_expectation,3,MULTISTAGE_RH,LEXMMFSA,savings,17,17,1,1.0,0.0,0.0,91.4,91.4,0.0,0.0,false,0.0,0.0,0.0,0.0,0.0
shared_battery_mode_node_level_v1,SI-Drahi_100-d2-HOM-UHI-BHI-5a79f02aae,TK-PB-Drahi_100-d2-HOM-UHI-a94fc823b8-r3,SS-ba344dd16b2c,risk_neutral_expectation,3,MULTISTAGE_RH,LEXMMFSA,savings,17,18,1,1.0,10.371191135733383,0.0,91.4,101.25263157894672,0.0,0.0,false,0.0,0.0,0.0,0.0,0.0
shared_battery_mode_node_level_v1,SI-Drahi_100-d2-HOM-UHI-BHI-5a79f02aae,TK-PB-Drahi_100-d2-HOM-UHI-a94fc823b8-r3,SS-ba344dd16b2c,risk_neutral_expectation,3,MULTISTAGE_RH,LEXMMFSA,savings,17,19,1,0.0,0.0,31.999999999999492,101.25263157894672,67.56842105263146,0.0,0.0,false,0.0,0.0,1.1368683772161603e-13,0.0,0.0
shared_battery_mode_node_level_v1,SI-Drahi_100-d2-HOM-UHI-BHI-5a79f02aae,TK-PB-Drahi_100-d2-HOM-UHI-a94fc823b8-r3,SS-ba344dd16b2c,risk_neutral_expectation,3,MULTISTAGE_RH,LEXMMFSA,savings,17,20,1,0.0,0.0,32.0,67.56842105263146,33.88421052631568,0.0,0.0,false,0.0,0.0,1.1368683772161603e-13,0.0,0.0
shared_battery_mode_node_level_v1,SI-Drahi_100-d2-HOM-UHI-BHI-5a79f02aae,TK-PB-Drahi_100-d2-HOM-UHI-a94fc823b8-r3,SS-7ebaa4bc0fc2,risk_neutral_expectation,3,MULTISTAGE_RH,LEXMMFSA,savings,21,21,1,1.0,0.0,0.0,33.88421052631568,33.88421052631568,0.0,0.0,false,0.0,0.0,0.0,0.0,0.0
shared_battery_mode_node_level_v1,SI-Drahi_100-d2-HOM-UHI-BHI-5a79f02aae,TK-PB-Drahi_100-d2-HOM-UHI-a94fc823b8-r3,SS-7ebaa4bc0fc2,risk_neutral_expectation,3,MULTISTAGE_RH,LEXMMFSA,savings,21,22,1,1.0,1.1368683772161603e-13,0.0,33.88421052631568,33.88421052631578,0.0,0.0,false,0.0,0.0,0.0,0.0,0.0
shared_battery_mode_node_level_v1,SI-Drahi_100-d2-HOM-UHI-BHI-5a79f02aae,TK-PB-Drahi_100-d2-HOM-UHI-a94fc823b8-r3,SS-7ebaa4bc0fc2,risk_neutral_expectation,3,MULTISTAGE_RH,LEXMMFSA,savings,21,23,1,0.0,0.0,32.0,33.88421052631578,0.19999999999999574,0.0,0.0,false,0.0,0.0,4.274358644806853e-15,4.274358644806853e-15,0.0
shared_battery_mode_node_level_v1,SI-Drahi_100-d2-HOM-UHI-BHI-5a79f02aae,TK-PB-Drahi_100-d2-HOM-UHI-a94fc823b8-r3,SS-7ebaa4bc0fc2,risk_neutral_expectation,3,MULTISTAGE_RH,LEXMMFSA,savings,21,24,1,1.0,0.0,0.0,0.19999999999999574,0.19999999999999574,0.0,0.0,false,0.0,0.0,4.274358644806853e-15,4.274358644806853e-15,0.0
shared_battery_mode_node_level_v1,SI-Drahi_100-d2-HOM-UHI-BHI-5a79f02aae,TK-PB-Drahi_100-d2-HOM-UHI-a94fc823b8-r3,SS-b8f4fc76bd1d,risk_neutral_expectation,3,MULTISTAGE_RH,NONE,none,1,1,1,1.0,0.0,0.0,0.2,0.2,0.0,0.0,false,0.0,0.0,0.0,0.0,0.0
shared_battery_mode_node_level_v1,SI-Drahi_100-d2-HOM-UHI-BHI-5a79f02aae,TK-PB-Drahi_100-d2-HOM-UHI-a94fc823b8-r3,SS-b8f4fc76bd1d,risk_neutral_expectation,3,MULTISTAGE_RH,NONE,none,1,2,1,1.0,32.0,0.0,0.2,30.599999999999998,0.0,0.0,false,0.0,0.0,0.0,0.0,0.0
shared_battery_mode_node_level_v1,SI-Drahi_100-d2-HOM-UHI-BHI-5a79f02aae,TK-PB-Drahi_100-d2-HOM-UHI-a94fc823b8-r3,SS-b8f4fc76bd1d,risk_neutral_expectation,3,MULTISTAGE_RH,NONE,none,1,3,1,1.0,0.0,0.0,30.599999999999998,30.599999999999998,0.0,0.0,false,0.0,0.0,0.0,0.0,0.0
shared_battery_mode_node_level_v1,SI-Drahi_100-d2-HOM-UHI-BHI-5a79f02aae,TK-PB-Drahi_100-d2-HOM-UHI-a94fc823b8-r3,SS-b8f4fc76bd1d,risk_neutral_expectation,3,MULTISTAGE_RH,NONE,none,1,4,1,1.0,0.0,0.0,30.599999999999998,30.599999999999998,0.0,0.0,false,0.0,0.0,0.0,0.0,0.0
shared_battery_mode_node_level_v1,SI-Drahi_100-d2-HOM-UHI-BHI-5a79f02aae,TK-PB-Drahi_100-d2-HOM-UHI-a94fc823b8-r3,SS-0f9d20ee9bb3,risk_neutral_expectation,3,MULTISTAGE_RH,NONE,none,5,5,1,1.0,0.0,0.0,30.599999999999998,30.599999999999998,0.0,0.0,false,0.0,0.0,0.0,0.0,0.0
shared_battery_mode_node_level_v1,SI-Drahi_100-d2-HOM-UHI-BHI-5a79f02aae,TK-PB-Drahi_100-d2-HOM-UHI-a94fc823b8-r3,SS-0f9d20ee9bb3,risk_neutral_expectation,3,MULTISTAGE_RH,NONE,none,5,6,1,1.0,32.0,0.0,30.599999999999998,61.0,0.0,0.0,false,0.0,0.0,0.0,0.0,0.0
shared_battery_mode_node_level_v1,SI-Drahi_100-d2-HOM-UHI-BHI-5a79f02aae,TK-PB-Drahi_100-d2-HOM-UHI-a94fc823b8-r3,SS-0f9d20ee9bb3,risk_neutral_expectation,3,MULTISTAGE_RH,NONE,none,5,7,1,1.0,32.0,0.0,61.0,91.4,0.0,0.0,false,0.0,0.0,0.0,0.0,0.0
shared_battery_mode_node_level_v1,SI-Drahi_100-d2-HOM-UHI-BHI-5a79f02aae,TK-PB-Drahi_100-d2-HOM-UHI-a94fc823b8-r3,SS-0f9d20ee9bb3,risk_neutral_expectation,3,MULTISTAGE_RH,NONE,none,5,8,1,1.0,0.0,0.0,91.4,91.4,0.0,0.0,false,0.0,0.0,0.0,0.0,0.0
shared_battery_mode_node_level_v1,SI-Drahi_100-d2-HOM-UHI-BHI-5a79f02aae,TK-PB-Drahi_100-d2-HOM-UHI-a94fc823b8-r3,SS-1a86897e8e62,risk_neutral_expectation,3,MULTISTAGE_RH,NONE,none,9,9,1,1.0,0.0,0.0,91.4,91.4,0.0,0.0,false,0.0,0.0,0.0,0.0,0.0
shared_battery_mode_node_level_v1,SI-Drahi_100-d2-HOM-UHI-BHI-5a79f02aae,TK-PB-Drahi_100-d2-HOM-UHI-a94fc823b8-r3,SS-1a86897e8e62,risk_neutral_expectation,3,MULTISTAGE_RH,NONE,none,9,10,1,1.0,0.0,0.0,91.4,91.4,0.0,0.0,false,0.0,0.0,0.0,0.0,0.0
shared_battery_mode_node_level_v1,SI-Drahi_100-d2-HOM-UHI-BHI-5a79f02aae,TK-PB-Drahi_100-d2-HOM-UHI-a94fc823b8-r3,SS-1a86897e8e62,risk_neutral_expectation,3,MULTISTAGE_RH,NONE,none,9,11,1,1.0,0.0,0.0,91.4,91.4,0.0,0.0,false,0.0,0.0,0.0,0.0,0.0
shared_battery_mode_node_level_v1,SI-Drahi_100-d2-HOM-UHI-BHI-5a79f02aae,TK-PB-Drahi_100-d2-HOM-UHI-a94fc823b8-r3,SS-1a86897e8e62,risk_neutral_expectation,3,MULTISTAGE_RH,NONE,none,9,12,1,1.0,0.0,0.0,91.4,91.4,0.0,0.0,false,0.0,0.0,0.0,0.0,0.0
shared_battery_mode_node_level_v1,SI-Drahi_100-d2-HOM-UHI-BHI-5a79f02aae,TK-PB-Drahi_100-d2-HOM-UHI-a94fc823b8-r3,SS-75c66aa1cb9f,risk_neutral_expectation,3,MULTISTAGE_RH,NONE,none,13,13,1,1.0,0.0,0.0,91.4,91.4,0.0,0.0,false,0.0,0.0,0.0,0.0,0.0
shared_battery_mode_node_level_v1,SI-Drahi_100-d2-HOM-UHI-BHI-5a79f02aae,TK-PB-Drahi_100-d2-HOM-UHI-a94fc823b8-r3,SS-75c66aa1cb9f,risk_neutral_expectation,3,MULTISTAGE_RH,NONE,none,13,14,1,1.0,0.0,0.0,91.4,91.4,0.0,0.0,false,0.0,0.0,0.0,0.0,0.0
shared_battery_mode_node_level_v1,SI-Drahi_100-d2-HOM-UHI-BHI-5a79f02aae,TK-PB-Drahi_100-d2-HOM-UHI-a94fc823b8-r3,SS-75c66aa1cb9f,risk_neutral_expectation,3,MULTISTAGE_RH,NONE,none,13,15,1,1.0,0.0,0.0,91.4,91.4,0.0,0.0,false,0.0,0.0,0.0,0.0,0.0
shared_battery_mode_node_level_v1,SI-Drahi_100-d2-HOM-UHI-BHI-5a79f02aae,TK-PB-Drahi_100-d2-HOM-UHI-a94fc823b8-r3,SS-75c66aa1cb9f,risk_neutral_expectation,3,MULTISTAGE_RH,NONE,none,13,16,1,1.0,0.0,0.0,91.4,91.4,0.0,0.0,false,0.0,0.0,0.0,0.0,0.0
shared_battery_mode_node_level_v1,SI-Drahi_100-d2-HOM-UHI-BHI-5a79f02aae,TK-PB-Drahi_100-d2-HOM-UHI-a94fc823b8-r3,SS-ba344dd16b2c,risk_neutral_expectation,3,MULTISTAGE_RH,NONE,none,17,17,1,1.0,0.0,0.0,91.4,91.4,0.0,0.0,false,0.0,0.0,0.0,0.0,0.0
shared_battery_mode_node_level_v1,SI-Drahi_100-d2-HOM-UHI-BHI-5a79f02aae,TK-PB-Drahi_100-d2-HOM-UHI-a94fc823b8-r3,SS-ba344dd16b2c,risk_neutral_expectation,3,MULTISTAGE_RH,NONE,none,17,18,1,1.0,10.371191135734051,0.0,91.4,101.25263157894736,0.0,0.0,false,0.0,0.0,0.0,0.0,0.0
shared_battery_mode_node_level_v1,SI-Drahi_100-d2-HOM-UHI-BHI-5a79f02aae,TK-PB-Drahi_100-d2-HOM-UHI-a94fc823b8-r3,SS-ba344dd16b2c,risk_neutral_expectation,3,MULTISTAGE_RH,NONE,none,17,19,1,0.0,0.0,32.0,101.25263157894736,67.56842105263158,0.0,0.0,false,0.0,0.0,0.0,0.0,0.0
shared_battery_mode_node_level_v1,SI-Drahi_100-d2-HOM-UHI-BHI-5a79f02aae,TK-PB-Drahi_100-d2-HOM-UHI-a94fc823b8-r3,SS-ba344dd16b2c,risk_neutral_expectation,3,MULTISTAGE_RH,NONE,none,17,20,1,0.0,0.0,32.0,67.56842105263158,33.88421052631579,0.0,0.0,false,0.0,0.0,0.0,0.0,0.0
shared_battery_mode_node_level_v1,SI-Drahi_100-d2-HOM-UHI-BHI-5a79f02aae,TK-PB-Drahi_100-d2-HOM-UHI-a94fc823b8-r3,SS-7ebaa4bc0fc2,risk_neutral_expectation,3,MULTISTAGE_RH,NONE,none,21,21,1,1.0,0.0,0.0,33.88421052631579,33.88421052631579,0.0,0.0,false,0.0,0.0,0.0,0.0,0.0
shared_battery_mode_node_level_v1,SI-Drahi_100-d2-HOM-UHI-BHI-5a79f02aae,TK-PB-Drahi_100-d2-HOM-UHI-a94fc823b8-r3,SS-7ebaa4bc0fc2,risk_neutral_expectation,3,MULTISTAGE_RH,NONE,none,21,22,1,1.0,0.0,0.0,33.88421052631579,33.88421052631579,0.0,0.0,false,0.0,0.0,0.0,0.0,0.0
shared_battery_mode_node_level_v1,SI-Drahi_100-d2-HOM-UHI-BHI-5a79f02aae,TK-PB-Drahi_100-d2-HOM-UHI-a94fc823b8-r3,SS-7ebaa4bc0fc2,risk_neutral_expectation,3,MULTISTAGE_RH,NONE,none,21,23,1,0.0,0.0,32.0,33.88421052631579,0.20000000000000284,0.0,0.0,false,0.0,0.0,0.0,0.0,0.0
shared_battery_mode_node_level_v1,SI-Drahi_100-d2-HOM-UHI-BHI-5a79f02aae,TK-PB-Drahi_100-d2-HOM-UHI-a94fc823b8-r3,SS-7ebaa4bc0fc2,risk_neutral_expectation,3,MULTISTAGE_RH,NONE,none,21,24,1,1.0,0.0,0.0,0.20000000000000284,0.20000000000000284,0.0,0.0,false,0.0,0.0,0.0,0.0,0.0
shared_battery_mode_node_level_v1,SI-Drahi_100-d2-HOM-UHI-BHI-5a79f02aae,TK-PB-Drahi_100-d2-HOM-UHI-a94fc823b8-r3,SS-b8f4fc76bd1d,risk_neutral_expectation,3,MULTISTAGE_RH,PEA,pv,1,1,1,1.0,0.0,0.0,0.2,0.2,0.0,0.0,false,0.0,0.0,0.0,0.0,0.0
shared_battery_mode_node_level_v1,SI-Drahi_100-d2-HOM-UHI-BHI-5a79f02aae,TK-PB-Drahi_100-d2-HOM-UHI-a94fc823b8-r3,SS-b8f4fc76bd1d,risk_neutral_expectation,3,MULTISTAGE_RH,PEA,pv,1,2,1,1.0,32.0,0.0,0.2,30.599999999999998,0.0,0.0,false,0.0,0.0,0.0,0.0,0.0
shared_battery_mode_node_level_v1,SI-Drahi_100-d2-HOM-UHI-BHI-5a79f02aae,TK-PB-Drahi_100-d2-HOM-UHI-a94fc823b8-r3,SS-b8f4fc76bd1d,risk_neutral_expectation,3,MULTISTAGE_RH,PEA,pv,1,3,1,1.0,0.0,0.0,30.599999999999998,30.599999999999998,0.0,0.0,false,0.0,0.0,0.0,0.0,0.0
shared_battery_mode_node_level_v1,SI-Drahi_100-d2-HOM-UHI-BHI-5a79f02aae,TK-PB-Drahi_100-d2-HOM-UHI-a94fc823b8-r3,SS-b8f4fc76bd1d,risk_neutral_expectation,3,MULTISTAGE_RH,PEA,pv,1,4,1,1.0,0.0,0.0,30.599999999999998,30.599999999999998,0.0,0.0,false,0.0,0.0,0.0,0.0,0.0
shared_battery_mode_node_level_v1,SI-Drahi_100-d2-HOM-UHI-BHI-5a79f02aae,TK-PB-Drahi_100-d2-HOM-UHI-a94fc823b8-r3,SS-0f9d20ee9bb3,risk_neutral_expectation,3,MULTISTAGE_RH,PEA,pv,5,5,1,1.0,0.0,0.0,30.599999999999998,30.599999999999998,0.0,0.0,false,0.0,0.0,0.0,0.0,0.0
shared_battery_mode_node_level_v1,SI-Drahi_100-d2-HOM-UHI-BHI-5a79f02aae,TK-PB-Drahi_100-d2-HOM-UHI-a94fc823b8-r3,SS-0f9d20ee9bb3,risk_neutral_expectation,3,MULTISTAGE_RH,PEA,pv,5,6,1,1.0,32.0,0.0,30.599999999999998,61.0,0.0,0.0,false,0.0,0.0,0.0,0.0,0.0
shared_battery_mode_node_level_v1,SI-Drahi_100-d2-HOM-UHI-BHI-5a79f02aae,TK-PB-Drahi_100-d2-HOM-UHI-a94fc823b8-r3,SS-0f9d20ee9bb3,risk_neutral_expectation,3,MULTISTAGE_RH,PEA,pv,5,7,1,1.0,32.0,0.0,61.0,91.4,0.0,0.0,false,0.0,0.0,1.4210854715202004e-14,0.0,0.0
shared_battery_mode_node_level_v1,SI-Drahi_100-d2-HOM-UHI-BHI-5a79f02aae,TK-PB-Drahi_100-d2-HOM-UHI-a94fc823b8-r3,SS-0f9d20ee9bb3,risk_neutral_expectation,3,MULTISTAGE_RH,PEA,pv,5,8,1,1.0,0.0,0.0,91.4,91.4,0.0,0.0,false,0.0,0.0,1.4210854715202004e-14,0.0,0.0
shared_battery_mode_node_level_v1,SI-Drahi_100-d2-HOM-UHI-BHI-5a79f02aae,TK-PB-Drahi_100-d2-HOM-UHI-a94fc823b8-r3,SS-1a86897e8e62,risk_neutral_expectation,3,MULTISTAGE_RH,PEA,pv,9,9,1,1.0,0.0,0.0,91.4,91.4,0.0,0.0,false,0.0,0.0,0.0,0.0,0.0
shared_battery_mode_node_level_v1,SI-Drahi_100-d2-HOM-UHI-BHI-5a79f02aae,TK-PB-Drahi_100-d2-HOM-UHI-a94fc823b8-r3,SS-1a86897e8e62,risk_neutral_expectation,3,MULTISTAGE_RH,PEA,pv,9,10,1,1.0,0.0,0.0,91.4,91.4,0.0,0.0,false,0.0,0.0,0.0,0.0,0.0
shared_battery_mode_node_level_v1,SI-Drahi_100-d2-HOM-UHI-BHI-5a79f02aae,TK-PB-Drahi_100-d2-HOM-UHI-a94fc823b8-r3,SS-1a86897e8e62,risk_neutral_expectation,3,MULTISTAGE_RH,PEA,pv,9,11,1,1.0,0.0,0.0,91.4,91.4,0.0,0.0,false,0.0,0.0,0.0,0.0,0.0
shared_battery_mode_node_level_v1,SI-Drahi_100-d2-HOM-UHI-BHI-5a79f02aae,TK-PB-Drahi_100-d2-HOM-UHI-a94fc823b8-r3,SS-1a86897e8e62,risk_neutral_expectation,3,MULTISTAGE_RH,PEA,pv,9,12,1,1.0,0.0,0.0,91.4,91.4,0.0,0.0,false,0.0,0.0,0.0,0.0,0.0
shared_battery_mode_node_level_v1,SI-Drahi_100-d2-HOM-UHI-BHI-5a79f02aae,TK-PB-Drahi_100-d2-HOM-UHI-a94fc823b8-r3,SS-75c66aa1cb9f,risk_neutral_expectation,3,MULTISTAGE_RH,PEA,pv,13,13,1,1.0,0.0,0.0,91.4,91.4,0.0,0.0,false,0.0,0.0,0.0,0.0,0.0
shared_battery_mode_node_level_v1,SI-Drahi_100-d2-HOM-UHI-BHI-5a79f02aae,TK-PB-Drahi_100-d2-HOM-UHI-a94fc823b8-r3,SS-75c66aa1cb9f,risk_neutral_expectation,3,MULTISTAGE_RH,PEA,pv,13,14,1,1.0,0.0,0.0,91.4,91.4,0.0,0.0,false,0.0,0.0,0.0,0.0,0.0
shared_battery_mode_node_level_v1,SI-Drahi_100-d2-HOM-UHI-BHI-5a79f02aae,TK-PB-Drahi_100-d2-HOM-UHI-a94fc823b8-r3,SS-75c66aa1cb9f,risk_neutral_expectation,3,MULTISTAGE_RH,PEA,pv,13,15,1,1.0,0.0,0.0,91.4,91.4,0.0,0.0,false,0.0,0.0,0.0,0.0,0.0
shared_battery_mode_node_level_v1,SI-Drahi_100-d2-HOM-UHI-BHI-5a79f02aae,TK-PB-Drahi_100-d2-HOM-UHI-a94fc823b8-r3,SS-75c66aa1cb9f,risk_neutral_expectation,3,MULTISTAGE_RH,PEA,pv,13,16,1,1.0,0.0,0.0,91.4,91.4,0.0,0.0,false,0.0,0.0,0.0,0.0,0.0
shared_battery_mode_node_level_v1,SI-Drahi_100-d2-HOM-UHI-BHI-5a79f02aae,TK-PB-Drahi_100-d2-HOM-UHI-a94fc823b8-r3,SS-ba344dd16b2c,risk_neutral_expectation,3,MULTISTAGE_RH,PEA,pv,17,17,1,1.0,0.0,0.0,91.4,91.4,0.0,0.0,false,0.0,0.0,0.0,0.0,0.0
shared_battery_mode_node_level_v1,SI-Drahi_100-d2-HOM-UHI-BHI-5a79f02aae,TK-PB-Drahi_100-d2-HOM-UHI-a94fc823b8-r3,SS-ba344dd16b2c,risk_neutral_expectation,3,MULTISTAGE_RH,PEA,pv,17,18,1,1.0,10.371191135734051,0.0,91.4,101.25263157894736,0.0,0.0,false,0.0,0.0,0.0,0.0,0.0
shared_battery_mode_node_level_v1,SI-Drahi_100-d2-HOM-UHI-BHI-5a79f02aae,TK-PB-Drahi_100-d2-HOM-UHI-a94fc823b8-r3,SS-ba344dd16b2c,risk_neutral_expectation,3,MULTISTAGE_RH,PEA,pv,17,19,1,0.0,0.0,32.0,101.25263157894736,67.56842105263158,0.0,0.0,false,0.0,0.0,0.0,0.0,0.0
shared_battery_mode_node_level_v1,SI-Drahi_100-d2-HOM-UHI-BHI-5a79f02aae,TK-PB-Drahi_100-d2-HOM-UHI-a94fc823b8-r3,SS-ba344dd16b2c,risk_neutral_expectation,3,MULTISTAGE_RH,PEA,pv,17,20,1,0.0,0.0,32.0,67.56842105263158,33.88421052631579,0.0,0.0,false,0.0,0.0,0.0,0.0,0.0
shared_battery_mode_node_level_v1,SI-Drahi_100-d2-HOM-UHI-BHI-5a79f02aae,TK-PB-Drahi_100-d2-HOM-UHI-a94fc823b8-r3,SS-7ebaa4bc0fc2,risk_neutral_expectation,3,MULTISTAGE_RH,PEA,pv,21,21,1,1.0,0.0,0.0,33.88421052631579,33.88421052631579,0.0,0.0,false,0.0,0.0,0.0,0.0,0.0
shared_battery_mode_node_level_v1,SI-Drahi_100-d2-HOM-UHI-BHI-5a79f02aae,TK-PB-Drahi_100-d2-HOM-UHI-a94fc823b8-r3,SS-7ebaa4bc0fc2,risk_neutral_expectation,3,MULTISTAGE_RH,PEA,pv,21,22,1,1.0,0.0,0.0,33.88421052631579,33.88421052631579,0.0,0.0,false,0.0,0.0,0.0,0.0,0.0
shared_battery_mode_node_level_v1,SI-Drahi_100-d2-HOM-UHI-BHI-5a79f02aae,TK-PB-Drahi_100-d2-HOM-UHI-a94fc823b8-r3,SS-7ebaa4bc0fc2,risk_neutral_expectation,3,MULTISTAGE_RH,PEA,pv,21,23,1,0.0,0.0,32.0,33.88421052631579,0.20000000000000284,0.0,0.0,false,0.0,0.0,2.831068712794149e-15,0.0,0.0
shared_battery_mode_node_level_v1,SI-Drahi_100-d2-HOM-UHI-BHI-5a79f02aae,TK-PB-Drahi_100-d2-HOM-UHI-a94fc823b8-r3,SS-7ebaa4bc0fc2,risk_neutral_expectation,3,MULTISTAGE_RH,PEA,pv,21,24,1,1.0,0.0,0.0,0.20000000000000284,0.20000000000000284,0.0,0.0,false,0.0,0.0,2.831068712794149e-15,0.0,0.0
shared_battery_mode_node_level_v1,SI-Drahi_100-d2-HOM-UHI-BHI-5a79f02aae,TK-PB-Drahi_100-d2-HOM-UHI-a94fc823b8-r3,SS-b8f4fc76bd1d,risk_neutral_expectation,3,MULTISTAGE_RH,SA,savings,1,1,1,1.0,0.0,0.0,0.2,0.2,0.0,0.0,false,0.0,0.0,0.0,0.0,0.0
shared_battery_mode_node_level_v1,SI-Drahi_100-d2-HOM-UHI-BHI-5a79f02aae,TK-PB-Drahi_100-d2-HOM-UHI-a94fc823b8-r3,SS-b8f4fc76bd1d,risk_neutral_expectation,3,MULTISTAGE_RH,SA,savings,1,2,1,1.0,31.999999999999993,0.0,0.2,30.59999999999999,0.0,0.0,false,0.0,0.0,3.552713678800501e-15,0.0,0.0
shared_battery_mode_node_level_v1,SI-Drahi_100-d2-HOM-UHI-BHI-5a79f02aae,TK-PB-Drahi_100-d2-HOM-UHI-a94fc823b8-r3,SS-b8f4fc76bd1d,risk_neutral_expectation,3,MULTISTAGE_RH,SA,savings,1,3,1,1.0,0.0,0.0,30.59999999999999,30.59999999999999,0.0,0.0,false,0.0,0.0,3.552713678800501e-15,0.0,0.0
shared_battery_mode_node_level_v1,SI-Drahi_100-d2-HOM-UHI-BHI-5a79f02aae,TK-PB-Drahi_100-d2-HOM-UHI-a94fc823b8-r3,SS-b8f4fc76bd1d,risk_neutral_expectation,3,MULTISTAGE_RH,SA,savings,1,4,1,1.0,0.0,0.0,30.59999999999999,30.59999999999999,0.0,0.0,false,0.0,0.0,3.552713678800501e-15,0.0,0.0
shared_battery_mode_node_level_v1,SI-Drahi_100-d2-HOM-UHI-BHI-5a79f02aae,TK-PB-Drahi_100-d2-HOM-UHI-a94fc823b8-r3,SS-0f9d20ee9bb3,risk_neutral_expectation,3,MULTISTAGE_RH,SA,savings,5,5,1,1.0,0.0,0.0,30.59999999999999,30.59999999999999,0.0,0.0,false,0.0,0.0,0.0,0.0,0.0
shared_battery_mode_node_level_v1,SI-Drahi_100-d2-HOM-UHI-BHI-5a79f02aae,TK-PB-Drahi_100-d2-HOM-UHI-a94fc823b8-r3,SS-0f9d20ee9bb3,risk_neutral_expectation,3,MULTISTAGE_RH,SA,savings,5,6,1,1.0,31.999999999999993,0.0,30.59999999999999,60.999999999999986,0.0,0.0,false,0.0,0.0,2.1316282072803006e-14,0.0,0.0
shared_battery_mode_node_level_v1,SI-Drahi_100-d2-HOM-UHI-BHI-5a79f02aae,TK-PB-Drahi_100-d2-HOM-UHI-a94fc823b8-r3,SS-0f9d20ee9bb3,risk_neutral_expectation,3,MULTISTAGE_RH,SA,savings,5,7,1,1.0,32.0,0.0,60.999999999999986,91.39999999999998,0.0,0.0,false,0.0,0.0,1.4210854715202004e-14,0.0,0.0
shared_battery_mode_node_level_v1,SI-Drahi_100-d2-HOM-UHI-BHI-5a79f02aae,TK-PB-Drahi_100-d2-HOM-UHI-a94fc823b8-r3,SS-0f9d20ee9bb3,risk_neutral_expectation,3,MULTISTAGE_RH,SA,savings,5,8,1,1.0,0.0,0.0,91.39999999999998,91.39999999999998,0.0,0.0,false,0.0,0.0,1.4210854715202004e-14,0.0,0.0
shared_battery_mode_node_level_v1,SI-Drahi_100-d2-HOM-UHI-BHI-5a79f02aae,TK-PB-Drahi_100-d2-HOM-UHI-a94fc823b8-r3,SS-1a86897e8e62,risk_neutral_expectation,3,MULTISTAGE_RH,SA,savings,9,9,1,1.0,0.0,0.0,91.39999999999998,91.39999999999998,0.0,0.0,false,0.0,0.0,0.0,0.0,0.0
shared_battery_mode_node_level_v1,SI-Drahi_100-d2-HOM-UHI-BHI-5a79f02aae,TK-PB-Drahi_100-d2-HOM-UHI-a94fc823b8-r3,SS-1a86897e8e62,risk_neutral_expectation,3,MULTISTAGE_RH,SA,savings,9,10,1,1.0,0.0,0.0,91.39999999999998,91.39999999999998,0.0,0.0,false,0.0,0.0,0.0,0.0,0.0
shared_battery_mode_node_level_v1,SI-Drahi_100-d2-HOM-UHI-BHI-5a79f02aae,TK-PB-Drahi_100-d2-HOM-UHI-a94fc823b8-r3,SS-1a86897e8e62,risk_neutral_expectation,3,MULTISTAGE_RH,SA,savings,9,11,1,1.0,0.0,0.0,91.39999999999998,91.39999999999998,0.0,0.0,false,0.0,0.0,0.0,0.0,0.0
shared_battery_mode_node_level_v1,SI-Drahi_100-d2-HOM-UHI-BHI-5a79f02aae,TK-PB-Drahi_100-d2-HOM-UHI-a94fc823b8-r3,SS-1a86897e8e62,risk_neutral_expectation,3,MULTISTAGE_RH,SA,savings,9,12,1,1.0,0.0,0.0,91.39999999999998,91.39999999999998,0.0,0.0,false,0.0,0.0,0.0,0.0,0.0
shared_battery_mode_node_level_v1,SI-Drahi_100-d2-HOM-UHI-BHI-5a79f02aae,TK-PB-Drahi_100-d2-HOM-UHI-a94fc823b8-r3,SS-75c66aa1cb9f,risk_neutral_expectation,3,MULTISTAGE_RH,SA,savings,13,13,1,1.0,0.0,0.0,91.39999999999998,91.39999999999998,0.0,0.0,false,0.0,0.0,0.0,0.0,0.0
shared_battery_mode_node_level_v1,SI-Drahi_100-d2-HOM-UHI-BHI-5a79f02aae,TK-PB-Drahi_100-d2-HOM-UHI-a94fc823b8-r3,SS-75c66aa1cb9f,risk_neutral_expectation,3,MULTISTAGE_RH,SA,savings,13,14,1,1.0,0.0,0.0,91.39999999999998,91.39999999999998,0.0,0.0,false,0.0,0.0,0.0,0.0,0.0
shared_battery_mode_node_level_v1,SI-Drahi_100-d2-HOM-UHI-BHI-5a79f02aae,TK-PB-Drahi_100-d2-HOM-UHI-a94fc823b8-r3,SS-75c66aa1cb9f,risk_neutral_expectation,3,MULTISTAGE_RH,SA,savings,13,15,1,1.0,0.0,0.0,91.39999999999998,91.39999999999998,0.0,0.0,false,0.0,0.0,0.0,0.0,0.0
shared_battery_mode_node_level_v1,SI-Drahi_100-d2-HOM-UHI-BHI-5a79f02aae,TK-PB-Drahi_100-d2-HOM-UHI-a94fc823b8-r3,SS-75c66aa1cb9f,risk_neutral_expectation,3,MULTISTAGE_RH,SA,savings,13,16,1,1.0,0.0,0.0,91.39999999999998,91.39999999999998,0.0,0.0,false,0.0,0.0,0.0,0.0,0.0
shared_battery_mode_node_level_v1,SI-Drahi_100-d2-HOM-UHI-BHI-5a79f02aae,TK-PB-Drahi_100-d2-HOM-UHI-a94fc823b8-r3,SS-ba344dd16b2c,risk_neutral_expectation,3,MULTISTAGE_RH,SA,savings,17,17,1,1.0,0.0,0.0,91.39999999999998,91.39999999999998,0.0,0.0,false,0.0,0.0,0.0,0.0,0.0
shared_battery_mode_node_level_v1,SI-Drahi_100-d2-HOM-UHI-BHI-5a79f02aae,TK-PB-Drahi_100-d2-HOM-UHI-a94fc823b8-r3,SS-ba344dd16b2c,risk_neutral_expectation,3,MULTISTAGE_RH,SA,savings,17,18,1,1.0,10.371191135734122,0.0,91.39999999999998,101.25263157894739,0.0,0.0,false,0.0,0.0,0.0,0.0,0.0
shared_battery_mode_node_level_v1,SI-Drahi_100-d2-HOM-UHI-BHI-5a79f02aae,TK-PB-Drahi_100-d2-HOM-UHI-a94fc823b8-r3,SS-ba344dd16b2c,risk_neutral_expectation,3,MULTISTAGE_RH,SA,savings,17,19,1,0.0,0.0,31.99999999999994,101.25263157894739,67.56842105263166,0.0,0.0,false,0.0,0.0,0.0,0.0,0.0
shared_battery_mode_node_level_v1,SI-Drahi_100-d2-HOM-UHI-BHI-5a79f02aae,TK-PB-Drahi_100-d2-HOM-UHI-a94fc823b8-r3,SS-ba344dd16b2c,risk_neutral_expectation,3,MULTISTAGE_RH,SA,savings,17,20,1,0.0,0.0,32.00000000000006,67.56842105263166,33.88421052631581,0.0,5.684341886080802e-14,false,0.0,0.0,2.1316282072803006e-14,0.0,0.0
shared_battery_mode_node_level_v1,SI-Drahi_100-d2-HOM-UHI-BHI-5a79f02aae,TK-PB-Drahi_100-d2-HOM-UHI-a94fc823b8-r3,SS-7ebaa4bc0fc2,risk_neutral_expectation,3,MULTISTAGE_RH,SA,savings,21,21,1,1.0,0.0,0.0,33.88421052631581,33.88421052631581,0.0,0.0,false,0.0,0.0,0.0,0.0,0.0
shared_battery_mode_node_level_v1,SI-Drahi_100-d2-HOM-UHI-BHI-5a79f02aae,TK-PB-Drahi_100-d2-HOM-UHI-a94fc823b8-r3,SS-7ebaa4bc0fc2,risk_neutral_expectation,3,MULTISTAGE_RH,SA,savings,21,22,1,1.0,0.0,0.0,33.88421052631581,33.88421052631581,0.0,0.0,false,0.0,0.0,1.4210854715202004e-14,0.0,0.0
shared_battery_mode_node_level_v1,SI-Drahi_100-d2-HOM-UHI-BHI-5a79f02aae,TK-PB-Drahi_100-d2-HOM-UHI-a94fc823b8-r3,SS-7ebaa4bc0fc2,risk_neutral_expectation,3,MULTISTAGE_RH,SA,savings,21,23,1,0.0,0.0,32.0,33.88421052631581,0.20000000000002416,0.0,0.0,false,0.0,0.0,2.4147350785597155e-14,0.0,0.0
shared_battery_mode_node_level_v1,SI-Drahi_100-d2-HOM-UHI-BHI-5a79f02aae,TK-PB-Drahi_100-d2-HOM-UHI-a94fc823b8-r3,SS-7ebaa4bc0fc2,risk_neutral_expectation,3,MULTISTAGE_RH,SA,savings,21,24,1,1.0,0.0,0.0,0.20000000000002416,0.20000000000002416,0.0,0.0,false,0.0,0.0,2.4147350785597155e-14,0.0,0.0
shared_battery_mode_node_level_v1,SI-Drahi_100-d2-HOM-UHI-BHI-5a79f02aae,TK-PB-Drahi_100-d2-HOM-UHI-a94fc823b8-r3,SS-b8f4fc76bd1d,risk_neutral_expectation,3,MULTISTAGE_RH,STATIC_DEMAND_SHARE,pv,1,1,1,1.0,0.0,0.0,0.2,0.2,0.0,0.0,false,0.0,0.0,0.0,0.0,0.0
shared_battery_mode_node_level_v1,SI-Drahi_100-d2-HOM-UHI-BHI-5a79f02aae,TK-PB-Drahi_100-d2-HOM-UHI-a94fc823b8-r3,SS-b8f4fc76bd1d,risk_neutral_expectation,3,MULTISTAGE_RH,STATIC_DEMAND_SHARE,pv,1,2,1,1.0,32.0,0.0,0.2,30.599999999999998,0.0,0.0,false,0.0,0.0,0.0,0.0,0.0
shared_battery_mode_node_level_v1,SI-Drahi_100-d2-HOM-UHI-BHI-5a79f02aae,TK-PB-Drahi_100-d2-HOM-UHI-a94fc823b8-r3,SS-b8f4fc76bd1d,risk_neutral_expectation,3,MULTISTAGE_RH,STATIC_DEMAND_SHARE,pv,1,3,1,1.0,0.0,0.0,30.599999999999998,30.599999999999998,0.0,0.0,false,0.0,0.0,0.0,0.0,0.0
shared_battery_mode_node_level_v1,SI-Drahi_100-d2-HOM-UHI-BHI-5a79f02aae,TK-PB-Drahi_100-d2-HOM-UHI-a94fc823b8-r3,SS-b8f4fc76bd1d,risk_neutral_expectation,3,MULTISTAGE_RH,STATIC_DEMAND_SHARE,pv,1,4,1,1.0,0.0,0.0,30.599999999999998,30.599999999999998,0.0,0.0,false,0.0,0.0,0.0,0.0,0.0
shared_battery_mode_node_level_v1,SI-Drahi_100-d2-HOM-UHI-BHI-5a79f02aae,TK-PB-Drahi_100-d2-HOM-UHI-a94fc823b8-r3,SS-0f9d20ee9bb3,risk_neutral_expectation,3,MULTISTAGE_RH,STATIC_DEMAND_SHARE,pv,5,5,1,1.0,0.0,0.0,30.599999999999998,30.599999999999998,0.0,0.0,false,0.0,0.0,0.0,0.0,0.0
shared_battery_mode_node_level_v1,SI-Drahi_100-d2-HOM-UHI-BHI-5a79f02aae,TK-PB-Drahi_100-d2-HOM-UHI-a94fc823b8-r3,SS-0f9d20ee9bb3,risk_neutral_expectation,3,MULTISTAGE_RH,STATIC_DEMAND_SHARE,pv,5,6,1,1.0,32.0,0.0,30.599999999999998,61.0,0.0,0.0,false,0.0,0.0,0.0,0.0,0.0
shared_battery_mode_node_level_v1,SI-Drahi_100-d2-HOM-UHI-BHI-5a79f02aae,TK-PB-Drahi_100-d2-HOM-UHI-a94fc823b8-r3,SS-0f9d20ee9bb3,risk_neutral_expectation,3,MULTISTAGE_RH,STATIC_DEMAND_SHARE,pv,5,7,1,1.0,32.0,0.0,61.0,91.4,0.0,0.0,false,0.0,0.0,0.0,0.0,0.0
shared_battery_mode_node_level_v1,SI-Drahi_100-d2-HOM-UHI-BHI-5a79f02aae,TK-PB-Drahi_100-d2-HOM-UHI-a94fc823b8-r3,SS-0f9d20ee9bb3,risk_neutral_expectation,3,MULTISTAGE_RH,STATIC_DEMAND_SHARE,pv,5,8,1,1.0,0.0,0.0,91.4,91.4,0.0,0.0,false,0.0,0.0,0.0,0.0,0.0
shared_battery_mode_node_level_v1,SI-Drahi_100-d2-HOM-UHI-BHI-5a79f02aae,TK-PB-Drahi_100-d2-HOM-UHI-a94fc823b8-r3,SS-1a86897e8e62,risk_neutral_expectation,3,MULTISTAGE_RH,STATIC_DEMAND_SHARE,pv,9,9,1,1.0,0.0,0.0,91.4,91.4,0.0,0.0,false,0.0,0.0,0.0,0.0,0.0
shared_battery_mode_node_level_v1,SI-Drahi_100-d2-HOM-UHI-BHI-5a79f02aae,TK-PB-Drahi_100-d2-HOM-UHI-a94fc823b8-r3,SS-1a86897e8e62,risk_neutral_expectation,3,MULTISTAGE_RH,STATIC_DEMAND_SHARE,pv,9,10,1,1.0,0.0,0.0,91.4,91.4,0.0,0.0,false,0.0,0.0,0.0,0.0,0.0
shared_battery_mode_node_level_v1,SI-Drahi_100-d2-HOM-UHI-BHI-5a79f02aae,TK-PB-Drahi_100-d2-HOM-UHI-a94fc823b8-r3,SS-1a86897e8e62,risk_neutral_expectation,3,MULTISTAGE_RH,STATIC_DEMAND_SHARE,pv,9,11,1,1.0,0.0,0.0,91.4,91.4,0.0,0.0,false,0.0,0.0,0.0,0.0,0.0
shared_battery_mode_node_level_v1,SI-Drahi_100-d2-HOM-UHI-BHI-5a79f02aae,TK-PB-Drahi_100-d2-HOM-UHI-a94fc823b8-r3,SS-1a86897e8e62,risk_neutral_expectation,3,MULTISTAGE_RH,STATIC_DEMAND_SHARE,pv,9,12,1,1.0,0.0,0.0,91.4,91.4,0.0,0.0,false,0.0,0.0,0.0,0.0,0.0
shared_battery_mode_node_level_v1,SI-Drahi_100-d2-HOM-UHI-BHI-5a79f02aae,TK-PB-Drahi_100-d2-HOM-UHI-a94fc823b8-r3,SS-75c66aa1cb9f,risk_neutral_expectation,3,MULTISTAGE_RH,STATIC_DEMAND_SHARE,pv,13,13,1,1.0,0.0,0.0,91.4,91.4,0.0,0.0,false,0.0,0.0,0.0,0.0,0.0
shared_battery_mode_node_level_v1,SI-Drahi_100-d2-HOM-UHI-BHI-5a79f02aae,TK-PB-Drahi_100-d2-HOM-UHI-a94fc823b8-r3,SS-75c66aa1cb9f,risk_neutral_expectation,3,MULTISTAGE_RH,STATIC_DEMAND_SHARE,pv,13,14,1,1.0,0.0,0.0,91.4,91.4,0.0,0.0,false,0.0,0.0,0.0,0.0,0.0
shared_battery_mode_node_level_v1,SI-Drahi_100-d2-HOM-UHI-BHI-5a79f02aae,TK-PB-Drahi_100-d2-HOM-UHI-a94fc823b8-r3,SS-75c66aa1cb9f,risk_neutral_expectation,3,MULTISTAGE_RH,STATIC_DEMAND_SHARE,pv,13,15,1,1.0,0.0,0.0,91.4,91.4,0.0,0.0,false,0.0,0.0,0.0,0.0,0.0
shared_battery_mode_node_level_v1,SI-Drahi_100-d2-HOM-UHI-BHI-5a79f02aae,TK-PB-Drahi_100-d2-HOM-UHI-a94fc823b8-r3,SS-75c66aa1cb9f,risk_neutral_expectation,3,MULTISTAGE_RH,STATIC_DEMAND_SHARE,pv,13,16,1,1.0,0.0,0.0,91.4,91.4,0.0,0.0,false,0.0,0.0,0.0,0.0,0.0
shared_battery_mode_node_level_v1,SI-Drahi_100-d2-HOM-UHI-BHI-5a79f02aae,TK-PB-Drahi_100-d2-HOM-UHI-a94fc823b8-r3,SS-ba344dd16b2c,risk_neutral_expectation,3,MULTISTAGE_RH,STATIC_DEMAND_SHARE,pv,17,17,1,1.0,0.0,0.0,91.4,91.4,0.0,0.0,false,0.0,0.0,0.0,0.0,0.0
shared_battery_mode_node_level_v1,SI-Drahi_100-d2-HOM-UHI-BHI-5a79f02aae,TK-PB-Drahi_100-d2-HOM-UHI-a94fc823b8-r3,SS-ba344dd16b2c,risk_neutral_expectation,3,MULTISTAGE_RH,STATIC_DEMAND_SHARE,pv,17,18,1,1.0,10.371191135734051,0.0,91.4,101.25263157894736,0.0,0.0,false,0.0,0.0,0.0,0.0,0.0
shared_battery_mode_node_level_v1,SI-Drahi_100-d2-HOM-UHI-BHI-5a79f02aae,TK-PB-Drahi_100-d2-HOM-UHI-a94fc823b8-r3,SS-ba344dd16b2c,risk_neutral_expectation,3,MULTISTAGE_RH,STATIC_DEMAND_SHARE,pv,17,19,1,0.0,0.0,32.0,101.25263157894736,67.56842105263158,0.0,0.0,false,0.0,0.0,0.0,0.0,0.0
shared_battery_mode_node_level_v1,SI-Drahi_100-d2-HOM-UHI-BHI-5a79f02aae,TK-PB-Drahi_100-d2-HOM-UHI-a94fc823b8-r3,SS-ba344dd16b2c,risk_neutral_expectation,3,MULTISTAGE_RH,STATIC_DEMAND_SHARE,pv,17,20,1,0.0,0.0,32.0,67.56842105263158,33.88421052631579,0.0,0.0,false,0.0,0.0,0.0,0.0,0.0
shared_battery_mode_node_level_v1,SI-Drahi_100-d2-HOM-UHI-BHI-5a79f02aae,TK-PB-Drahi_100-d2-HOM-UHI-a94fc823b8-r3,SS-7ebaa4bc0fc2,risk_neutral_expectation,3,MULTISTAGE_RH,STATIC_DEMAND_SHARE,pv,21,21,1,1.0,0.0,0.0,33.88421052631579,33.88421052631579,0.0,0.0,false,0.0,0.0,0.0,0.0,0.0
shared_battery_mode_node_level_v1,SI-Drahi_100-d2-HOM-UHI-BHI-5a79f02aae,TK-PB-Drahi_100-d2-HOM-UHI-a94fc823b8-r3,SS-7ebaa4bc0fc2,risk_neutral_expectation,3,MULTISTAGE_RH,STATIC_DEMAND_SHARE,pv,21,22,1,1.0,0.0,0.0,33.88421052631579,33.88421052631579,0.0,0.0,false,0.0,0.0,0.0,0.0,0.0
shared_battery_mode_node_level_v1,SI-Drahi_100-d2-HOM-UHI-BHI-5a79f02aae,TK-PB-Drahi_100-d2-HOM-UHI-a94fc823b8-r3,SS-7ebaa4bc0fc2,risk_neutral_expectation,3,MULTISTAGE_RH,STATIC_DEMAND_SHARE,pv,21,23,1,0.0,0.0,32.0,33.88421052631579,0.20000000000000284,0.0,0.0,false,0.0,0.0,0.0,0.0,0.0
shared_battery_mode_node_level_v1,SI-Drahi_100-d2-HOM-UHI-BHI-5a79f02aae,TK-PB-Drahi_100-d2-HOM-UHI-a94fc823b8-r3,SS-7ebaa4bc0fc2,risk_neutral_expectation,3,MULTISTAGE_RH,STATIC_DEMAND_SHARE,pv,21,24,1,1.0,0.0,0.0,0.20000000000000284,0.20000000000000284,0.0,0.0,false,0.0,0.0,0.0,0.0,0.0
shared_battery_mode_node_level_v1,SI-Drahi_100-d2-HOM-UHI-BHI-5a79f02aae,TK-PB-Drahi_100-d2-HOM-UHI-a94fc823b8-r3,SS-b8f4fc76bd1d,risk_neutral_expectation,3,TWO_STAGE_RH,LEXMMFPEA,pv,1,1,1,1.0,0.0,0.0,0.2,0.2,0.0,0.0,false,0.0,0.0,0.0,0.0,0.0
shared_battery_mode_node_level_v1,SI-Drahi_100-d2-HOM-UHI-BHI-5a79f02aae,TK-PB-Drahi_100-d2-HOM-UHI-a94fc823b8-r3,SS-b8f4fc76bd1d,risk_neutral_expectation,3,TWO_STAGE_RH,LEXMMFPEA,pv,1,2,1,1.0,32.0,0.0,0.2,30.599999999999998,0.0,0.0,false,0.0,0.0,0.0,0.0,0.0
shared_battery_mode_node_level_v1,SI-Drahi_100-d2-HOM-UHI-BHI-5a79f02aae,TK-PB-Drahi_100-d2-HOM-UHI-a94fc823b8-r3,SS-b8f4fc76bd1d,risk_neutral_expectation,3,TWO_STAGE_RH,LEXMMFPEA,pv,1,3,1,1.0,0.0,0.0,30.599999999999998,30.599999999999998,0.0,0.0,false,0.0,0.0,0.0,0.0,0.0
shared_battery_mode_node_level_v1,SI-Drahi_100-d2-HOM-UHI-BHI-5a79f02aae,TK-PB-Drahi_100-d2-HOM-UHI-a94fc823b8-r3,SS-b8f4fc76bd1d,risk_neutral_expectation,3,TWO_STAGE_RH,LEXMMFPEA,pv,1,4,1,1.0,0.0,0.0,30.599999999999998,30.599999999999998,0.0,0.0,false,0.0,0.0,0.0,0.0,0.0
shared_battery_mode_node_level_v1,SI-Drahi_100-d2-HOM-UHI-BHI-5a79f02aae,TK-PB-Drahi_100-d2-HOM-UHI-a94fc823b8-r3,SS-0f9d20ee9bb3,risk_neutral_expectation,3,TWO_STAGE_RH,LEXMMFPEA,pv,5,5,1,1.0,0.0,0.0,30.599999999999998,30.599999999999998,0.0,0.0,false,0.0,0.0,0.0,0.0,0.0
shared_battery_mode_node_level_v1,SI-Drahi_100-d2-HOM-UHI-BHI-5a79f02aae,TK-PB-Drahi_100-d2-HOM-UHI-a94fc823b8-r3,SS-0f9d20ee9bb3,risk_neutral_expectation,3,TWO_STAGE_RH,LEXMMFPEA,pv,5,6,1,1.0,32.0,0.0,30.599999999999998,61.0,0.0,0.0,false,0.0,0.0,0.0,0.0,0.0
shared_battery_mode_node_level_v1,SI-Drahi_100-d2-HOM-UHI-BHI-5a79f02aae,TK-PB-Drahi_100-d2-HOM-UHI-a94fc823b8-r3,SS-0f9d20ee9bb3,risk_neutral_expectation,3,TWO_STAGE_RH,LEXMMFPEA,pv,5,7,1,1.0,32.0,0.0,61.0,91.4,0.0,0.0,false,0.0,0.0,0.0,0.0,0.0
shared_battery_mode_node_level_v1,SI-Drahi_100-d2-HOM-UHI-BHI-5a79f02aae,TK-PB-Drahi_100-d2-HOM-UHI-a94fc823b8-r3,SS-0f9d20ee9bb3,risk_neutral_expectation,3,TWO_STAGE_RH,LEXMMFPEA,pv,5,8,1,1.0,0.0,0.0,91.4,91.4,0.0,0.0,false,0.0,0.0,0.0,0.0,0.0
shared_battery_mode_node_level_v1,SI-Drahi_100-d2-HOM-UHI-BHI-5a79f02aae,TK-PB-Drahi_100-d2-HOM-UHI-a94fc823b8-r3,SS-1a86897e8e62,risk_neutral_expectation,3,TWO_STAGE_RH,LEXMMFPEA,pv,9,9,1,1.0,0.0,0.0,91.4,91.4,0.0,0.0,false,0.0,0.0,0.0,0.0,0.0
shared_battery_mode_node_level_v1,SI-Drahi_100-d2-HOM-UHI-BHI-5a79f02aae,TK-PB-Drahi_100-d2-HOM-UHI-a94fc823b8-r3,SS-1a86897e8e62,risk_neutral_expectation,3,TWO_STAGE_RH,LEXMMFPEA,pv,9,10,1,0.0,0.0,0.0,91.4,91.4,0.0,0.0,false,0.0,0.0,0.0,0.0,0.0
shared_battery_mode_node_level_v1,SI-Drahi_100-d2-HOM-UHI-BHI-5a79f02aae,TK-PB-Drahi_100-d2-HOM-UHI-a94fc823b8-r3,SS-1a86897e8e62,risk_neutral_expectation,3,TWO_STAGE_RH,LEXMMFPEA,pv,9,11,1,0.0,0.0,0.0,91.4,91.4,0.0,0.0,false,0.0,0.0,0.0,0.0,0.0
shared_battery_mode_node_level_v1,SI-Drahi_100-d2-HOM-UHI-BHI-5a79f02aae,TK-PB-Drahi_100-d2-HOM-UHI-a94fc823b8-r3,SS-1a86897e8e62,risk_neutral_expectation,3,TWO_STAGE_RH,LEXMMFPEA,pv,9,12,1,0.0,0.0,0.0,91.4,91.4,0.0,0.0,false,0.0,0.0,0.0,0.0,0.0
shared_battery_mode_node_level_v1,SI-Drahi_100-d2-HOM-UHI-BHI-5a79f02aae,TK-PB-Drahi_100-d2-HOM-UHI-a94fc823b8-r3,SS-75c66aa1cb9f,risk_neutral_expectation,3,TWO_STAGE_RH,LEXMMFPEA,pv,13,13,1,1.0,0.0,0.0,91.4,91.4,0.0,0.0,false,0.0,0.0,0.0,0.0,0.0
shared_battery_mode_node_level_v1,SI-Drahi_100-d2-HOM-UHI-BHI-5a79f02aae,TK-PB-Drahi_100-d2-HOM-UHI-a94fc823b8-r3,SS-75c66aa1cb9f,risk_neutral_expectation,3,TWO_STAGE_RH,LEXMMFPEA,pv,13,14,1,0.0,0.0,0.0,91.4,91.4,0.0,0.0,false,0.0,0.0,0.0,0.0,0.0
shared_battery_mode_node_level_v1,SI-Drahi_100-d2-HOM-UHI-BHI-5a79f02aae,TK-PB-Drahi_100-d2-HOM-UHI-a94fc823b8-r3,SS-75c66aa1cb9f,risk_neutral_expectation,3,TWO_STAGE_RH,LEXMMFPEA,pv,13,15,1,0.0,0.0,0.0,91.4,91.4,0.0,0.0,false,0.0,0.0,0.0,0.0,0.0
shared_battery_mode_node_level_v1,SI-Drahi_100-d2-HOM-UHI-BHI-5a79f02aae,TK-PB-Drahi_100-d2-HOM-UHI-a94fc823b8-r3,SS-75c66aa1cb9f,risk_neutral_expectation,3,TWO_STAGE_RH,LEXMMFPEA,pv,13,16,1,1.0,0.0,0.0,91.4,91.4,0.0,0.0,false,0.0,0.0,0.0,0.0,0.0
shared_battery_mode_node_level_v1,SI-Drahi_100-d2-HOM-UHI-BHI-5a79f02aae,TK-PB-Drahi_100-d2-HOM-UHI-a94fc823b8-r3,SS-ba344dd16b2c,risk_neutral_expectation,3,TWO_STAGE_RH,LEXMMFPEA,pv,17,17,1,0.0,0.0,0.0,91.4,91.4,0.0,0.0,false,0.0,0.0,0.0,0.0,0.0
shared_battery_mode_node_level_v1,SI-Drahi_100-d2-HOM-UHI-BHI-5a79f02aae,TK-PB-Drahi_100-d2-HOM-UHI-a94fc823b8-r3,SS-ba344dd16b2c,risk_neutral_expectation,3,TWO_STAGE_RH,LEXMMFPEA,pv,17,18,1,1.0,10.371191135734051,0.0,91.4,101.25263157894736,0.0,0.0,false,0.0,0.0,0.0,0.0,0.0
shared_battery_mode_node_level_v1,SI-Drahi_100-d2-HOM-UHI-BHI-5a79f02aae,TK-PB-Drahi_100-d2-HOM-UHI-a94fc823b8-r3,SS-ba344dd16b2c,risk_neutral_expectation,3,TWO_STAGE_RH,LEXMMFPEA,pv,17,19,1,0.0,0.0,32.0,101.25263157894736,67.56842105263158,0.0,0.0,false,0.0,0.0,0.0,0.0,0.0
shared_battery_mode_node_level_v1,SI-Drahi_100-d2-HOM-UHI-BHI-5a79f02aae,TK-PB-Drahi_100-d2-HOM-UHI-a94fc823b8-r3,SS-ba344dd16b2c,risk_neutral_expectation,3,TWO_STAGE_RH,LEXMMFPEA,pv,17,20,1,0.0,0.0,32.0,67.56842105263158,33.88421052631579,0.0,0.0,false,0.0,0.0,0.0,0.0,0.0
shared_battery_mode_node_level_v1,SI-Drahi_100-d2-HOM-UHI-BHI-5a79f02aae,TK-PB-Drahi_100-d2-HOM-UHI-a94fc823b8-r3,SS-7ebaa4bc0fc2,risk_neutral_expectation,3,TWO_STAGE_RH,LEXMMFPEA,pv,21,21,1,1.0,0.0,0.0,33.88421052631579,33.88421052631579,0.0,0.0,false,0.0,0.0,0.0,0.0,0.0
shared_battery_mode_node_level_v1,SI-Drahi_100-d2-HOM-UHI-BHI-5a79f02aae,TK-PB-Drahi_100-d2-HOM-UHI-a94fc823b8-r3,SS-7ebaa4bc0fc2,risk_neutral_expectation,3,TWO_STAGE_RH,LEXMMFPEA,pv,21,22,1,0.0,0.0,0.0,33.88421052631579,33.88421052631579,0.0,0.0,false,0.0,0.0,0.0,0.0,0.0
shared_battery_mode_node_level_v1,SI-Drahi_100-d2-HOM-UHI-BHI-5a79f02aae,TK-PB-Drahi_100-d2-HOM-UHI-a94fc823b8-r3,SS-7ebaa4bc0fc2,risk_neutral_expectation,3,TWO_STAGE_RH,LEXMMFPEA,pv,21,23,1,0.0,0.0,32.0,33.88421052631579,0.20000000000000284,0.0,0.0,false,0.0,0.0,2.831068712794149e-15,0.0,0.0
shared_battery_mode_node_level_v1,SI-Drahi_100-d2-HOM-UHI-BHI-5a79f02aae,TK-PB-Drahi_100-d2-HOM-UHI-a94fc823b8-r3,SS-7ebaa4bc0fc2,risk_neutral_expectation,3,TWO_STAGE_RH,LEXMMFPEA,pv,21,24,1,1.0,0.0,0.0,0.20000000000000284,0.20000000000000284,0.0,0.0,false,0.0,0.0,2.831068712794149e-15,0.0,0.0
shared_battery_mode_node_level_v1,SI-Drahi_100-d2-HOM-UHI-BHI-5a79f02aae,TK-PB-Drahi_100-d2-HOM-UHI-a94fc823b8-r3,SS-b8f4fc76bd1d,risk_neutral_expectation,3,TWO_STAGE_RH,LEXMMFSA,savings,1,1,1,1.0,0.0,0.0,0.2,0.2,0.0,0.0,false,0.0,0.0,0.0,0.0,0.0
shared_battery_mode_node_level_v1,SI-Drahi_100-d2-HOM-UHI-BHI-5a79f02aae,TK-PB-Drahi_100-d2-HOM-UHI-a94fc823b8-r3,SS-b8f4fc76bd1d,risk_neutral_expectation,3,TWO_STAGE_RH,LEXMMFSA,savings,1,2,1,1.0,32.0,0.0,0.2,30.599999999999998,0.0,0.0,false,0.0,0.0,3.552713678800501e-15,0.0,0.0
shared_battery_mode_node_level_v1,SI-Drahi_100-d2-HOM-UHI-BHI-5a79f02aae,TK-PB-Drahi_100-d2-HOM-UHI-a94fc823b8-r3,SS-b8f4fc76bd1d,risk_neutral_expectation,3,TWO_STAGE_RH,LEXMMFSA,savings,1,3,1,1.0,0.0,0.0,30.599999999999998,30.599999999999998,0.0,0.0,false,0.0,0.0,3.552713678800501e-15,0.0,0.0
shared_battery_mode_node_level_v1,SI-Drahi_100-d2-HOM-UHI-BHI-5a79f02aae,TK-PB-Drahi_100-d2-HOM-UHI-a94fc823b8-r3,SS-b8f4fc76bd1d,risk_neutral_expectation,3,TWO_STAGE_RH,LEXMMFSA,savings,1,4,1,1.0,0.0,0.0,30.599999999999998,30.599999999999998,0.0,0.0,false,0.0,0.0,3.552713678800501e-15,0.0,0.0
shared_battery_mode_node_level_v1,SI-Drahi_100-d2-HOM-UHI-BHI-5a79f02aae,TK-PB-Drahi_100-d2-HOM-UHI-a94fc823b8-r3,SS-0f9d20ee9bb3,risk_neutral_expectation,3,TWO_STAGE_RH,LEXMMFSA,savings,5,5,1,1.0,0.0,0.0,30.599999999999998,30.599999999999998,0.0,0.0,false,0.0,0.0,0.0,0.0,0.0
shared_battery_mode_node_level_v1,SI-Drahi_100-d2-HOM-UHI-BHI-5a79f02aae,TK-PB-Drahi_100-d2-HOM-UHI-a94fc823b8-r3,SS-0f9d20ee9bb3,risk_neutral_expectation,3,TWO_STAGE_RH,LEXMMFSA,savings,5,6,1,1.0,32.0,0.0,30.599999999999998,61.0,0.0,0.0,false,0.0,0.0,0.0,0.0,0.0
shared_battery_mode_node_level_v1,SI-Drahi_100-d2-HOM-UHI-BHI-5a79f02aae,TK-PB-Drahi_100-d2-HOM-UHI-a94fc823b8-r3,SS-0f9d20ee9bb3,risk_neutral_expectation,3,TWO_STAGE_RH,LEXMMFSA,savings,5,7,1,1.0,32.00000000000001,0.0,61.0,91.4,7.105427357601002e-15,0.0,false,0.0,0.0,1.4210854715202004e-14,0.0,0.0
shared_battery_mode_node_level_v1,SI-Drahi_100-d2-HOM-UHI-BHI-5a79f02aae,TK-PB-Drahi_100-d2-HOM-UHI-a94fc823b8-r3,SS-0f9d20ee9bb3,risk_neutral_expectation,3,TWO_STAGE_RH,LEXMMFSA,savings,5,8,1,1.0,0.0,0.0,91.4,91.4,0.0,0.0,false,0.0,0.0,1.4210854715202004e-14,0.0,0.0
shared_battery_mode_node_level_v1,SI-Drahi_100-d2-HOM-UHI-BHI-5a79f02aae,TK-PB-Drahi_100-d2-HOM-UHI-a94fc823b8-r3,SS-1a86897e8e62,risk_neutral_expectation,3,TWO_STAGE_RH,LEXMMFSA,savings,9,9,1,1.0,0.0,0.0,91.4,91.4,0.0,0.0,false,0.0,0.0,0.0,0.0,0.0
shared_battery_mode_node_level_v1,SI-Drahi_100-d2-HOM-UHI-BHI-5a79f02aae,TK-PB-Drahi_100-d2-HOM-UHI-a94fc823b8-r3,SS-1a86897e8e62,risk_neutral_expectation,3,TWO_STAGE_RH,LEXMMFSA,savings,9,10,1,1.0,0.0,0.0,91.4,91.4,0.0,0.0,false,0.0,0.0,0.0,0.0,0.0
shared_battery_mode_node_level_v1,SI-Drahi_100-d2-HOM-UHI-BHI-5a79f02aae,TK-PB-Drahi_100-d2-HOM-UHI-a94fc823b8-r3,SS-1a86897e8e62,risk_neutral_expectation,3,TWO_STAGE_RH,LEXMMFSA,savings,9,11,1,1.0,0.0,0.0,91.4,91.4,0.0,0.0,false,0.0,0.0,0.0,0.0,0.0
shared_battery_mode_node_level_v1,SI-Drahi_100-d2-HOM-UHI-BHI-5a79f02aae,TK-PB-Drahi_100-d2-HOM-UHI-a94fc823b8-r3,SS-1a86897e8e62,risk_neutral_expectation,3,TWO_STAGE_RH,LEXMMFSA,savings,9,12,1,1.0,0.0,0.0,91.4,91.4,0.0,0.0,false,0.0,0.0,0.0,0.0,0.0
shared_battery_mode_node_level_v1,SI-Drahi_100-d2-HOM-UHI-BHI-5a79f02aae,TK-PB-Drahi_100-d2-HOM-UHI-a94fc823b8-r3,SS-75c66aa1cb9f,risk_neutral_expectation,3,TWO_STAGE_RH,LEXMMFSA,savings,13,13,1,1.0,0.0,0.0,91.4,91.4,0.0,0.0,false,0.0,0.0,0.0,0.0,0.0
shared_battery_mode_node_level_v1,SI-Drahi_100-d2-HOM-UHI-BHI-5a79f02aae,TK-PB-Drahi_100-d2-HOM-UHI-a94fc823b8-r3,SS-75c66aa1cb9f,risk_neutral_expectation,3,TWO_STAGE_RH,LEXMMFSA,savings,13,14,1,1.0,0.0,0.0,91.4,91.4,0.0,0.0,false,0.0,0.0,0.0,0.0,0.0
shared_battery_mode_node_level_v1,SI-Drahi_100-d2-HOM-UHI-BHI-5a79f02aae,TK-PB-Drahi_100-d2-HOM-UHI-a94fc823b8-r3,SS-75c66aa1cb9f,risk_neutral_expectation,3,TWO_STAGE_RH,LEXMMFSA,savings,13,15,1,1.0,0.0,0.0,91.4,91.4,0.0,0.0,false,0.0,0.0,0.0,0.0,0.0
shared_battery_mode_node_level_v1,SI-Drahi_100-d2-HOM-UHI-BHI-5a79f02aae,TK-PB-Drahi_100-d2-HOM-UHI-a94fc823b8-r3,SS-75c66aa1cb9f,risk_neutral_expectation,3,TWO_STAGE_RH,LEXMMFSA,savings,13,16,1,1.0,0.0,0.0,91.4,91.4,0.0,0.0,false,0.0,0.0,0.0,0.0,0.0
shared_battery_mode_node_level_v1,SI-Drahi_100-d2-HOM-UHI-BHI-5a79f02aae,TK-PB-Drahi_100-d2-HOM-UHI-a94fc823b8-r3,SS-ba344dd16b2c,risk_neutral_expectation,3,TWO_STAGE_RH,LEXMMFSA,savings,17,17,1,1.0,0.0,0.0,91.4,91.4,0.0,0.0,false,0.0,0.0,0.0,0.0,0.0
shared_battery_mode_node_level_v1,SI-Drahi_100-d2-HOM-UHI-BHI-5a79f02aae,TK-PB-Drahi_100-d2-HOM-UHI-a94fc823b8-r3,SS-ba344dd16b2c,risk_neutral_expectation,3,TWO_STAGE_RH,LEXMMFSA,savings,17,18,1,1.0,10.37119113573408,0.0,91.4,101.25263157894739,0.0,0.0,false,0.0,0.0,0.0,0.0,0.0
shared_battery_mode_node_level_v1,SI-Drahi_100-d2-HOM-UHI-BHI-5a79f02aae,TK-PB-Drahi_100-d2-HOM-UHI-a94fc823b8-r3,SS-ba344dd16b2c,risk_neutral_expectation,3,TWO_STAGE_RH,LEXMMFSA,savings,17,19,1,0.0,0.0,32.0,101.25263157894739,67.5684210526316,0.0,0.0,false,0.0,0.0,0.0,0.0,0.0
shared_battery_mode_node_level_v1,SI-Drahi_100-d2-HOM-UHI-BHI-5a79f02aae,TK-PB-Drahi_100-d2-HOM-UHI-a94fc823b8-r3,SS-ba344dd16b2c,risk_neutral_expectation,3,TWO_STAGE_RH,LEXMMFSA,savings,17,20,1,0.0,0.0,32.00000000000003,67.5684210526316,33.88421052631578,0.0,2.842170943040401e-14,false,0.0,0.0,7.105427357601002e-15,0.0,0.0
shared_battery_mode_node_level_v1,SI-Drahi_100-d2-HOM-UHI-BHI-5a79f02aae,TK-PB-Drahi_100-d2-HOM-UHI-a94fc823b8-r3,SS-7ebaa4bc0fc2,risk_neutral_expectation,3,TWO_STAGE_RH,LEXMMFSA,savings,21,21,1,1.0,0.0,0.0,33.88421052631578,33.88421052631578,0.0,0.0,false,0.0,0.0,0.0,0.0,0.0
shared_battery_mode_node_level_v1,SI-Drahi_100-d2-HOM-UHI-BHI-5a79f02aae,TK-PB-Drahi_100-d2-HOM-UHI-a94fc823b8-r3,SS-7ebaa4bc0fc2,risk_neutral_expectation,3,TWO_STAGE_RH,LEXMMFSA,savings,21,22,1,1.0,0.0,0.0,33.88421052631578,33.88421052631578,0.0,0.0,false,0.0,0.0,0.0,0.0,0.0
shared_battery_mode_node_level_v1,SI-Drahi_100-d2-HOM-UHI-BHI-5a79f02aae,TK-PB-Drahi_100-d2-HOM-UHI-a94fc823b8-r3,SS-7ebaa4bc0fc2,risk_neutral_expectation,3,TWO_STAGE_RH,LEXMMFSA,savings,21,23,1,0.0,0.0,32.0,33.88421052631578,0.19999999999999574,0.0,0.0,false,0.0,0.0,0.0,4.274358644806853e-15,0.0
shared_battery_mode_node_level_v1,SI-Drahi_100-d2-HOM-UHI-BHI-5a79f02aae,TK-PB-Drahi_100-d2-HOM-UHI-a94fc823b8-r3,SS-7ebaa4bc0fc2,risk_neutral_expectation,3,TWO_STAGE_RH,LEXMMFSA,savings,21,24,1,1.0,0.0,0.0,0.19999999999999574,0.19999999999999574,0.0,0.0,false,0.0,0.0,4.274358644806853e-15,4.274358644806853e-15,0.0
shared_battery_mode_node_level_v1,SI-Drahi_100-d2-HOM-UHI-BHI-5a79f02aae,TK-PB-Drahi_100-d2-HOM-UHI-a94fc823b8-r3,SS-b8f4fc76bd1d,risk_neutral_expectation,3,TWO_STAGE_RH,NONE,none,1,1,1,1.0,0.0,0.0,0.2,0.2,0.0,0.0,false,0.0,0.0,0.0,0.0,0.0
shared_battery_mode_node_level_v1,SI-Drahi_100-d2-HOM-UHI-BHI-5a79f02aae,TK-PB-Drahi_100-d2-HOM-UHI-a94fc823b8-r3,SS-b8f4fc76bd1d,risk_neutral_expectation,3,TWO_STAGE_RH,NONE,none,1,2,1,1.0,32.0,0.0,0.2,30.599999999999998,0.0,0.0,false,0.0,0.0,0.0,0.0,0.0
shared_battery_mode_node_level_v1,SI-Drahi_100-d2-HOM-UHI-BHI-5a79f02aae,TK-PB-Drahi_100-d2-HOM-UHI-a94fc823b8-r3,SS-b8f4fc76bd1d,risk_neutral_expectation,3,TWO_STAGE_RH,NONE,none,1,3,1,1.0,0.0,0.0,30.599999999999998,30.599999999999998,0.0,0.0,false,0.0,0.0,0.0,0.0,0.0
shared_battery_mode_node_level_v1,SI-Drahi_100-d2-HOM-UHI-BHI-5a79f02aae,TK-PB-Drahi_100-d2-HOM-UHI-a94fc823b8-r3,SS-b8f4fc76bd1d,risk_neutral_expectation,3,TWO_STAGE_RH,NONE,none,1,4,1,1.0,0.0,0.0,30.599999999999998,30.599999999999998,0.0,0.0,false,0.0,0.0,0.0,0.0,0.0
shared_battery_mode_node_level_v1,SI-Drahi_100-d2-HOM-UHI-BHI-5a79f02aae,TK-PB-Drahi_100-d2-HOM-UHI-a94fc823b8-r3,SS-0f9d20ee9bb3,risk_neutral_expectation,3,TWO_STAGE_RH,NONE,none,5,5,1,1.0,0.0,0.0,30.599999999999998,30.599999999999998,0.0,0.0,false,0.0,0.0,0.0,0.0,0.0
shared_battery_mode_node_level_v1,SI-Drahi_100-d2-HOM-UHI-BHI-5a79f02aae,TK-PB-Drahi_100-d2-HOM-UHI-a94fc823b8-r3,SS-0f9d20ee9bb3,risk_neutral_expectation,3,TWO_STAGE_RH,NONE,none,5,6,1,1.0,32.0,0.0,30.599999999999998,61.0,0.0,0.0,false,0.0,0.0,0.0,0.0,0.0
shared_battery_mode_node_level_v1,SI-Drahi_100-d2-HOM-UHI-BHI-5a79f02aae,TK-PB-Drahi_100-d2-HOM-UHI-a94fc823b8-r3,SS-0f9d20ee9bb3,risk_neutral_expectation,3,TWO_STAGE_RH,NONE,none,5,7,1,1.0,32.0,0.0,61.0,91.4,0.0,0.0,false,0.0,0.0,0.0,0.0,0.0
shared_battery_mode_node_level_v1,SI-Drahi_100-d2-HOM-UHI-BHI-5a79f02aae,TK-PB-Drahi_100-d2-HOM-UHI-a94fc823b8-r3,SS-0f9d20ee9bb3,risk_neutral_expectation,3,TWO_STAGE_RH,NONE,none,5,8,1,1.0,0.0,0.0,91.4,91.4,0.0,0.0,false,0.0,0.0,0.0,0.0,0.0
shared_battery_mode_node_level_v1,SI-Drahi_100-d2-HOM-UHI-BHI-5a79f02aae,TK-PB-Drahi_100-d2-HOM-UHI-a94fc823b8-r3,SS-1a86897e8e62,risk_neutral_expectation,3,TWO_STAGE_RH,NONE,none,9,9,1,1.0,0.0,0.0,91.4,91.4,0.0,0.0,false,0.0,0.0,0.0,0.0,0.0
shared_battery_mode_node_level_v1,SI-Drahi_100-d2-HOM-UHI-BHI-5a79f02aae,TK-PB-Drahi_100-d2-HOM-UHI-a94fc823b8-r3,SS-1a86897e8e62,risk_neutral_expectation,3,TWO_STAGE_RH,NONE,none,9,10,1,1.0,0.0,0.0,91.4,91.4,0.0,0.0,false,0.0,0.0,0.0,0.0,0.0
shared_battery_mode_node_level_v1,SI-Drahi_100-d2-HOM-UHI-BHI-5a79f02aae,TK-PB-Drahi_100-d2-HOM-UHI-a94fc823b8-r3,SS-1a86897e8e62,risk_neutral_expectation,3,TWO_STAGE_RH,NONE,none,9,11,1,1.0,0.0,0.0,91.4,91.4,0.0,0.0,false,0.0,0.0,0.0,0.0,0.0
shared_battery_mode_node_level_v1,SI-Drahi_100-d2-HOM-UHI-BHI-5a79f02aae,TK-PB-Drahi_100-d2-HOM-UHI-a94fc823b8-r3,SS-1a86897e8e62,risk_neutral_expectation,3,TWO_STAGE_RH,NONE,none,9,12,1,1.0,0.0,0.0,91.4,91.4,0.0,0.0,false,0.0,0.0,0.0,0.0,0.0
shared_battery_mode_node_level_v1,SI-Drahi_100-d2-HOM-UHI-BHI-5a79f02aae,TK-PB-Drahi_100-d2-HOM-UHI-a94fc823b8-r3,SS-75c66aa1cb9f,risk_neutral_expectation,3,TWO_STAGE_RH,NONE,none,13,13,1,1.0,0.0,0.0,91.4,91.4,0.0,0.0,false,0.0,0.0,0.0,0.0,0.0
shared_battery_mode_node_level_v1,SI-Drahi_100-d2-HOM-UHI-BHI-5a79f02aae,TK-PB-Drahi_100-d2-HOM-UHI-a94fc823b8-r3,SS-75c66aa1cb9f,risk_neutral_expectation,3,TWO_STAGE_RH,NONE,none,13,14,1,1.0,0.0,0.0,91.4,91.4,0.0,0.0,false,0.0,0.0,0.0,0.0,0.0
shared_battery_mode_node_level_v1,SI-Drahi_100-d2-HOM-UHI-BHI-5a79f02aae,TK-PB-Drahi_100-d2-HOM-UHI-a94fc823b8-r3,SS-75c66aa1cb9f,risk_neutral_expectation,3,TWO_STAGE_RH,NONE,none,13,15,1,1.0,0.0,0.0,91.4,91.4,0.0,0.0,false,0.0,0.0,0.0,0.0,0.0
shared_battery_mode_node_level_v1,SI-Drahi_100-d2-HOM-UHI-BHI-5a79f02aae,TK-PB-Drahi_100-d2-HOM-UHI-a94fc823b8-r3,SS-75c66aa1cb9f,risk_neutral_expectation,3,TWO_STAGE_RH,NONE,none,13,16,1,1.0,0.0,0.0,91.4,91.4,0.0,0.0,false,0.0,0.0,0.0,0.0,0.0
shared_battery_mode_node_level_v1,SI-Drahi_100-d2-HOM-UHI-BHI-5a79f02aae,TK-PB-Drahi_100-d2-HOM-UHI-a94fc823b8-r3,SS-ba344dd16b2c,risk_neutral_expectation,3,TWO_STAGE_RH,NONE,none,17,17,1,1.0,0.0,0.0,91.4,91.4,0.0,0.0,false,0.0,0.0,0.0,0.0,0.0
shared_battery_mode_node_level_v1,SI-Drahi_100-d2-HOM-UHI-BHI-5a79f02aae,TK-PB-Drahi_100-d2-HOM-UHI-a94fc823b8-r3,SS-ba344dd16b2c,risk_neutral_expectation,3,TWO_STAGE_RH,NONE,none,17,18,1,1.0,10.371191135734051,0.0,91.4,101.25263157894736,0.0,0.0,false,0.0,0.0,0.0,0.0,0.0
shared_battery_mode_node_level_v1,SI-Drahi_100-d2-HOM-UHI-BHI-5a79f02aae,TK-PB-Drahi_100-d2-HOM-UHI-a94fc823b8-r3,SS-ba344dd16b2c,risk_neutral_expectation,3,TWO_STAGE_RH,NONE,none,17,19,1,0.0,0.0,32.0,101.25263157894736,67.56842105263158,0.0,0.0,false,0.0,0.0,0.0,0.0,0.0
shared_battery_mode_node_level_v1,SI-Drahi_100-d2-HOM-UHI-BHI-5a79f02aae,TK-PB-Drahi_100-d2-HOM-UHI-a94fc823b8-r3,SS-ba344dd16b2c,risk_neutral_expectation,3,TWO_STAGE_RH,NONE,none,17,20,1,0.0,0.0,32.0,67.56842105263158,33.88421052631579,0.0,0.0,false,0.0,0.0,0.0,0.0,0.0
shared_battery_mode_node_level_v1,SI-Drahi_100-d2-HOM-UHI-BHI-5a79f02aae,TK-PB-Drahi_100-d2-HOM-UHI-a94fc823b8-r3,SS-7ebaa4bc0fc2,risk_neutral_expectation,3,TWO_STAGE_RH,NONE,none,21,21,1,1.0,0.0,0.0,33.88421052631579,33.88421052631579,0.0,0.0,false,0.0,0.0,0.0,0.0,0.0
shared_battery_mode_node_level_v1,SI-Drahi_100-d2-HOM-UHI-BHI-5a79f02aae,TK-PB-Drahi_100-d2-HOM-UHI-a94fc823b8-r3,SS-7ebaa4bc0fc2,risk_neutral_expectation,3,TWO_STAGE_RH,NONE,none,21,22,1,1.0,0.0,0.0,33.88421052631579,33.88421052631579,0.0,0.0,false,0.0,0.0,0.0,0.0,0.0
shared_battery_mode_node_level_v1,SI-Drahi_100-d2-HOM-UHI-BHI-5a79f02aae,TK-PB-Drahi_100-d2-HOM-UHI-a94fc823b8-r3,SS-7ebaa4bc0fc2,risk_neutral_expectation,3,TWO_STAGE_RH,NONE,none,21,23,1,0.0,0.0,32.0,33.88421052631579,0.20000000000000284,0.0,0.0,false,0.0,0.0,0.0,0.0,0.0
shared_battery_mode_node_level_v1,SI-Drahi_100-d2-HOM-UHI-BHI-5a79f02aae,TK-PB-Drahi_100-d2-HOM-UHI-a94fc823b8-r3,SS-7ebaa4bc0fc2,risk_neutral_expectation,3,TWO_STAGE_RH,NONE,none,21,24,1,1.0,0.0,0.0,0.20000000000000284,0.20000000000000284,0.0,0.0,false,0.0,0.0,0.0,0.0,0.0
shared_battery_mode_node_level_v1,SI-Drahi_100-d2-HOM-UHI-BHI-5a79f02aae,TK-PB-Drahi_100-d2-HOM-UHI-a94fc823b8-r3,SS-b8f4fc76bd1d,risk_neutral_expectation,3,TWO_STAGE_RH,PEA,pv,1,1,1,1.0,0.0,0.0,0.2,0.2,0.0,0.0,false,0.0,0.0,0.0,0.0,0.0
shared_battery_mode_node_level_v1,SI-Drahi_100-d2-HOM-UHI-BHI-5a79f02aae,TK-PB-Drahi_100-d2-HOM-UHI-a94fc823b8-r3,SS-b8f4fc76bd1d,risk_neutral_expectation,3,TWO_STAGE_RH,PEA,pv,1,2,1,1.0,32.0,0.0,0.2,30.599999999999998,0.0,0.0,false,0.0,0.0,0.0,0.0,0.0
shared_battery_mode_node_level_v1,SI-Drahi_100-d2-HOM-UHI-BHI-5a79f02aae,TK-PB-Drahi_100-d2-HOM-UHI-a94fc823b8-r3,SS-b8f4fc76bd1d,risk_neutral_expectation,3,TWO_STAGE_RH,PEA,pv,1,3,1,1.0,0.0,0.0,30.599999999999998,30.599999999999998,0.0,0.0,false,0.0,0.0,0.0,0.0,0.0
shared_battery_mode_node_level_v1,SI-Drahi_100-d2-HOM-UHI-BHI-5a79f02aae,TK-PB-Drahi_100-d2-HOM-UHI-a94fc823b8-r3,SS-b8f4fc76bd1d,risk_neutral_expectation,3,TWO_STAGE_RH,PEA,pv,1,4,1,1.0,0.0,0.0,30.599999999999998,30.599999999999998,0.0,0.0,false,0.0,0.0,0.0,0.0,0.0
shared_battery_mode_node_level_v1,SI-Drahi_100-d2-HOM-UHI-BHI-5a79f02aae,TK-PB-Drahi_100-d2-HOM-UHI-a94fc823b8-r3,SS-0f9d20ee9bb3,risk_neutral_expectation,3,TWO_STAGE_RH,PEA,pv,5,5,1,1.0,0.0,0.0,30.599999999999998,30.599999999999998,0.0,0.0,false,0.0,0.0,0.0,0.0,0.0
shared_battery_mode_node_level_v1,SI-Drahi_100-d2-HOM-UHI-BHI-5a79f02aae,TK-PB-Drahi_100-d2-HOM-UHI-a94fc823b8-r3,SS-0f9d20ee9bb3,risk_neutral_expectation,3,TWO_STAGE_RH,PEA,pv,5,6,1,1.0,32.0,0.0,30.599999999999998,61.0,0.0,0.0,false,0.0,0.0,0.0,0.0,0.0
shared_battery_mode_node_level_v1,SI-Drahi_100-d2-HOM-UHI-BHI-5a79f02aae,TK-PB-Drahi_100-d2-HOM-UHI-a94fc823b8-r3,SS-0f9d20ee9bb3,risk_neutral_expectation,3,TWO_STAGE_RH,PEA,pv,5,7,1,1.0,32.0,0.0,61.0,91.4,0.0,0.0,false,0.0,0.0,0.0,0.0,0.0
shared_battery_mode_node_level_v1,SI-Drahi_100-d2-HOM-UHI-BHI-5a79f02aae,TK-PB-Drahi_100-d2-HOM-UHI-a94fc823b8-r3,SS-0f9d20ee9bb3,risk_neutral_expectation,3,TWO_STAGE_RH,PEA,pv,5,8,1,1.0,0.0,0.0,91.4,91.4,0.0,0.0,false,0.0,0.0,0.0,0.0,0.0
shared_battery_mode_node_level_v1,SI-Drahi_100-d2-HOM-UHI-BHI-5a79f02aae,TK-PB-Drahi_100-d2-HOM-UHI-a94fc823b8-r3,SS-1a86897e8e62,risk_neutral_expectation,3,TWO_STAGE_RH,PEA,pv,9,9,1,1.0,0.0,0.0,91.4,91.4,0.0,0.0,false,0.0,0.0,0.0,0.0,0.0
shared_battery_mode_node_level_v1,SI-Drahi_100-d2-HOM-UHI-BHI-5a79f02aae,TK-PB-Drahi_100-d2-HOM-UHI-a94fc823b8-r3,SS-1a86897e8e62,risk_neutral_expectation,3,TWO_STAGE_RH,PEA,pv,9,10,1,1.0,0.0,0.0,91.4,91.4,0.0,0.0,false,0.0,0.0,0.0,0.0,0.0
shared_battery_mode_node_level_v1,SI-Drahi_100-d2-HOM-UHI-BHI-5a79f02aae,TK-PB-Drahi_100-d2-HOM-UHI-a94fc823b8-r3,SS-1a86897e8e62,risk_neutral_expectation,3,TWO_STAGE_RH,PEA,pv,9,11,1,1.0,0.0,0.0,91.4,91.4,0.0,0.0,false,0.0,0.0,0.0,0.0,0.0
shared_battery_mode_node_level_v1,SI-Drahi_100-d2-HOM-UHI-BHI-5a79f02aae,TK-PB-Drahi_100-d2-HOM-UHI-a94fc823b8-r3,SS-1a86897e8e62,risk_neutral_expectation,3,TWO_STAGE_RH,PEA,pv,9,12,1,1.0,0.0,0.0,91.4,91.4,0.0,0.0,false,0.0,0.0,0.0,0.0,0.0
shared_battery_mode_node_level_v1,SI-Drahi_100-d2-HOM-UHI-BHI-5a79f02aae,TK-PB-Drahi_100-d2-HOM-UHI-a94fc823b8-r3,SS-75c66aa1cb9f,risk_neutral_expectation,3,TWO_STAGE_RH,PEA,pv,13,13,1,1.0,0.0,0.0,91.4,91.4,0.0,0.0,false,0.0,0.0,0.0,0.0,0.0
shared_battery_mode_node_level_v1,SI-Drahi_100-d2-HOM-UHI-BHI-5a79f02aae,TK-PB-Drahi_100-d2-HOM-UHI-a94fc823b8-r3,SS-75c66aa1cb9f,risk_neutral_expectation,3,TWO_STAGE_RH,PEA,pv,13,14,1,1.0,0.0,0.0,91.4,91.4,0.0,0.0,false,0.0,0.0,0.0,0.0,0.0
shared_battery_mode_node_level_v1,SI-Drahi_100-d2-HOM-UHI-BHI-5a79f02aae,TK-PB-Drahi_100-d2-HOM-UHI-a94fc823b8-r3,SS-75c66aa1cb9f,risk_neutral_expectation,3,TWO_STAGE_RH,PEA,pv,13,15,1,1.0,0.0,0.0,91.4,91.4,0.0,0.0,false,0.0,0.0,0.0,0.0,0.0
shared_battery_mode_node_level_v1,SI-Drahi_100-d2-HOM-UHI-BHI-5a79f02aae,TK-PB-Drahi_100-d2-HOM-UHI-a94fc823b8-r3,SS-75c66aa1cb9f,risk_neutral_expectation,3,TWO_STAGE_RH,PEA,pv,13,16,1,1.0,0.0,0.0,91.4,91.4,0.0,0.0,false,0.0,0.0,0.0,0.0,0.0
shared_battery_mode_node_level_v1,SI-Drahi_100-d2-HOM-UHI-BHI-5a79f02aae,TK-PB-Drahi_100-d2-HOM-UHI-a94fc823b8-r3,SS-ba344dd16b2c,risk_neutral_expectation,3,TWO_STAGE_RH,PEA,pv,17,17,1,1.0,0.0,0.0,91.4,91.4,0.0,0.0,false,0.0,0.0,0.0,0.0,0.0
shared_battery_mode_node_level_v1,SI-Drahi_100-d2-HOM-UHI-BHI-5a79f02aae,TK-PB-Drahi_100-d2-HOM-UHI-a94fc823b8-r3,SS-ba344dd16b2c,risk_neutral_expectation,3,TWO_STAGE_RH,PEA,pv,17,18,1,1.0,10.371191135734051,0.0,91.4,101.25263157894736,0.0,0.0,false,0.0,0.0,0.0,0.0,0.0
shared_battery_mode_node_level_v1,SI-Drahi_100-d2-HOM-UHI-BHI-5a79f02aae,TK-PB-Drahi_100-d2-HOM-UHI-a94fc823b8-r3,SS-ba344dd16b2c,risk_neutral_expectation,3,TWO_STAGE_RH,PEA,pv,17,19,1,0.0,0.0,32.0,101.25263157894736,67.56842105263158,0.0,0.0,false,0.0,0.0,0.0,0.0,0.0
shared_battery_mode_node_level_v1,SI-Drahi_100-d2-HOM-UHI-BHI-5a79f02aae,TK-PB-Drahi_100-d2-HOM-UHI-a94fc823b8-r3,SS-ba344dd16b2c,risk_neutral_expectation,3,TWO_STAGE_RH,PEA,pv,17,20,1,0.0,0.0,32.0,67.56842105263158,33.88421052631579,0.0,0.0,false,0.0,0.0,0.0,0.0,0.0
shared_battery_mode_node_level_v1,SI-Drahi_100-d2-HOM-UHI-BHI-5a79f02aae,TK-PB-Drahi_100-d2-HOM-UHI-a94fc823b8-r3,SS-7ebaa4bc0fc2,risk_neutral_expectation,3,TWO_STAGE_RH,PEA,pv,21,21,1,1.0,0.0,0.0,33.88421052631579,33.88421052631579,0.0,0.0,false,0.0,0.0,0.0,0.0,0.0
shared_battery_mode_node_level_v1,SI-Drahi_100-d2-HOM-UHI-BHI-5a79f02aae,TK-PB-Drahi_100-d2-HOM-UHI-a94fc823b8-r3,SS-7ebaa4bc0fc2,risk_neutral_expectation,3,TWO_STAGE_RH,PEA,pv,21,22,1,1.0,0.0,0.0,33.88421052631579,33.88421052631579,0.0,0.0,false,0.0,0.0,0.0,0.0,0.0
shared_battery_mode_node_level_v1,SI-Drahi_100-d2-HOM-UHI-BHI-5a79f02aae,TK-PB-Drahi_100-d2-HOM-UHI-a94fc823b8-r3,SS-7ebaa4bc0fc2,risk_neutral_expectation,3,TWO_STAGE_RH,PEA,pv,21,23,1,0.0,0.0,32.0,33.88421052631579,0.20000000000000284,0.0,0.0,false,0.0,0.0,0.0,0.0,0.0
shared_battery_mode_node_level_v1,SI-Drahi_100-d2-HOM-UHI-BHI-5a79f02aae,TK-PB-Drahi_100-d2-HOM-UHI-a94fc823b8-r3,SS-7ebaa4bc0fc2,risk_neutral_expectation,3,TWO_STAGE_RH,PEA,pv,21,24,1,1.0,0.0,0.0,0.20000000000000284,0.20000000000000284,0.0,0.0,false,0.0,0.0,0.0,0.0,0.0
shared_battery_mode_node_level_v1,SI-Drahi_100-d2-HOM-UHI-BHI-5a79f02aae,TK-PB-Drahi_100-d2-HOM-UHI-a94fc823b8-r3,SS-b8f4fc76bd1d,risk_neutral_expectation,3,TWO_STAGE_RH,SA,savings,1,1,1,1.0,0.0,0.0,0.2,0.2,0.0,0.0,false,0.0,0.0,0.0,0.0,0.0
shared_battery_mode_node_level_v1,SI-Drahi_100-d2-HOM-UHI-BHI-5a79f02aae,TK-PB-Drahi_100-d2-HOM-UHI-a94fc823b8-r3,SS-b8f4fc76bd1d,risk_neutral_expectation,3,TWO_STAGE_RH,SA,savings,1,2,1,1.0,32.0,0.0,0.2,30.599999999999998,0.0,0.0,false,0.0,0.0,3.552713678800501e-15,0.0,0.0
shared_battery_mode_node_level_v1,SI-Drahi_100-d2-HOM-UHI-BHI-5a79f02aae,TK-PB-Drahi_100-d2-HOM-UHI-a94fc823b8-r3,SS-b8f4fc76bd1d,risk_neutral_expectation,3,TWO_STAGE_RH,SA,savings,1,3,1,1.0,0.0,0.0,30.599999999999998,30.599999999999998,0.0,0.0,false,0.0,0.0,3.552713678800501e-15,0.0,0.0
shared_battery_mode_node_level_v1,SI-Drahi_100-d2-HOM-UHI-BHI-5a79f02aae,TK-PB-Drahi_100-d2-HOM-UHI-a94fc823b8-r3,SS-b8f4fc76bd1d,risk_neutral_expectation,3,TWO_STAGE_RH,SA,savings,1,4,1,1.0,0.0,0.0,30.599999999999998,30.599999999999998,0.0,0.0,false,0.0,0.0,3.552713678800501e-15,0.0,0.0
shared_battery_mode_node_level_v1,SI-Drahi_100-d2-HOM-UHI-BHI-5a79f02aae,TK-PB-Drahi_100-d2-HOM-UHI-a94fc823b8-r3,SS-0f9d20ee9bb3,risk_neutral_expectation,3,TWO_STAGE_RH,SA,savings,5,5,1,1.0,0.0,0.0,30.599999999999998,30.599999999999998,0.0,0.0,false,0.0,0.0,0.0,0.0,0.0
shared_battery_mode_node_level_v1,SI-Drahi_100-d2-HOM-UHI-BHI-5a79f02aae,TK-PB-Drahi_100-d2-HOM-UHI-a94fc823b8-r3,SS-0f9d20ee9bb3,risk_neutral_expectation,3,TWO_STAGE_RH,SA,savings,5,6,1,1.0,32.000000000000014,0.0,30.599999999999998,61.000000000000014,1.4210854715202004e-14,0.0,false,0.0,0.0,1.4210854715202004e-14,0.0,0.0
shared_battery_mode_node_level_v1,SI-Drahi_100-d2-HOM-UHI-BHI-5a79f02aae,TK-PB-Drahi_100-d2-HOM-UHI-a94fc823b8-r3,SS-0f9d20ee9bb3,risk_neutral_expectation,3,TWO_STAGE_RH,SA,savings,5,7,1,1.0,31.999999999999996,0.0,61.000000000000014,91.4,0.0,0.0,false,0.0,0.0,0.0,0.0,0.0
shared_battery_mode_node_level_v1,SI-Drahi_100-d2-HOM-UHI-BHI-5a79f02aae,TK-PB-Drahi_100-d2-HOM-UHI-a94fc823b8-r3,SS-0f9d20ee9bb3,risk_neutral_expectation,3,TWO_STAGE_RH,SA,savings,5,8,1,1.0,0.0,0.0,91.4,91.4,0.0,0.0,false,0.0,0.0,0.0,0.0,0.0
shared_battery_mode_node_level_v1,SI-Drahi_100-d2-HOM-UHI-BHI-5a79f02aae,TK-PB-Drahi_100-d2-HOM-UHI-a94fc823b8-r3,SS-1a86897e8e62,risk_neutral_expectation,3,TWO_STAGE_RH,SA,savings,9,9,1,1.0,0.0,0.0,91.4,91.4,0.0,0.0,false,0.0,0.0,0.0,0.0,0.0
shared_battery_mode_node_level_v1,SI-Drahi_100-d2-HOM-UHI-BHI-5a79f02aae,TK-PB-Drahi_100-d2-HOM-UHI-a94fc823b8-r3,SS-1a86897e8e62,risk_neutral_expectation,3,TWO_STAGE_RH,SA,savings,9,10,1,1.0,0.0,0.0,91.4,91.4,0.0,0.0,false,0.0,0.0,0.0,0.0,0.0
shared_battery_mode_node_level_v1,SI-Drahi_100-d2-HOM-UHI-BHI-5a79f02aae,TK-PB-Drahi_100-d2-HOM-UHI-a94fc823b8-r3,SS-1a86897e8e62,risk_neutral_expectation,3,TWO_STAGE_RH,SA,savings,9,11,1,1.0,0.0,0.0,91.4,91.4,0.0,0.0,false,0.0,0.0,0.0,0.0,0.0
shared_battery_mode_node_level_v1,SI-Drahi_100-d2-HOM-UHI-BHI-5a79f02aae,TK-PB-Drahi_100-d2-HOM-UHI-a94fc823b8-r3,SS-1a86897e8e62,risk_neutral_expectation,3,TWO_STAGE_RH,SA,savings,9,12,1,1.0,0.0,0.0,91.4,91.4,0.0,0.0,false,0.0,0.0,0.0,0.0,0.0
shared_battery_mode_node_level_v1,SI-Drahi_100-d2-HOM-UHI-BHI-5a79f02aae,TK-PB-Drahi_100-d2-HOM-UHI-a94fc823b8-r3,SS-75c66aa1cb9f,risk_neutral_expectation,3,TWO_STAGE_RH,SA,savings,13,13,1,1.0,0.0,0.0,91.4,91.4,0.0,0.0,false,0.0,0.0,0.0,0.0,0.0
shared_battery_mode_node_level_v1,SI-Drahi_100-d2-HOM-UHI-BHI-5a79f02aae,TK-PB-Drahi_100-d2-HOM-UHI-a94fc823b8-r3,SS-75c66aa1cb9f,risk_neutral_expectation,3,TWO_STAGE_RH,SA,savings,13,14,1,1.0,0.0,0.0,91.4,91.4,0.0,0.0,false,0.0,0.0,0.0,0.0,0.0
shared_battery_mode_node_level_v1,SI-Drahi_100-d2-HOM-UHI-BHI-5a79f02aae,TK-PB-Drahi_100-d2-HOM-UHI-a94fc823b8-r3,SS-75c66aa1cb9f,risk_neutral_expectation,3,TWO_STAGE_RH,SA,savings,13,15,1,1.0,0.0,0.0,91.4,91.4,0.0,0.0,false,0.0,0.0,0.0,0.0,0.0
shared_battery_mode_node_level_v1,SI-Drahi_100-d2-HOM-UHI-BHI-5a79f02aae,TK-PB-Drahi_100-d2-HOM-UHI-a94fc823b8-r3,SS-75c66aa1cb9f,risk_neutral_expectation,3,TWO_STAGE_RH,SA,savings,13,16,1,1.0,0.0,0.0,91.4,91.4,0.0,0.0,false,0.0,0.0,0.0,0.0,0.0
shared_battery_mode_node_level_v1,SI-Drahi_100-d2-HOM-UHI-BHI-5a79f02aae,TK-PB-Drahi_100-d2-HOM-UHI-a94fc823b8-r3,SS-ba344dd16b2c,risk_neutral_expectation,3,TWO_STAGE_RH,SA,savings,17,17,1,1.0,0.0,0.0,91.4,91.4,0.0,0.0,false,0.0,0.0,0.0,0.0,0.0
shared_battery_mode_node_level_v1,SI-Drahi_100-d2-HOM-UHI-BHI-5a79f02aae,TK-PB-Drahi_100-d2-HOM-UHI-a94fc823b8-r3,SS-ba344dd16b2c,risk_neutral_expectation,3,TWO_STAGE_RH,SA,savings,17,18,1,1.0,10.371191135734065,0.0,91.4,101.25263157894737,0.0,0.0,false,0.0,0.0,1.4210854715202004e-14,0.0,0.0
shared_battery_mode_node_level_v1,SI-Drahi_100-d2-HOM-UHI-BHI-5a79f02aae,TK-PB-Drahi_100-d2-HOM-UHI-a94fc823b8-r3,SS-ba344dd16b2c,risk_neutral_expectation,3,TWO_STAGE_RH,SA,savings,17,19,1,0.0,0.0,31.999999999999993,101.25263157894737,67.56842105263159,0.0,0.0,false,0.0,0.0,1.4210854715202004e-14,0.0,0.0
shared_battery_mode_node_level_v1,SI-Drahi_100-d2-HOM-UHI-BHI-5a79f02aae,TK-PB-Drahi_100-d2-HOM-UHI-a94fc823b8-r3,SS-ba344dd16b2c,risk_neutral_expectation,3,TWO_STAGE_RH,SA,savings,17,20,1,0.0,0.0,32.00000000000001,67.56842105263159,33.88421052631579,0.0,7.105427357601002e-15,false,0.0,0.0,0.0,0.0,0.0
shared_battery_mode_node_level_v1,SI-Drahi_100-d2-HOM-UHI-BHI-5a79f02aae,TK-PB-Drahi_100-d2-HOM-UHI-a94fc823b8-r3,SS-7ebaa4bc0fc2,risk_neutral_expectation,3,TWO_STAGE_RH,SA,savings,21,21,1,1.0,0.0,0.0,33.88421052631579,33.88421052631579,0.0,0.0,false,0.0,0.0,0.0,0.0,0.0
shared_battery_mode_node_level_v1,SI-Drahi_100-d2-HOM-UHI-BHI-5a79f02aae,TK-PB-Drahi_100-d2-HOM-UHI-a94fc823b8-r3,SS-7ebaa4bc0fc2,risk_neutral_expectation,3,TWO_STAGE_RH,SA,savings,21,22,1,1.0,0.0,0.0,33.88421052631579,33.88421052631579,0.0,0.0,false,0.0,0.0,7.105427357601002e-15,0.0,0.0
shared_battery_mode_node_level_v1,SI-Drahi_100-d2-HOM-UHI-BHI-5a79f02aae,TK-PB-Drahi_100-d2-HOM-UHI-a94fc823b8-r3,SS-7ebaa4bc0fc2,risk_neutral_expectation,3,TWO_STAGE_RH,SA,savings,21,23,1,0.0,0.0,32.0,33.88421052631579,0.20000000000000284,0.0,0.0,false,0.0,0.0,2.831068712794149e-15,0.0,0.0
shared_battery_mode_node_level_v1,SI-Drahi_100-d2-HOM-UHI-BHI-5a79f02aae,TK-PB-Drahi_100-d2-HOM-UHI-a94fc823b8-r3,SS-7ebaa4bc0fc2,risk_neutral_expectation,3,TWO_STAGE_RH,SA,savings,21,24,1,1.0,0.0,0.0,0.20000000000000284,0.20000000000000284,0.0,0.0,false,0.0,0.0,2.831068712794149e-15,0.0,0.0
shared_battery_mode_node_level_v1,SI-Drahi_100-d2-HOM-UHI-BHI-5a79f02aae,TK-PB-Drahi_100-d2-HOM-UHI-a94fc823b8-r3,SS-b8f4fc76bd1d,risk_neutral_expectation,3,TWO_STAGE_RH,STATIC_DEMAND_SHARE,pv,1,1,1,1.0,0.0,0.0,0.2,0.2,0.0,0.0,false,0.0,0.0,0.0,0.0,0.0
shared_battery_mode_node_level_v1,SI-Drahi_100-d2-HOM-UHI-BHI-5a79f02aae,TK-PB-Drahi_100-d2-HOM-UHI-a94fc823b8-r3,SS-b8f4fc76bd1d,risk_neutral_expectation,3,TWO_STAGE_RH,STATIC_DEMAND_SHARE,pv,1,2,1,1.0,32.0,0.0,0.2,30.599999999999998,0.0,0.0,false,0.0,0.0,0.0,0.0,0.0
shared_battery_mode_node_level_v1,SI-Drahi_100-d2-HOM-UHI-BHI-5a79f02aae,TK-PB-Drahi_100-d2-HOM-UHI-a94fc823b8-r3,SS-b8f4fc76bd1d,risk_neutral_expectation,3,TWO_STAGE_RH,STATIC_DEMAND_SHARE,pv,1,3,1,1.0,0.0,0.0,30.599999999999998,30.599999999999998,0.0,0.0,false,0.0,0.0,0.0,0.0,0.0
shared_battery_mode_node_level_v1,SI-Drahi_100-d2-HOM-UHI-BHI-5a79f02aae,TK-PB-Drahi_100-d2-HOM-UHI-a94fc823b8-r3,SS-b8f4fc76bd1d,risk_neutral_expectation,3,TWO_STAGE_RH,STATIC_DEMAND_SHARE,pv,1,4,1,1.0,0.0,0.0,30.599999999999998,30.599999999999998,0.0,0.0,false,0.0,0.0,0.0,0.0,0.0
shared_battery_mode_node_level_v1,SI-Drahi_100-d2-HOM-UHI-BHI-5a79f02aae,TK-PB-Drahi_100-d2-HOM-UHI-a94fc823b8-r3,SS-0f9d20ee9bb3,risk_neutral_expectation,3,TWO_STAGE_RH,STATIC_DEMAND_SHARE,pv,5,5,1,1.0,0.0,0.0,30.599999999999998,30.599999999999998,0.0,0.0,false,0.0,0.0,0.0,0.0,0.0
shared_battery_mode_node_level_v1,SI-Drahi_100-d2-HOM-UHI-BHI-5a79f02aae,TK-PB-Drahi_100-d2-HOM-UHI-a94fc823b8-r3,SS-0f9d20ee9bb3,risk_neutral_expectation,3,TWO_STAGE_RH,STATIC_DEMAND_SHARE,pv,5,6,1,1.0,32.0,0.0,30.599999999999998,61.0,0.0,0.0,false,0.0,0.0,0.0,0.0,0.0
shared_battery_mode_node_level_v1,SI-Drahi_100-d2-HOM-UHI-BHI-5a79f02aae,TK-PB-Drahi_100-d2-HOM-UHI-a94fc823b8-r3,SS-0f9d20ee9bb3,risk_neutral_expectation,3,TWO_STAGE_RH,STATIC_DEMAND_SHARE,pv,5,7,1,1.0,32.0,0.0,61.0,91.4,0.0,0.0,false,0.0,0.0,0.0,0.0,0.0
shared_battery_mode_node_level_v1,SI-Drahi_100-d2-HOM-UHI-BHI-5a79f02aae,TK-PB-Drahi_100-d2-HOM-UHI-a94fc823b8-r3,SS-0f9d20ee9bb3,risk_neutral_expectation,3,TWO_STAGE_RH,STATIC_DEMAND_SHARE,pv,5,8,1,1.0,0.0,0.0,91.4,91.4,0.0,0.0,false,0.0,0.0,0.0,0.0,0.0
shared_battery_mode_node_level_v1,SI-Drahi_100-d2-HOM-UHI-BHI-5a79f02aae,TK-PB-Drahi_100-d2-HOM-UHI-a94fc823b8-r3,SS-1a86897e8e62,risk_neutral_expectation,3,TWO_STAGE_RH,STATIC_DEMAND_SHARE,pv,9,9,1,1.0,0.0,0.0,91.4,91.4,0.0,0.0,false,0.0,0.0,0.0,0.0,0.0
shared_battery_mode_node_level_v1,SI-Drahi_100-d2-HOM-UHI-BHI-5a79f02aae,TK-PB-Drahi_100-d2-HOM-UHI-a94fc823b8-r3,SS-1a86897e8e62,risk_neutral_expectation,3,TWO_STAGE_RH,STATIC_DEMAND_SHARE,pv,9,10,1,1.0,0.0,0.0,91.4,91.4,0.0,0.0,false,0.0,0.0,0.0,0.0,0.0
shared_battery_mode_node_level_v1,SI-Drahi_100-d2-HOM-UHI-BHI-5a79f02aae,TK-PB-Drahi_100-d2-HOM-UHI-a94fc823b8-r3,SS-1a86897e8e62,risk_neutral_expectation,3,TWO_STAGE_RH,STATIC_DEMAND_SHARE,pv,9,11,1,1.0,0.0,0.0,91.4,91.4,0.0,0.0,false,0.0,0.0,0.0,0.0,0.0
shared_battery_mode_node_level_v1,SI-Drahi_100-d2-HOM-UHI-BHI-5a79f02aae,TK-PB-Drahi_100-d2-HOM-UHI-a94fc823b8-r3,SS-1a86897e8e62,risk_neutral_expectation,3,TWO_STAGE_RH,STATIC_DEMAND_SHARE,pv,9,12,1,1.0,0.0,0.0,91.4,91.4,0.0,0.0,false,0.0,0.0,0.0,0.0,0.0
shared_battery_mode_node_level_v1,SI-Drahi_100-d2-HOM-UHI-BHI-5a79f02aae,TK-PB-Drahi_100-d2-HOM-UHI-a94fc823b8-r3,SS-75c66aa1cb9f,risk_neutral_expectation,3,TWO_STAGE_RH,STATIC_DEMAND_SHARE,pv,13,13,1,1.0,0.0,0.0,91.4,91.4,0.0,0.0,false,0.0,0.0,0.0,0.0,0.0
shared_battery_mode_node_level_v1,SI-Drahi_100-d2-HOM-UHI-BHI-5a79f02aae,TK-PB-Drahi_100-d2-HOM-UHI-a94fc823b8-r3,SS-75c66aa1cb9f,risk_neutral_expectation,3,TWO_STAGE_RH,STATIC_DEMAND_SHARE,pv,13,14,1,1.0,0.0,0.0,91.4,91.4,0.0,0.0,false,0.0,0.0,0.0,0.0,0.0
shared_battery_mode_node_level_v1,SI-Drahi_100-d2-HOM-UHI-BHI-5a79f02aae,TK-PB-Drahi_100-d2-HOM-UHI-a94fc823b8-r3,SS-75c66aa1cb9f,risk_neutral_expectation,3,TWO_STAGE_RH,STATIC_DEMAND_SHARE,pv,13,15,1,1.0,0.0,0.0,91.4,91.4,0.0,0.0,false,0.0,0.0,0.0,0.0,0.0
shared_battery_mode_node_level_v1,SI-Drahi_100-d2-HOM-UHI-BHI-5a79f02aae,TK-PB-Drahi_100-d2-HOM-UHI-a94fc823b8-r3,SS-75c66aa1cb9f,risk_neutral_expectation,3,TWO_STAGE_RH,STATIC_DEMAND_SHARE,pv,13,16,1,1.0,0.0,0.0,91.4,91.4,0.0,0.0,false,0.0,0.0,0.0,0.0,0.0
shared_battery_mode_node_level_v1,SI-Drahi_100-d2-HOM-UHI-BHI-5a79f02aae,TK-PB-Drahi_100-d2-HOM-UHI-a94fc823b8-r3,SS-ba344dd16b2c,risk_neutral_expectation,3,TWO_STAGE_RH,STATIC_DEMAND_SHARE,pv,17,17,1,1.0,0.0,0.0,91.4,91.4,0.0,0.0,false,0.0,0.0,0.0,0.0,0.0
shared_battery_mode_node_level_v1,SI-Drahi_100-d2-HOM-UHI-BHI-5a79f02aae,TK-PB-Drahi_100-d2-HOM-UHI-a94fc823b8-r3,SS-ba344dd16b2c,risk_neutral_expectation,3,TWO_STAGE_RH,STATIC_DEMAND_SHARE,pv,17,18,1,1.0,10.371191135734051,0.0,91.4,101.25263157894736,0.0,0.0,false,0.0,0.0,0.0,0.0,0.0
shared_battery_mode_node_level_v1,SI-Drahi_100-d2-HOM-UHI-BHI-5a79f02aae,TK-PB-Drahi_100-d2-HOM-UHI-a94fc823b8-r3,SS-ba344dd16b2c,risk_neutral_expectation,3,TWO_STAGE_RH,STATIC_DEMAND_SHARE,pv,17,19,1,0.0,0.0,32.0,101.25263157894736,67.56842105263158,0.0,0.0,false,0.0,0.0,0.0,0.0,0.0
shared_battery_mode_node_level_v1,SI-Drahi_100-d2-HOM-UHI-BHI-5a79f02aae,TK-PB-Drahi_100-d2-HOM-UHI-a94fc823b8-r3,SS-ba344dd16b2c,risk_neutral_expectation,3,TWO_STAGE_RH,STATIC_DEMAND_SHARE,pv,17,20,1,0.0,0.0,32.0,67.56842105263158,33.88421052631579,0.0,0.0,false,0.0,0.0,0.0,0.0,0.0
shared_battery_mode_node_level_v1,SI-Drahi_100-d2-HOM-UHI-BHI-5a79f02aae,TK-PB-Drahi_100-d2-HOM-UHI-a94fc823b8-r3,SS-7ebaa4bc0fc2,risk_neutral_expectation,3,TWO_STAGE_RH,STATIC_DEMAND_SHARE,pv,21,21,1,1.0,0.0,0.0,33.88421052631579,33.88421052631579,0.0,0.0,false,0.0,0.0,0.0,0.0,0.0
shared_battery_mode_node_level_v1,SI-Drahi_100-d2-HOM-UHI-BHI-5a79f02aae,TK-PB-Drahi_100-d2-HOM-UHI-a94fc823b8-r3,SS-7ebaa4bc0fc2,risk_neutral_expectation,3,TWO_STAGE_RH,STATIC_DEMAND_SHARE,pv,21,22,1,1.0,0.0,0.0,33.88421052631579,33.88421052631579,0.0,0.0,false,0.0,0.0,0.0,0.0,0.0
shared_battery_mode_node_level_v1,SI-Drahi_100-d2-HOM-UHI-BHI-5a79f02aae,TK-PB-Drahi_100-d2-HOM-UHI-a94fc823b8-r3,SS-7ebaa4bc0fc2,risk_neutral_expectation,3,TWO_STAGE_RH,STATIC_DEMAND_SHARE,pv,21,23,1,0.0,0.0,32.0,33.88421052631579,0.20000000000000284,0.0,0.0,false,0.0,0.0,0.0,0.0,0.0
shared_battery_mode_node_level_v1,SI-Drahi_100-d2-HOM-UHI-BHI-5a79f02aae,TK-PB-Drahi_100-d2-HOM-UHI-a94fc823b8-r3,SS-7ebaa4bc0fc2,risk_neutral_expectation,3,TWO_STAGE_RH,STATIC_DEMAND_SHARE,pv,21,24,1,1.0,0.0,0.0,0.20000000000000284,0.20000000000000284,0.0,0.0,false,0.0,0.0,0.0,0.0,0.0
shared_battery_mode_node_level_v1,SI-Drahi_100-d2-HOM-UHI-BLO-234c9220e7,TK-PB-Drahi_100-d2-HOM-UHI-a94fc823b8-r3,SS-b8f4fc76bd1d,risk_neutral_expectation,3,DETERMINISTIC_RH,LEXMMFPEA,pv,1,1,1,1.0,0.0,0.0,0.2,0.2,0.0,0.0,false,0.0,0.0,0.0,0.0,0.0
shared_battery_mode_node_level_v1,SI-Drahi_100-d2-HOM-UHI-BLO-234c9220e7,TK-PB-Drahi_100-d2-HOM-UHI-a94fc823b8-r3,SS-b8f4fc76bd1d,risk_neutral_expectation,3,DETERMINISTIC_RH,LEXMMFPEA,pv,1,2,1,1.0,8.0,0.0,0.2,7.8,0.0,0.0,false,0.0,0.0,0.0,0.0,0.0
shared_battery_mode_node_level_v1,SI-Drahi_100-d2-HOM-UHI-BLO-234c9220e7,TK-PB-Drahi_100-d2-HOM-UHI-a94fc823b8-r3,SS-b8f4fc76bd1d,risk_neutral_expectation,3,DETERMINISTIC_RH,LEXMMFPEA,pv,1,3,1,1.0,0.0,0.0,7.8,7.8,0.0,0.0,false,0.0,0.0,0.0,0.0,0.0
shared_battery_mode_node_level_v1,SI-Drahi_100-d2-HOM-UHI-BLO-234c9220e7,TK-PB-Drahi_100-d2-HOM-UHI-a94fc823b8-r3,SS-b8f4fc76bd1d,risk_neutral_expectation,3,DETERMINISTIC_RH,LEXMMFPEA,pv,1,4,1,1.0,0.0,0.0,7.8,7.8,0.0,0.0,false,0.0,0.0,0.0,0.0,0.0
shared_battery_mode_node_level_v1,SI-Drahi_100-d2-HOM-UHI-BLO-234c9220e7,TK-PB-Drahi_100-d2-HOM-UHI-a94fc823b8-r3,SS-0f9d20ee9bb3,risk_neutral_expectation,3,DETERMINISTIC_RH,LEXMMFPEA,pv,5,5,1,1.0,0.0,0.0,7.8,7.8,0.0,0.0,false,0.0,0.0,0.0,0.0,0.0
shared_battery_mode_node_level_v1,SI-Drahi_100-d2-HOM-UHI-BLO-234c9220e7,TK-PB-Drahi_100-d2-HOM-UHI-a94fc823b8-r3,SS-0f9d20ee9bb3,risk_neutral_expectation,3,DETERMINISTIC_RH,LEXMMFPEA,pv,5,6,1,1.0,8.0,0.0,7.8,15.399999999999999,0.0,0.0,false,0.0,0.0,0.0,0.0,0.0
shared_battery_mode_node_level_v1,SI-Drahi_100-d2-HOM-UHI-BLO-234c9220e7,TK-PB-Drahi_100-d2-HOM-UHI-a94fc823b8-r3,SS-0f9d20ee9bb3,risk_neutral_expectation,3,DETERMINISTIC_RH,LEXMMFPEA,pv,5,7,1,1.0,8.0,0.0,15.399999999999999,23.0,0.0,0.0,false,0.0,0.0,0.0,0.0,0.0
shared_battery_mode_node_level_v1,SI-Drahi_100-d2-HOM-UHI-BLO-234c9220e7,TK-PB-Drahi_100-d2-HOM-UHI-a94fc823b8-r3,SS-0f9d20ee9bb3,risk_neutral_expectation,3,DETERMINISTIC_RH,LEXMMFPEA,pv,5,8,1,0.0,0.0,0.0,23.0,23.0,0.0,0.0,false,0.0,0.0,0.0,0.0,0.0
shared_battery_mode_node_level_v1,SI-Drahi_100-d2-HOM-UHI-BLO-234c9220e7,TK-PB-Drahi_100-d2-HOM-UHI-a94fc823b8-r3,SS-1a86897e8e62,risk_neutral_expectation,3,DETERMINISTIC_RH,LEXMMFPEA,pv,9,9,1,1.0,0.0,0.0,23.0,23.0,0.0,0.0,false,0.0,0.0,0.0,0.0,0.0
shared_battery_mode_node_level_v1,SI-Drahi_100-d2-HOM-UHI-BLO-234c9220e7,TK-PB-Drahi_100-d2-HOM-UHI-a94fc823b8-r3,SS-1a86897e8e62,risk_neutral_expectation,3,DETERMINISTIC_RH,LEXMMFPEA,pv,9,10,1,0.0,0.0,-2.113864638886298e-13,23.0,23.000000000000224,0.0,0.0,false,0.0,0.0,0.0,0.0,0.0
shared_battery_mode_node_level_v1,SI-Drahi_100-d2-HOM-UHI-BLO-234c9220e7,TK-PB-Drahi_100-d2-HOM-UHI-a94fc823b8-r3,SS-1a86897e8e62,risk_neutral_expectation,3,DETERMINISTIC_RH,LEXMMFPEA,pv,9,11,1,1.0000000000000706,0.0,-5.648814749292796e-13,23.000000000000224,23.000000000000817,0.0,0.0,false,0.0,7.061018436615996e-14,0.0,0.0,0.0
shared_battery_mode_node_level_v1,SI-Drahi_100-d2-HOM-UHI-BLO-234c9220e7,TK-PB-Drahi_100-d2-HOM-UHI-a94fc823b8-r3,SS-1a86897e8e62,risk_neutral_expectation,3,DETERMINISTIC_RH,LEXMMFPEA,pv,9,12,1,0.9999999999999367,0.0,5.062616992290714e-13,23.000000000000817,23.000000000000284,0.0,0.0,false,0.0,6.328271240363392e-14,0.0,0.0,0.0
shared_battery_mode_node_level_v1,SI-Drahi_100-d2-HOM-UHI-BLO-234c9220e7,TK-PB-Drahi_100-d2-HOM-UHI-a94fc823b8-r3,SS-75c66aa1cb9f,risk_neutral_expectation,3,DETERMINISTIC_RH,LEXMMFPEA,pv,13,13,1,0.0,0.0,0.0,23.000000000000284,23.000000000000284,0.0,0.0,false,0.0,0.0,0.0,0.0,0.0
shared_battery_mode_node_level_v1,SI-Drahi_100-d2-HOM-UHI-BLO-234c9220e7,TK-PB-Drahi_100-d2-HOM-UHI-a94fc823b8-r3,SS-75c66aa1cb9f,risk_neutral_expectation,3,DETERMINISTIC_RH,LEXMMFPEA,pv,13,14,1,0.0,0.0,0.0,23.000000000000284,23.000000000000284,0.0,0.0,false,0.0,0.0,0.0,0.0,0.0
shared_battery_mode_node_level_v1,SI-Drahi_100-d2-HOM-UHI-BLO-234c9220e7,TK-PB-Drahi_100-d2-HOM-UHI-a94fc823b8-r3,SS-75c66aa1cb9f,risk_neutral_expectation,3,DETERMINISTIC_RH,LEXMMFPEA,pv,13,15,1,1.0,0.0,0.0,23.000000000000284,23.000000000000284,0.0,0.0,false,0.0,0.0,0.0,0.0,0.0
shared_battery_mode_node_level_v1,SI-Drahi_100-d2-HOM-UHI-BLO-234c9220e7,TK-PB-Drahi_100-d2-HOM-UHI-a94fc823b8-r3,SS-75c66aa1cb9f,risk_neutral_expectation,3,DETERMINISTIC_RH,LEXMMFPEA,pv,13,16,1,0.0,0.0,0.0,23.000000000000284,23.000000000000284,0.0,0.0,false,0.0,0.0,0.0,0.0,0.0
shared_battery_mode_node_level_v1,SI-Drahi_100-d2-HOM-UHI-BLO-234c9220e7,TK-PB-Drahi_100-d2-HOM-UHI-a94fc823b8-r3,SS-ba344dd16b2c,risk_neutral_expectation,3,DETERMINISTIC_RH,LEXMMFPEA,pv,17,17,1,0.0,0.0,0.0,23.000000000000284,23.000000000000284,0.0,0.0,false,0.0,0.0,0.0,0.0,0.0
shared_battery_mode_node_level_v1,SI-Drahi_100-d2-HOM-UHI-BLO-234c9220e7,TK-PB-Drahi_100-d2-HOM-UHI-a94fc823b8-r3,SS-ba344dd16b2c,risk_neutral_expectation,3,DETERMINISTIC_RH,LEXMMFPEA,pv,17,18,1,0.3240997229916518,2.5927977839332144,0.0,23.000000000000284,25.463157894736838,0.0,0.0,false,0.0,0.3240997229916518,0.0,0.0,0.0
shared_battery_mode_node_level_v1,SI-Drahi_100-d2-HOM-UHI-BLO-234c9220e7,TK-PB-Drahi_100-d2-HOM-UHI-a94fc823b8-r3,SS-ba344dd16b2c,risk_neutral_expectation,3,DETERMINISTIC_RH,LEXMMFPEA,pv,17,19,1,0.0,0.0,8.0,25.463157894736838,17.042105263157893,0.0,0.0,false,0.0,0.0,0.0,0.0,0.0
shared_battery_mode_node_level_v1,SI-Drahi_100-d2-HOM-UHI-BLO-234c9220e7,TK-PB-Drahi_100-d2-HOM-UHI-a94fc823b8-r3,SS-ba344dd16b2c,risk_neutral_expectation,3,DETERMINISTIC_RH,LEXMMFPEA,pv,17,20,1,0.0,0.0,8.0,17.042105263157893,8.621052631578946,0.0,0.0,false,0.0,0.0,0.0,0.0,0.0
shared_battery_mode_node_level_v1,SI-Drahi_100-d2-HOM-UHI-BLO-234c9220e7,TK-PB-Drahi_100-d2-HOM-UHI-a94fc823b8-r3,SS-7ebaa4bc0fc2,risk_neutral_expectation,3,DETERMINISTIC_RH,LEXMMFPEA,pv,21,21,1,1.0,0.0,0.0,8.621052631578946,8.621052631578946,0.0,0.0,false,0.0,0.0,0.0,0.0,0.0
shared_battery_mode_node_level_v1,SI-Drahi_100-d2-HOM-UHI-BLO-234c9220e7,TK-PB-Drahi_100-d2-HOM-UHI-a94fc823b8-r3,SS-7ebaa4bc0fc2,risk_neutral_expectation,3,DETERMINISTIC_RH,LEXMMFPEA,pv,21,22,1,1.0,0.0,0.0,8.621052631578946,8.621052631578946,0.0,0.0,false,0.0,0.0,0.0,0.0,0.0
shared_battery_mode_node_level_v1,SI-Drahi_100-d2-HOM-UHI-BLO-234c9220e7,TK-PB-Drahi_100-d2-HOM-UHI-a94fc823b8-r3,SS-7ebaa4bc0fc2,risk_neutral_expectation,3,DETERMINISTIC_RH,LEXMMFPEA,pv,21,23,1,0.0,0.0,8.0,8.621052631578946,0.1999999999999993,0.0,0.0,false,0.0,0.0,7.216449660063518e-16,7.216449660063518e-16,0.0
shared_battery_mode_node_level_v1,SI-Drahi_100-d2-HOM-UHI-BLO-234c9220e7,TK-PB-Drahi_100-d2-HOM-UHI-a94fc823b8-r3,SS-7ebaa4bc0fc2,risk_neutral_expectation,3,DETERMINISTIC_RH,LEXMMFPEA,pv,21,24,1,1.0,0.0,0.0,0.1999999999999993,0.1999999999999993,0.0,0.0,false,0.0,0.0,7.216449660063518e-16,7.216449660063518e-16,0.0
shared_battery_mode_node_level_v1,SI-Drahi_100-d2-HOM-UHI-BLO-234c9220e7,TK-PB-Drahi_100-d2-HOM-UHI-a94fc823b8-r3,SS-b8f4fc76bd1d,risk_neutral_expectation,3,DETERMINISTIC_RH,LEXMMFSA,savings,1,1,1,1.0,0.0,0.0,0.2,0.2,0.0,0.0,false,0.0,0.0,0.0,0.0,0.0
shared_battery_mode_node_level_v1,SI-Drahi_100-d2-HOM-UHI-BLO-234c9220e7,TK-PB-Drahi_100-d2-HOM-UHI-a94fc823b8-r3,SS-b8f4fc76bd1d,risk_neutral_expectation,3,DETERMINISTIC_RH,LEXMMFSA,savings,1,2,1,1.0,8.0,0.0,0.2,7.8,0.0,0.0,false,0.0,0.0,0.0,0.0,0.0
shared_battery_mode_node_level_v1,SI-Drahi_100-d2-HOM-UHI-BLO-234c9220e7,TK-PB-Drahi_100-d2-HOM-UHI-a94fc823b8-r3,SS-b8f4fc76bd1d,risk_neutral_expectation,3,DETERMINISTIC_RH,LEXMMFSA,savings,1,3,1,1.0,0.0,0.0,7.8,7.8,0.0,0.0,false,0.0,0.0,0.0,0.0,0.0
shared_battery_mode_node_level_v1,SI-Drahi_100-d2-HOM-UHI-BLO-234c9220e7,TK-PB-Drahi_100-d2-HOM-UHI-a94fc823b8-r3,SS-b8f4fc76bd1d,risk_neutral_expectation,3,DETERMINISTIC_RH,LEXMMFSA,savings,1,4,1,1.0,0.0,0.0,7.8,7.8,0.0,0.0,false,0.0,0.0,0.0,0.0,0.0
shared_battery_mode_node_level_v1,SI-Drahi_100-d2-HOM-UHI-BLO-234c9220e7,TK-PB-Drahi_100-d2-HOM-UHI-a94fc823b8-r3,SS-0f9d20ee9bb3,risk_neutral_expectation,3,DETERMINISTIC_RH,LEXMMFSA,savings,5,5,1,1.0,0.0,0.0,7.8,7.8,0.0,0.0,false,0.0,0.0,0.0,0.0,0.0
shared_battery_mode_node_level_v1,SI-Drahi_100-d2-HOM-UHI-BLO-234c9220e7,TK-PB-Drahi_100-d2-HOM-UHI-a94fc823b8-r3,SS-0f9d20ee9bb3,risk_neutral_expectation,3,DETERMINISTIC_RH,LEXMMFSA,savings,5,6,1,1.0,8.0,0.0,7.8,15.399999999999999,0.0,0.0,false,0.0,0.0,0.0,0.0,0.0
shared_battery_mode_node_level_v1,SI-Drahi_100-d2-HOM-UHI-BLO-234c9220e7,TK-PB-Drahi_100-d2-HOM-UHI-a94fc823b8-r3,SS-0f9d20ee9bb3,risk_neutral_expectation,3,DETERMINISTIC_RH,LEXMMFSA,savings,5,7,1,1.0,8.0,0.0,15.399999999999999,23.0,0.0,0.0,false,0.0,0.0,0.0,0.0,0.0
shared_battery_mode_node_level_v1,SI-Drahi_100-d2-HOM-UHI-BLO-234c9220e7,TK-PB-Drahi_100-d2-HOM-UHI-a94fc823b8-r3,SS-0f9d20ee9bb3,risk_neutral_expectation,3,DETERMINISTIC_RH,LEXMMFSA,savings,5,8,1,1.0,0.0,0.0,23.0,23.0,0.0,0.0,false,0.0,0.0,0.0,0.0,0.0
shared_battery_mode_node_level_v1,SI-Drahi_100-d2-HOM-UHI-BLO-234c9220e7,TK-PB-Drahi_100-d2-HOM-UHI-a94fc823b8-r3,SS-1a86897e8e62,risk_neutral_expectation,3,DETERMINISTIC_RH,LEXMMFSA,savings,9,9,1,1.0,0.0,0.0,23.0,23.0,0.0,0.0,false,0.0,0.0,0.0,0.0,0.0
shared_battery_mode_node_level_v1,SI-Drahi_100-d2-HOM-UHI-BLO-234c9220e7,TK-PB-Drahi_100-d2-HOM-UHI-a94fc823b8-r3,SS-1a86897e8e62,risk_neutral_expectation,3,DETERMINISTIC_RH,LEXMMFSA,savings,9,10,1,1.0,2.113864638886298e-13,0.0,23.0,23.000000000000203,0.0,0.0,false,0.0,0.0,0.0,0.0,0.0
shared_battery_mode_node_level_v1,SI-Drahi_100-d2-HOM-UHI-BLO-234c9220e7,TK-PB-Drahi_100-d2-HOM-UHI-a94fc823b8-r3,SS-1a86897e8e62,risk_neutral_expectation,3,DETERMINISTIC_RH,LEXMMFSA,savings,9,11,1,1.0,5.648814749292796e-13,0.0,23.000000000000203,23.00000000000074,0.0,0.0,false,0.0,0.0,0.0,0.0,0.0
shared_battery_mode_node_level_v1,SI-Drahi_100-d2-HOM-UHI-BLO-234c9220e7,TK-PB-Drahi_100-d2-HOM-UHI-a94fc823b8-r3,SS-1a86897e8e62,risk_neutral_expectation,3,DETERMINISTIC_RH,LEXMMFSA,savings,9,12,1,1.0,-5.062616992290714e-13,0.0,23.00000000000074,23.00000000000026,0.0,0.0,false,0.0,0.0,0.0,0.0,0.0
shared_battery_mode_node_level_v1,SI-Drahi_100-d2-HOM-UHI-BLO-234c9220e7,TK-PB-Drahi_100-d2-HOM-UHI-a94fc823b8-r3,SS-75c66aa1cb9f,risk_neutral_expectation,3,DETERMINISTIC_RH,LEXMMFSA,savings,13,13,1,1.0,0.0,0.0,23.00000000000026,23.00000000000026,0.0,0.0,false,0.0,0.0,0.0,0.0,0.0
shared_battery_mode_node_level_v1,SI-Drahi_100-d2-HOM-UHI-BLO-234c9220e7,TK-PB-Drahi_100-d2-HOM-UHI-a94fc823b8-r3,SS-75c66aa1cb9f,risk_neutral_expectation,3,DETERMINISTIC_RH,LEXMMFSA,savings,13,14,1,1.0,0.0,0.0,23.00000000000026,23.00000000000026,0.0,0.0,false,0.0,0.0,0.0,0.0,0.0
shared_battery_mode_node_level_v1,SI-Drahi_100-d2-HOM-UHI-BLO-234c9220e7,TK-PB-Drahi_100-d2-HOM-UHI-a94fc823b8-r3,SS-75c66aa1cb9f,risk_neutral_expectation,3,DETERMINISTIC_RH,LEXMMFSA,savings,13,15,1,1.0,0.0,0.0,23.00000000000026,23.00000000000026,0.0,0.0,false,0.0,0.0,0.0,0.0,0.0
shared_battery_mode_node_level_v1,SI-Drahi_100-d2-HOM-UHI-BLO-234c9220e7,TK-PB-Drahi_100-d2-HOM-UHI-a94fc823b8-r3,SS-75c66aa1cb9f,risk_neutral_expectation,3,DETERMINISTIC_RH,LEXMMFSA,savings,13,16,1,1.0,0.0,0.0,23.00000000000026,23.00000000000026,0.0,0.0,false,0.0,0.0,0.0,0.0,0.0
shared_battery_mode_node_level_v1,SI-Drahi_100-d2-HOM-UHI-BLO-234c9220e7,TK-PB-Drahi_100-d2-HOM-UHI-a94fc823b8-r3,SS-ba344dd16b2c,risk_neutral_expectation,3,DETERMINISTIC_RH,LEXMMFSA,savings,17,17,1,1.0,0.0,0.0,23.00000000000026,23.00000000000026,0.0,0.0,false,0.0,0.0,0.0,0.0,0.0
shared_battery_mode_node_level_v1,SI-Drahi_100-d2-HOM-UHI-BLO-234c9220e7,TK-PB-Drahi_100-d2-HOM-UHI-a94fc823b8-r3,SS-ba344dd16b2c,risk_neutral_expectation,3,DETERMINISTIC_RH,LEXMMFSA,savings,17,18,1,1.0,2.5927977839332925,0.0,23.00000000000026,25.463157894736888,0.0,0.0,false,0.0,0.0,7.105427357601002e-15,0.0,0.0
shared_battery_mode_node_level_v1,SI-Drahi_100-d2-HOM-UHI-BLO-234c9220e7,TK-PB-Drahi_100-d2-HOM-UHI-a94fc823b8-r3,SS-ba344dd16b2c,risk_neutral_expectation,3,DETERMINISTIC_RH,LEXMMFSA,savings,17,19,1,0.0,0.0,8.0,25.463157894736888,17.042105263157943,0.0,0.0,false,0.0,0.0,3.552713678800501e-14,0.0,0.0
shared_battery_mode_node_level_v1,SI-Drahi_100-d2-HOM-UHI-BLO-234c9220e7,TK-PB-Drahi_100-d2-HOM-UHI-a94fc823b8-r3,SS-ba344dd16b2c,risk_neutral_expectation,3,DETERMINISTIC_RH,LEXMMFSA,savings,17,20,1,0.0,0.0,8.0,17.042105263157943,8.621052631578996,0.0,0.0,false,0.0,0.0,3.552713678800501e-14,0.0,0.0
shared_battery_mode_node_level_v1,SI-Drahi_100-d2-HOM-UHI-BLO-234c9220e7,TK-PB-Drahi_100-d2-HOM-UHI-a94fc823b8-r3,SS-7ebaa4bc0fc2,risk_neutral_expectation,3,DETERMINISTIC_RH,LEXMMFSA,savings,21,21,1,1.0,0.0,0.0,8.621052631578996,8.621052631578996,0.0,0.0,false,0.0,0.0,0.0,0.0,0.0
shared_battery_mode_node_level_v1,SI-Drahi_100-d2-HOM-UHI-BLO-234c9220e7,TK-PB-Drahi_100-d2-HOM-UHI-a94fc823b8-r3,SS-7ebaa4bc0fc2,risk_neutral_expectation,3,DETERMINISTIC_RH,LEXMMFSA,savings,21,22,1,1.0,0.0,0.0,8.621052631578996,8.621052631578996,0.0,0.0,false,0.0,0.0,4.973799150320701e-14,0.0,0.0
shared_battery_mode_node_level_v1,SI-Drahi_100-d2-HOM-UHI-BLO-234c9220e7,TK-PB-Drahi_100-d2-HOM-UHI-a94fc823b8-r3,SS-7ebaa4bc0fc2,risk_neutral_expectation,3,DETERMINISTIC_RH,LEXMMFSA,savings,21,23,1,0.0,0.0,8.0,8.621052631578996,0.20000000000004903,0.0,0.0,false,0.0,0.0,4.901634653720066e-14,0.0,0.0
shared_battery_mode_node_level_v1,SI-Drahi_100-d2-HOM-UHI-BLO-234c9220e7,TK-PB-Drahi_100-d2-HOM-UHI-a94fc823b8-r3,SS-7ebaa4bc0fc2,risk_neutral_expectation,3,DETERMINISTIC_RH,LEXMMFSA,savings,21,24,1,1.0,0.0,0.0,0.20000000000004903,0.20000000000004903,0.0,0.0,false,0.0,0.0,4.901634653720066e-14,0.0,0.0
shared_battery_mode_node_level_v1,SI-Drahi_100-d2-HOM-UHI-BLO-234c9220e7,TK-PB-Drahi_100-d2-HOM-UHI-a94fc823b8-r3,SS-b8f4fc76bd1d,risk_neutral_expectation,3,DETERMINISTIC_RH,NONE,none,1,1,1,1.0,0.0,0.0,0.2,0.2,0.0,0.0,false,0.0,0.0,0.0,0.0,0.0
shared_battery_mode_node_level_v1,SI-Drahi_100-d2-HOM-UHI-BLO-234c9220e7,TK-PB-Drahi_100-d2-HOM-UHI-a94fc823b8-r3,SS-b8f4fc76bd1d,risk_neutral_expectation,3,DETERMINISTIC_RH,NONE,none,1,2,1,1.0,8.0,0.0,0.2,7.8,0.0,0.0,false,0.0,0.0,0.0,0.0,0.0
shared_battery_mode_node_level_v1,SI-Drahi_100-d2-HOM-UHI-BLO-234c9220e7,TK-PB-Drahi_100-d2-HOM-UHI-a94fc823b8-r3,SS-b8f4fc76bd1d,risk_neutral_expectation,3,DETERMINISTIC_RH,NONE,none,1,3,1,1.0,0.0,0.0,7.8,7.8,0.0,0.0,false,0.0,0.0,0.0,0.0,0.0
shared_battery_mode_node_level_v1,SI-Drahi_100-d2-HOM-UHI-BLO-234c9220e7,TK-PB-Drahi_100-d2-HOM-UHI-a94fc823b8-r3,SS-b8f4fc76bd1d,risk_neutral_expectation,3,DETERMINISTIC_RH,NONE,none,1,4,1,1.0,0.0,0.0,7.8,7.8,0.0,0.0,false,0.0,0.0,0.0,0.0,0.0
shared_battery_mode_node_level_v1,SI-Drahi_100-d2-HOM-UHI-BLO-234c9220e7,TK-PB-Drahi_100-d2-HOM-UHI-a94fc823b8-r3,SS-0f9d20ee9bb3,risk_neutral_expectation,3,DETERMINISTIC_RH,NONE,none,5,5,1,1.0,0.0,0.0,7.8,7.8,0.0,0.0,false,0.0,0.0,0.0,0.0,0.0
shared_battery_mode_node_level_v1,SI-Drahi_100-d2-HOM-UHI-BLO-234c9220e7,TK-PB-Drahi_100-d2-HOM-UHI-a94fc823b8-r3,SS-0f9d20ee9bb3,risk_neutral_expectation,3,DETERMINISTIC_RH,NONE,none,5,6,1,1.0,8.0,0.0,7.8,15.399999999999999,0.0,0.0,false,0.0,0.0,0.0,0.0,0.0
shared_battery_mode_node_level_v1,SI-Drahi_100-d2-HOM-UHI-BLO-234c9220e7,TK-PB-Drahi_100-d2-HOM-UHI-a94fc823b8-r3,SS-0f9d20ee9bb3,risk_neutral_expectation,3,DETERMINISTIC_RH,NONE,none,5,7,1,1.0,8.0,0.0,15.399999999999999,23.0,0.0,0.0,false,0.0,0.0,0.0,0.0,0.0
shared_battery_mode_node_level_v1,SI-Drahi_100-d2-HOM-UHI-BLO-234c9220e7,TK-PB-Drahi_100-d2-HOM-UHI-a94fc823b8-r3,SS-0f9d20ee9bb3,risk_neutral_expectation,3,DETERMINISTIC_RH,NONE,none,5,8,1,1.0,0.0,0.0,23.0,23.0,0.0,0.0,false,0.0,0.0,0.0,0.0,0.0
shared_battery_mode_node_level_v1,SI-Drahi_100-d2-HOM-UHI-BLO-234c9220e7,TK-PB-Drahi_100-d2-HOM-UHI-a94fc823b8-r3,SS-1a86897e8e62,risk_neutral_expectation,3,DETERMINISTIC_RH,NONE,none,9,9,1,1.0,0.0,0.0,23.0,23.0,0.0,0.0,false,0.0,0.0,0.0,0.0,0.0
shared_battery_mode_node_level_v1,SI-Drahi_100-d2-HOM-UHI-BLO-234c9220e7,TK-PB-Drahi_100-d2-HOM-UHI-a94fc823b8-r3,SS-1a86897e8e62,risk_neutral_expectation,3,DETERMINISTIC_RH,NONE,none,9,10,1,1.0,2.113864638886298e-13,0.0,23.0,23.000000000000203,0.0,0.0,false,0.0,0.0,0.0,0.0,0.0
shared_battery_mode_node_level_v1,SI-Drahi_100-d2-HOM-UHI-BLO-234c9220e7,TK-PB-Drahi_100-d2-HOM-UHI-a94fc823b8-r3,SS-1a86897e8e62,risk_neutral_expectation,3,DETERMINISTIC_RH,NONE,none,9,11,1,1.0,5.648814749292796e-13,0.0,23.000000000000203,23.00000000000074,0.0,0.0,false,0.0,0.0,0.0,0.0,0.0
shared_battery_mode_node_level_v1,SI-Drahi_100-d2-HOM-UHI-BLO-234c9220e7,TK-PB-Drahi_100-d2-HOM-UHI-a94fc823b8-r3,SS-1a86897e8e62,risk_neutral_expectation,3,DETERMINISTIC_RH,NONE,none,9,12,1,1.0,-5.062616992290714e-13,0.0,23.00000000000074,23.00000000000026,0.0,0.0,false,0.0,0.0,0.0,0.0,0.0
shared_battery_mode_node_level_v1,SI-Drahi_100-d2-HOM-UHI-BLO-234c9220e7,TK-PB-Drahi_100-d2-HOM-UHI-a94fc823b8-r3,SS-75c66aa1cb9f,risk_neutral_expectation,3,DETERMINISTIC_RH,NONE,none,13,13,1,1.0,0.0,0.0,23.00000000000026,23.00000000000026,0.0,0.0,false,0.0,0.0,0.0,0.0,0.0
shared_battery_mode_node_level_v1,SI-Drahi_100-d2-HOM-UHI-BLO-234c9220e7,TK-PB-Drahi_100-d2-HOM-UHI-a94fc823b8-r3,SS-75c66aa1cb9f,risk_neutral_expectation,3,DETERMINISTIC_RH,NONE,none,13,14,1,1.0,0.0,0.0,23.00000000000026,23.00000000000026,0.0,0.0,false,0.0,0.0,0.0,0.0,0.0
shared_battery_mode_node_level_v1,SI-Drahi_100-d2-HOM-UHI-BLO-234c9220e7,TK-PB-Drahi_100-d2-HOM-UHI-a94fc823b8-r3,SS-75c66aa1cb9f,risk_neutral_expectation,3,DETERMINISTIC_RH,NONE,none,13,15,1,1.0,0.0,0.0,23.00000000000026,23.00000000000026,0.0,0.0,false,0.0,0.0,0.0,0.0,0.0
shared_battery_mode_node_level_v1,SI-Drahi_100-d2-HOM-UHI-BLO-234c9220e7,TK-PB-Drahi_100-d2-HOM-UHI-a94fc823b8-r3,SS-75c66aa1cb9f,risk_neutral_expectation,3,DETERMINISTIC_RH,NONE,none,13,16,1,1.0,0.0,0.0,23.00000000000026,23.00000000000026,0.0,0.0,false,0.0,0.0,0.0,0.0,0.0
shared_battery_mode_node_level_v1,SI-Drahi_100-d2-HOM-UHI-BLO-234c9220e7,TK-PB-Drahi_100-d2-HOM-UHI-a94fc823b8-r3,SS-ba344dd16b2c,risk_neutral_expectation,3,DETERMINISTIC_RH,NONE,none,17,17,1,1.0,0.0,0.0,23.00000000000026,23.00000000000026,0.0,0.0,false,0.0,0.0,0.0,0.0,0.0
shared_battery_mode_node_level_v1,SI-Drahi_100-d2-HOM-UHI-BLO-234c9220e7,TK-PB-Drahi_100-d2-HOM-UHI-a94fc823b8-r3,SS-ba344dd16b2c,risk_neutral_expectation,3,DETERMINISTIC_RH,NONE,none,17,18,1,1.0,2.5927977839332392,0.0,23.00000000000026,25.463157894736838,0.0,0.0,false,0.0,0.0,0.0,0.0,0.0
shared_battery_mode_node_level_v1,SI-Drahi_100-d2-HOM-UHI-BLO-234c9220e7,TK-PB-Drahi_100-d2-HOM-UHI-a94fc823b8-r3,SS-ba344dd16b2c,risk_neutral_expectation,3,DETERMINISTIC_RH,NONE,none,17,19,1,0.0,0.0,8.0,25.463157894736838,17.042105263157893,0.0,0.0,false,0.0,0.0,0.0,0.0,0.0
shared_battery_mode_node_level_v1,SI-Drahi_100-d2-HOM-UHI-BLO-234c9220e7,TK-PB-Drahi_100-d2-HOM-UHI-a94fc823b8-r3,SS-ba344dd16b2c,risk_neutral_expectation,3,DETERMINISTIC_RH,NONE,none,17,20,1,0.0,0.0,8.0,17.042105263157893,8.621052631578946,0.0,0.0,false,0.0,0.0,0.0,0.0,0.0
shared_battery_mode_node_level_v1,SI-Drahi_100-d2-HOM-UHI-BLO-234c9220e7,TK-PB-Drahi_100-d2-HOM-UHI-a94fc823b8-r3,SS-7ebaa4bc0fc2,risk_neutral_expectation,3,DETERMINISTIC_RH,NONE,none,21,21,1,1.0,0.0,0.0,8.621052631578946,8.621052631578946,0.0,0.0,false,0.0,0.0,0.0,0.0,0.0
shared_battery_mode_node_level_v1,SI-Drahi_100-d2-HOM-UHI-BLO-234c9220e7,TK-PB-Drahi_100-d2-HOM-UHI-a94fc823b8-r3,SS-7ebaa4bc0fc2,risk_neutral_expectation,3,DETERMINISTIC_RH,NONE,none,21,22,1,1.0,0.0,0.0,8.621052631578946,8.621052631578946,0.0,0.0,false,0.0,0.0,0.0,0.0,0.0
shared_battery_mode_node_level_v1,SI-Drahi_100-d2-HOM-UHI-BLO-234c9220e7,TK-PB-Drahi_100-d2-HOM-UHI-a94fc823b8-r3,SS-7ebaa4bc0fc2,risk_neutral_expectation,3,DETERMINISTIC_RH,NONE,none,21,23,1,0.0,0.0,8.0,8.621052631578946,0.1999999999999993,0.0,0.0,false,0.0,0.0,0.0,7.216449660063518e-16,0.0
shared_battery_mode_node_level_v1,SI-Drahi_100-d2-HOM-UHI-BLO-234c9220e7,TK-PB-Drahi_100-d2-HOM-UHI-a94fc823b8-r3,SS-7ebaa4bc0fc2,risk_neutral_expectation,3,DETERMINISTIC_RH,NONE,none,21,24,1,1.0,0.0,0.0,0.1999999999999993,0.1999999999999993,0.0,0.0,false,0.0,0.0,0.0,7.216449660063518e-16,0.0
shared_battery_mode_node_level_v1,SI-Drahi_100-d2-HOM-UHI-BLO-234c9220e7,TK-PB-Drahi_100-d2-HOM-UHI-a94fc823b8-r3,SS-b8f4fc76bd1d,risk_neutral_expectation,3,DETERMINISTIC_RH,PEA,pv,1,1,1,1.0,0.0,0.0,0.2,0.2,0.0,0.0,false,0.0,0.0,0.0,0.0,0.0
shared_battery_mode_node_level_v1,SI-Drahi_100-d2-HOM-UHI-BLO-234c9220e7,TK-PB-Drahi_100-d2-HOM-UHI-a94fc823b8-r3,SS-b8f4fc76bd1d,risk_neutral_expectation,3,DETERMINISTIC_RH,PEA,pv,1,2,1,1.0,8.0,0.0,0.2,7.8,0.0,0.0,false,0.0,0.0,0.0,0.0,0.0
shared_battery_mode_node_level_v1,SI-Drahi_100-d2-HOM-UHI-BLO-234c9220e7,TK-PB-Drahi_100-d2-HOM-UHI-a94fc823b8-r3,SS-b8f4fc76bd1d,risk_neutral_expectation,3,DETERMINISTIC_RH,PEA,pv,1,3,1,1.0,0.0,0.0,7.8,7.8,0.0,0.0,false,0.0,0.0,0.0,0.0,0.0
shared_battery_mode_node_level_v1,SI-Drahi_100-d2-HOM-UHI-BLO-234c9220e7,TK-PB-Drahi_100-d2-HOM-UHI-a94fc823b8-r3,SS-b8f4fc76bd1d,risk_neutral_expectation,3,DETERMINISTIC_RH,PEA,pv,1,4,1,1.0,0.0,0.0,7.8,7.8,0.0,0.0,false,0.0,0.0,0.0,0.0,0.0
shared_battery_mode_node_level_v1,SI-Drahi_100-d2-HOM-UHI-BLO-234c9220e7,TK-PB-Drahi_100-d2-HOM-UHI-a94fc823b8-r3,SS-0f9d20ee9bb3,risk_neutral_expectation,3,DETERMINISTIC_RH,PEA,pv,5,5,1,1.0,0.0,0.0,7.8,7.8,0.0,0.0,false,0.0,0.0,0.0,0.0,0.0
shared_battery_mode_node_level_v1,SI-Drahi_100-d2-HOM-UHI-BLO-234c9220e7,TK-PB-Drahi_100-d2-HOM-UHI-a94fc823b8-r3,SS-0f9d20ee9bb3,risk_neutral_expectation,3,DETERMINISTIC_RH,PEA,pv,5,6,1,1.0,8.0,0.0,7.8,15.399999999999999,0.0,0.0,false,0.0,0.0,0.0,0.0,0.0
shared_battery_mode_node_level_v1,SI-Drahi_100-d2-HOM-UHI-BLO-234c9220e7,TK-PB-Drahi_100-d2-HOM-UHI-a94fc823b8-r3,SS-0f9d20ee9bb3,risk_neutral_expectation,3,DETERMINISTIC_RH,PEA,pv,5,7,1,1.0,8.0,0.0,15.399999999999999,23.0,0.0,0.0,false,0.0,0.0,0.0,0.0,0.0
shared_battery_mode_node_level_v1,SI-Drahi_100-d2-HOM-UHI-BLO-234c9220e7,TK-PB-Drahi_100-d2-HOM-UHI-a94fc823b8-r3,SS-0f9d20ee9bb3,risk_neutral_expectation,3,DETERMINISTIC_RH,PEA,pv,5,8,1,1.0,0.0,0.0,23.0,23.0,0.0,0.0,false,0.0,0.0,0.0,0.0,0.0
shared_battery_mode_node_level_v1,SI-Drahi_100-d2-HOM-UHI-BLO-234c9220e7,TK-PB-Drahi_100-d2-HOM-UHI-a94fc823b8-r3,SS-1a86897e8e62,risk_neutral_expectation,3,DETERMINISTIC_RH,PEA,pv,9,9,1,1.0,0.0,0.0,23.0,23.0,0.0,0.0,false,0.0,0.0,0.0,0.0,0.0
shared_battery_mode_node_level_v1,SI-Drahi_100-d2-HOM-UHI-BLO-234c9220e7,TK-PB-Drahi_100-d2-HOM-UHI-a94fc823b8-r3,SS-1a86897e8e62,risk_neutral_expectation,3,DETERMINISTIC_RH,PEA,pv,9,10,1,1.0,0.0,0.0,23.0,23.0,0.0,0.0,false,0.0,0.0,0.0,0.0,0.0
shared_battery_mode_node_level_v1,SI-Drahi_100-d2-HOM-UHI-BLO-234c9220e7,TK-PB-Drahi_100-d2-HOM-UHI-a94fc823b8-r3,SS-1a86897e8e62,risk_neutral_expectation,3,DETERMINISTIC_RH,PEA,pv,9,11,1,1.0,0.0,0.0,23.0,23.0,0.0,0.0,false,0.0,0.0,0.0,0.0,0.0
shared_battery_mode_node_level_v1,SI-Drahi_100-d2-HOM-UHI-BLO-234c9220e7,TK-PB-Drahi_100-d2-HOM-UHI-a94fc823b8-r3,SS-1a86897e8e62,risk_neutral_expectation,3,DETERMINISTIC_RH,PEA,pv,9,12,1,1.0,0.0,0.0,23.0,23.0,0.0,0.0,false,0.0,0.0,0.0,0.0,0.0
shared_battery_mode_node_level_v1,SI-Drahi_100-d2-HOM-UHI-BLO-234c9220e7,TK-PB-Drahi_100-d2-HOM-UHI-a94fc823b8-r3,SS-75c66aa1cb9f,risk_neutral_expectation,3,DETERMINISTIC_RH,PEA,pv,13,13,1,1.0,0.0,0.0,23.0,23.0,0.0,0.0,false,0.0,0.0,0.0,0.0,0.0
shared_battery_mode_node_level_v1,SI-Drahi_100-d2-HOM-UHI-BLO-234c9220e7,TK-PB-Drahi_100-d2-HOM-UHI-a94fc823b8-r3,SS-75c66aa1cb9f,risk_neutral_expectation,3,DETERMINISTIC_RH,PEA,pv,13,14,1,1.0,0.0,0.0,23.0,23.0,0.0,0.0,false,0.0,0.0,0.0,0.0,0.0
shared_battery_mode_node_level_v1,SI-Drahi_100-d2-HOM-UHI-BLO-234c9220e7,TK-PB-Drahi_100-d2-HOM-UHI-a94fc823b8-r3,SS-75c66aa1cb9f,risk_neutral_expectation,3,DETERMINISTIC_RH,PEA,pv,13,15,1,1.0,0.0,0.0,23.0,23.0,0.0,0.0,false,0.0,0.0,0.0,0.0,0.0
shared_battery_mode_node_level_v1,SI-Drahi_100-d2-HOM-UHI-BLO-234c9220e7,TK-PB-Drahi_100-d2-HOM-UHI-a94fc823b8-r3,SS-75c66aa1cb9f,risk_neutral_expectation,3,DETERMINISTIC_RH,PEA,pv,13,16,1,1.0,0.0,0.0,23.0,23.0,0.0,0.0,false,0.0,0.0,0.0,0.0,0.0
shared_battery_mode_node_level_v1,SI-Drahi_100-d2-HOM-UHI-BLO-234c9220e7,TK-PB-Drahi_100-d2-HOM-UHI-a94fc823b8-r3,SS-ba344dd16b2c,risk_neutral_expectation,3,DETERMINISTIC_RH,PEA,pv,17,17,1,1.0,0.0,0.0,23.0,23.0,0.0,0.0,false,0.0,0.0,0.0,0.0,0.0
shared_battery_mode_node_level_v1,SI-Drahi_100-d2-HOM-UHI-BLO-234c9220e7,TK-PB-Drahi_100-d2-HOM-UHI-a94fc823b8-r3,SS-ba344dd16b2c,risk_neutral_expectation,3,DETERMINISTIC_RH,PEA,pv,17,18,1,1.0,2.592797783933513,0.0,23.0,25.463157894736838,0.0,0.0,false,0.0,0.0,0.0,0.0,0.0
shared_battery_mode_node_level_v1,SI-Drahi_100-d2-HOM-UHI-BLO-234c9220e7,TK-PB-Drahi_100-d2-HOM-UHI-a94fc823b8-r3,SS-ba344dd16b2c,risk_neutral_expectation,3,DETERMINISTIC_RH,PEA,pv,17,19,1,0.0,0.0,8.0,25.463157894736838,17.042105263157893,0.0,0.0,false,0.0,0.0,0.0,0.0,0.0
shared_battery_mode_node_level_v1,SI-Drahi_100-d2-HOM-UHI-BLO-234c9220e7,TK-PB-Drahi_100-d2-HOM-UHI-a94fc823b8-r3,SS-ba344dd16b2c,risk_neutral_expectation,3,DETERMINISTIC_RH,PEA,pv,17,20,1,0.0,0.0,8.0,17.042105263157893,8.621052631578946,0.0,0.0,false,0.0,0.0,0.0,0.0,0.0
shared_battery_mode_node_level_v1,SI-Drahi_100-d2-HOM-UHI-BLO-234c9220e7,TK-PB-Drahi_100-d2-HOM-UHI-a94fc823b8-r3,SS-7ebaa4bc0fc2,risk_neutral_expectation,3,DETERMINISTIC_RH,PEA,pv,21,21,1,1.0,0.0,0.0,8.621052631578946,8.621052631578946,0.0,0.0,false,0.0,0.0,0.0,0.0,0.0
shared_battery_mode_node_level_v1,SI-Drahi_100-d2-HOM-UHI-BLO-234c9220e7,TK-PB-Drahi_100-d2-HOM-UHI-a94fc823b8-r3,SS-7ebaa4bc0fc2,risk_neutral_expectation,3,DETERMINISTIC_RH,PEA,pv,21,22,1,1.0,0.0,0.0,8.621052631578946,8.621052631578946,0.0,0.0,false,0.0,0.0,0.0,0.0,0.0
shared_battery_mode_node_level_v1,SI-Drahi_100-d2-HOM-UHI-BLO-234c9220e7,TK-PB-Drahi_100-d2-HOM-UHI-a94fc823b8-r3,SS-7ebaa4bc0fc2,risk_neutral_expectation,3,DETERMINISTIC_RH,PEA,pv,21,23,1,0.0,0.0,8.0,8.621052631578946,0.1999999999999993,0.0,0.0,false,0.0,0.0,0.0,7.216449660063518e-16,0.0
shared_battery_mode_node_level_v1,SI-Drahi_100-d2-HOM-UHI-BLO-234c9220e7,TK-PB-Drahi_100-d2-HOM-UHI-a94fc823b8-r3,SS-7ebaa4bc0fc2,risk_neutral_expectation,3,DETERMINISTIC_RH,PEA,pv,21,24,1,1.0,0.0,0.0,0.1999999999999993,0.1999999999999993,0.0,0.0,false,0.0,0.0,0.0,7.216449660063518e-16,0.0
shared_battery_mode_node_level_v1,SI-Drahi_100-d2-HOM-UHI-BLO-234c9220e7,TK-PB-Drahi_100-d2-HOM-UHI-a94fc823b8-r3,SS-b8f4fc76bd1d,risk_neutral_expectation,3,DETERMINISTIC_RH,SA,savings,1,1,1,1.0,0.0,0.0,0.2,0.2,0.0,0.0,false,0.0,0.0,0.0,0.0,0.0
shared_battery_mode_node_level_v1,SI-Drahi_100-d2-HOM-UHI-BLO-234c9220e7,TK-PB-Drahi_100-d2-HOM-UHI-a94fc823b8-r3,SS-b8f4fc76bd1d,risk_neutral_expectation,3,DETERMINISTIC_RH,SA,savings,1,2,1,1.0,8.0,0.0,0.2,7.8,0.0,0.0,false,0.0,0.0,0.0,0.0,0.0
shared_battery_mode_node_level_v1,SI-Drahi_100-d2-HOM-UHI-BLO-234c9220e7,TK-PB-Drahi_100-d2-HOM-UHI-a94fc823b8-r3,SS-b8f4fc76bd1d,risk_neutral_expectation,3,DETERMINISTIC_RH,SA,savings,1,3,1,1.0,0.0,0.0,7.8,7.8,0.0,0.0,false,0.0,0.0,0.0,0.0,0.0
shared_battery_mode_node_level_v1,SI-Drahi_100-d2-HOM-UHI-BLO-234c9220e7,TK-PB-Drahi_100-d2-HOM-UHI-a94fc823b8-r3,SS-b8f4fc76bd1d,risk_neutral_expectation,3,DETERMINISTIC_RH,SA,savings,1,4,1,1.0,0.0,0.0,7.8,7.8,0.0,0.0,false,0.0,0.0,0.0,0.0,0.0
shared_battery_mode_node_level_v1,SI-Drahi_100-d2-HOM-UHI-BLO-234c9220e7,TK-PB-Drahi_100-d2-HOM-UHI-a94fc823b8-r3,SS-0f9d20ee9bb3,risk_neutral_expectation,3,DETERMINISTIC_RH,SA,savings,5,5,1,1.0,0.0,0.0,7.8,7.8,0.0,0.0,false,0.0,0.0,0.0,0.0,0.0
shared_battery_mode_node_level_v1,SI-Drahi_100-d2-HOM-UHI-BLO-234c9220e7,TK-PB-Drahi_100-d2-HOM-UHI-a94fc823b8-r3,SS-0f9d20ee9bb3,risk_neutral_expectation,3,DETERMINISTIC_RH,SA,savings,5,6,1,1.0,8.0,0.0,7.8,15.399999999999999,0.0,0.0,false,0.0,0.0,0.0,0.0,0.0
shared_battery_mode_node_level_v1,SI-Drahi_100-d2-HOM-UHI-BLO-234c9220e7,TK-PB-Drahi_100-d2-HOM-UHI-a94fc823b8-r3,SS-0f9d20ee9bb3,risk_neutral_expectation,3,DETERMINISTIC_RH,SA,savings,5,7,1,1.0,8.0,0.0,15.399999999999999,23.0,0.0,0.0,false,0.0,0.0,0.0,0.0,0.0
shared_battery_mode_node_level_v1,SI-Drahi_100-d2-HOM-UHI-BLO-234c9220e7,TK-PB-Drahi_100-d2-HOM-UHI-a94fc823b8-r3,SS-0f9d20ee9bb3,risk_neutral_expectation,3,DETERMINISTIC_RH,SA,savings,5,8,1,1.0,0.0,0.0,23.0,23.0,0.0,0.0,false,0.0,0.0,0.0,0.0,0.0
shared_battery_mode_node_level_v1,SI-Drahi_100-d2-HOM-UHI-BLO-234c9220e7,TK-PB-Drahi_100-d2-HOM-UHI-a94fc823b8-r3,SS-1a86897e8e62,risk_neutral_expectation,3,DETERMINISTIC_RH,SA,savings,9,9,1,1.0,0.0,0.0,23.0,23.0,0.0,0.0,false,0.0,0.0,0.0,0.0,0.0
shared_battery_mode_node_level_v1,SI-Drahi_100-d2-HOM-UHI-BLO-234c9220e7,TK-PB-Drahi_100-d2-HOM-UHI-a94fc823b8-r3,SS-1a86897e8e62,risk_neutral_expectation,3,DETERMINISTIC_RH,SA,savings,9,10,1,1.0,2.113864638886298e-13,0.0,23.0,23.000000000000203,0.0,0.0,false,0.0,0.0,0.0,0.0,0.0
shared_battery_mode_node_level_v1,SI-Drahi_100-d2-HOM-UHI-BLO-234c9220e7,TK-PB-Drahi_100-d2-HOM-UHI-a94fc823b8-r3,SS-1a86897e8e62,risk_neutral_expectation,3,DETERMINISTIC_RH,SA,savings,9,11,1,1.0,5.648814749292796e-13,0.0,23.000000000000203,23.00000000000074,0.0,0.0,false,0.0,0.0,0.0,0.0,0.0
shared_battery_mode_node_level_v1,SI-Drahi_100-d2-HOM-UHI-BLO-234c9220e7,TK-PB-Drahi_100-d2-HOM-UHI-a94fc823b8-r3,SS-1a86897e8e62,risk_neutral_expectation,3,DETERMINISTIC_RH,SA,savings,9,12,1,0.9999999999999367,0.0,5.062616992290714e-13,23.00000000000074,23.000000000000206,0.0,0.0,false,0.0,6.328271240363392e-14,0.0,0.0,0.0
shared_battery_mode_node_level_v1,SI-Drahi_100-d2-HOM-UHI-BLO-234c9220e7,TK-PB-Drahi_100-d2-HOM-UHI-a94fc823b8-r3,SS-75c66aa1cb9f,risk_neutral_expectation,3,DETERMINISTIC_RH,SA,savings,13,13,1,1.0,0.0,0.0,23.000000000000206,23.000000000000206,0.0,0.0,false,0.0,0.0,0.0,0.0,0.0
shared_battery_mode_node_level_v1,SI-Drahi_100-d2-HOM-UHI-BLO-234c9220e7,TK-PB-Drahi_100-d2-HOM-UHI-a94fc823b8-r3,SS-75c66aa1cb9f,risk_neutral_expectation,3,DETERMINISTIC_RH,SA,savings,13,14,1,1.0,0.0,0.0,23.000000000000206,23.000000000000206,0.0,0.0,false,0.0,0.0,0.0,0.0,0.0
shared_battery_mode_node_level_v1,SI-Drahi_100-d2-HOM-UHI-BLO-234c9220e7,TK-PB-Drahi_100-d2-HOM-UHI-a94fc823b8-r3,SS-75c66aa1cb9f,risk_neutral_expectation,3,DETERMINISTIC_RH,SA,savings,13,15,1,1.0,0.0,0.0,23.000000000000206,23.000000000000206,0.0,0.0,false,0.0,0.0,0.0,0.0,0.0
shared_battery_mode_node_level_v1,SI-Drahi_100-d2-HOM-UHI-BLO-234c9220e7,TK-PB-Drahi_100-d2-HOM-UHI-a94fc823b8-r3,SS-75c66aa1cb9f,risk_neutral_expectation,3,DETERMINISTIC_RH,SA,savings,13,16,1,1.0,0.0,0.0,23.000000000000206,23.000000000000206,0.0,0.0,false,0.0,0.0,0.0,0.0,0.0
shared_battery_mode_node_level_v1,SI-Drahi_100-d2-HOM-UHI-BLO-234c9220e7,TK-PB-Drahi_100-d2-HOM-UHI-a94fc823b8-r3,SS-ba344dd16b2c,risk_neutral_expectation,3,DETERMINISTIC_RH,SA,savings,17,17,1,1.0,0.0,0.0,23.000000000000206,23.000000000000206,0.0,0.0,false,0.0,0.0,0.0,0.0,0.0
shared_battery_mode_node_level_v1,SI-Drahi_100-d2-HOM-UHI-BLO-234c9220e7,TK-PB-Drahi_100-d2-HOM-UHI-a94fc823b8-r3,SS-ba344dd16b2c,risk_neutral_expectation,3,DETERMINISTIC_RH,SA,savings,17,18,1,1.0,2.5927977839333494,0.0,23.000000000000206,25.463157894736888,0.0,0.0,false,0.0,0.0,7.105427357601002e-15,0.0,0.0
shared_battery_mode_node_level_v1,SI-Drahi_100-d2-HOM-UHI-BLO-234c9220e7,TK-PB-Drahi_100-d2-HOM-UHI-a94fc823b8-r3,SS-ba344dd16b2c,risk_neutral_expectation,3,DETERMINISTIC_RH,SA,savings,17,19,1,0.0,0.0,8.0,25.463157894736888,17.042105263157943,0.0,0.0,false,0.0,0.0,7.105427357601002e-15,0.0,0.0
shared_battery_mode_node_level_v1,SI-Drahi_100-d2-HOM-UHI-BLO-234c9220e7,TK-PB-Drahi_100-d2-HOM-UHI-a94fc823b8-r3,SS-ba344dd16b2c,risk_neutral_expectation,3,DETERMINISTIC_RH,SA,savings,17,20,1,0.0,0.0,7.999999999999999,17.042105263157943,8.621052631578996,0.0,0.0,false,0.0,0.0,4.973799150320701e-14,0.0,0.0
shared_battery_mode_node_level_v1,SI-Drahi_100-d2-HOM-UHI-BLO-234c9220e7,TK-PB-Drahi_100-d2-HOM-UHI-a94fc823b8-r3,SS-7ebaa4bc0fc2,risk_neutral_expectation,3,DETERMINISTIC_RH,SA,savings,21,21,1,1.0,0.0,0.0,8.621052631578996,8.621052631578996,0.0,0.0,false,0.0,0.0,0.0,0.0,0.0
shared_battery_mode_node_level_v1,SI-Drahi_100-d2-HOM-UHI-BLO-234c9220e7,TK-PB-Drahi_100-d2-HOM-UHI-a94fc823b8-r3,SS-7ebaa4bc0fc2,risk_neutral_expectation,3,DETERMINISTIC_RH,SA,savings,21,22,1,1.0,0.0,0.0,8.621052631578996,8.621052631578996,0.0,0.0,false,0.0,0.0,4.973799150320701e-14,0.0,0.0
shared_battery_mode_node_level_v1,SI-Drahi_100-d2-HOM-UHI-BLO-234c9220e7,TK-PB-Drahi_100-d2-HOM-UHI-a94fc823b8-r3,SS-7ebaa4bc0fc2,risk_neutral_expectation,3,DETERMINISTIC_RH,SA,savings,21,23,1,0.0,0.0,8.0,8.621052631578996,0.20000000000004903,0.0,0.0,false,0.0,0.0,4.901634653720066e-14,0.0,0.0
shared_battery_mode_node_level_v1,SI-Drahi_100-d2-HOM-UHI-BLO-234c9220e7,TK-PB-Drahi_100-d2-HOM-UHI-a94fc823b8-r3,SS-7ebaa4bc0fc2,risk_neutral_expectation,3,DETERMINISTIC_RH,SA,savings,21,24,1,1.0,0.0,0.0,0.20000000000004903,0.20000000000004903,0.0,0.0,false,0.0,0.0,4.901634653720066e-14,0.0,0.0
shared_battery_mode_node_level_v1,SI-Drahi_100-d2-HOM-UHI-BLO-234c9220e7,TK-PB-Drahi_100-d2-HOM-UHI-a94fc823b8-r3,SS-b8f4fc76bd1d,risk_neutral_expectation,3,DETERMINISTIC_RH,STATIC_DEMAND_SHARE,pv,1,1,1,1.0,0.0,0.0,0.2,0.2,0.0,0.0,false,0.0,0.0,0.0,0.0,0.0
shared_battery_mode_node_level_v1,SI-Drahi_100-d2-HOM-UHI-BLO-234c9220e7,TK-PB-Drahi_100-d2-HOM-UHI-a94fc823b8-r3,SS-b8f4fc76bd1d,risk_neutral_expectation,3,DETERMINISTIC_RH,STATIC_DEMAND_SHARE,pv,1,2,1,1.0,8.0,0.0,0.2,7.8,0.0,0.0,false,0.0,0.0,0.0,0.0,0.0
shared_battery_mode_node_level_v1,SI-Drahi_100-d2-HOM-UHI-BLO-234c9220e7,TK-PB-Drahi_100-d2-HOM-UHI-a94fc823b8-r3,SS-b8f4fc76bd1d,risk_neutral_expectation,3,DETERMINISTIC_RH,STATIC_DEMAND_SHARE,pv,1,3,1,1.0,0.0,0.0,7.8,7.8,0.0,0.0,false,0.0,0.0,0.0,0.0,0.0
shared_battery_mode_node_level_v1,SI-Drahi_100-d2-HOM-UHI-BLO-234c9220e7,TK-PB-Drahi_100-d2-HOM-UHI-a94fc823b8-r3,SS-b8f4fc76bd1d,risk_neutral_expectation,3,DETERMINISTIC_RH,STATIC_DEMAND_SHARE,pv,1,4,1,1.0,0.0,0.0,7.8,7.8,0.0,0.0,false,0.0,0.0,0.0,0.0,0.0
shared_battery_mode_node_level_v1,SI-Drahi_100-d2-HOM-UHI-BLO-234c9220e7,TK-PB-Drahi_100-d2-HOM-UHI-a94fc823b8-r3,SS-0f9d20ee9bb3,risk_neutral_expectation,3,DETERMINISTIC_RH,STATIC_DEMAND_SHARE,pv,5,5,1,1.0,0.0,0.0,7.8,7.8,0.0,0.0,false,0.0,0.0,0.0,0.0,0.0
shared_battery_mode_node_level_v1,SI-Drahi_100-d2-HOM-UHI-BLO-234c9220e7,TK-PB-Drahi_100-d2-HOM-UHI-a94fc823b8-r3,SS-0f9d20ee9bb3,risk_neutral_expectation,3,DETERMINISTIC_RH,STATIC_DEMAND_SHARE,pv,5,6,1,1.0,8.0,0.0,7.8,15.399999999999999,0.0,0.0,false,0.0,0.0,0.0,0.0,0.0
shared_battery_mode_node_level_v1,SI-Drahi_100-d2-HOM-UHI-BLO-234c9220e7,TK-PB-Drahi_100-d2-HOM-UHI-a94fc823b8-r3,SS-0f9d20ee9bb3,risk_neutral_expectation,3,DETERMINISTIC_RH,STATIC_DEMAND_SHARE,pv,5,7,1,1.0,8.0,0.0,15.399999999999999,23.0,0.0,0.0,false,0.0,0.0,0.0,0.0,0.0
shared_battery_mode_node_level_v1,SI-Drahi_100-d2-HOM-UHI-BLO-234c9220e7,TK-PB-Drahi_100-d2-HOM-UHI-a94fc823b8-r3,SS-0f9d20ee9bb3,risk_neutral_expectation,3,DETERMINISTIC_RH,STATIC_DEMAND_SHARE,pv,5,8,1,1.0,0.0,0.0,23.0,23.0,0.0,0.0,false,0.0,0.0,0.0,0.0,0.0
shared_battery_mode_node_level_v1,SI-Drahi_100-d2-HOM-UHI-BLO-234c9220e7,TK-PB-Drahi_100-d2-HOM-UHI-a94fc823b8-r3,SS-1a86897e8e62,risk_neutral_expectation,3,DETERMINISTIC_RH,STATIC_DEMAND_SHARE,pv,9,9,1,1.0,0.0,0.0,23.0,23.0,0.0,0.0,false,0.0,0.0,0.0,0.0,0.0
shared_battery_mode_node_level_v1,SI-Drahi_100-d2-HOM-UHI-BLO-234c9220e7,TK-PB-Drahi_100-d2-HOM-UHI-a94fc823b8-r3,SS-1a86897e8e62,risk_neutral_expectation,3,DETERMINISTIC_RH,STATIC_DEMAND_SHARE,pv,9,10,1,1.0,0.0,0.0,23.0,23.0,0.0,0.0,false,0.0,0.0,0.0,0.0,0.0
shared_battery_mode_node_level_v1,SI-Drahi_100-d2-HOM-UHI-BLO-234c9220e7,TK-PB-Drahi_100-d2-HOM-UHI-a94fc823b8-r3,SS-1a86897e8e62,risk_neutral_expectation,3,DETERMINISTIC_RH,STATIC_DEMAND_SHARE,pv,9,11,1,1.0,5.861977570020827e-13,0.0,23.0,23.000000000000558,0.0,0.0,false,0.0,0.0,0.0,0.0,0.0
shared_battery_mode_node_level_v1,SI-Drahi_100-d2-HOM-UHI-BLO-234c9220e7,TK-PB-Drahi_100-d2-HOM-UHI-a94fc823b8-r3,SS-1a86897e8e62,risk_neutral_expectation,3,DETERMINISTIC_RH,STATIC_DEMAND_SHARE,pv,9,12,1,1.0,0.0,0.0,23.000000000000558,23.000000000000558,0.0,0.0,false,0.0,0.0,0.0,0.0,0.0
shared_battery_mode_node_level_v1,SI-Drahi_100-d2-HOM-UHI-BLO-234c9220e7,TK-PB-Drahi_100-d2-HOM-UHI-a94fc823b8-r3,SS-75c66aa1cb9f,risk_neutral_expectation,3,DETERMINISTIC_RH,STATIC_DEMAND_SHARE,pv,13,13,1,1.0,0.0,0.0,23.000000000000558,23.000000000000558,0.0,0.0,false,0.0,0.0,0.0,0.0,0.0
shared_battery_mode_node_level_v1,SI-Drahi_100-d2-HOM-UHI-BLO-234c9220e7,TK-PB-Drahi_100-d2-HOM-UHI-a94fc823b8-r3,SS-75c66aa1cb9f,risk_neutral_expectation,3,DETERMINISTIC_RH,STATIC_DEMAND_SHARE,pv,13,14,1,1.0,0.0,0.0,23.000000000000558,23.000000000000558,0.0,0.0,false,0.0,0.0,0.0,0.0,0.0
shared_battery_mode_node_level_v1,SI-Drahi_100-d2-HOM-UHI-BLO-234c9220e7,TK-PB-Drahi_100-d2-HOM-UHI-a94fc823b8-r3,SS-75c66aa1cb9f,risk_neutral_expectation,3,DETERMINISTIC_RH,STATIC_DEMAND_SHARE,pv,13,15,1,1.0,0.0,0.0,23.000000000000558,23.000000000000558,0.0,0.0,false,0.0,0.0,0.0,0.0,0.0
shared_battery_mode_node_level_v1,SI-Drahi_100-d2-HOM-UHI-BLO-234c9220e7,TK-PB-Drahi_100-d2-HOM-UHI-a94fc823b8-r3,SS-75c66aa1cb9f,risk_neutral_expectation,3,DETERMINISTIC_RH,STATIC_DEMAND_SHARE,pv,13,16,1,1.0,0.0,0.0,23.000000000000558,23.000000000000558,0.0,0.0,false,0.0,0.0,0.0,0.0,0.0
shared_battery_mode_node_level_v1,SI-Drahi_100-d2-HOM-UHI-BLO-234c9220e7,TK-PB-Drahi_100-d2-HOM-UHI-a94fc823b8-r3,SS-ba344dd16b2c,risk_neutral_expectation,3,DETERMINISTIC_RH,STATIC_DEMAND_SHARE,pv,17,17,1,1.0,0.0,0.0,23.000000000000558,23.000000000000558,0.0,0.0,false,0.0,0.0,0.0,0.0,0.0
shared_battery_mode_node_level_v1,SI-Drahi_100-d2-HOM-UHI-BLO-234c9220e7,TK-PB-Drahi_100-d2-HOM-UHI-a94fc823b8-r3,SS-ba344dd16b2c,risk_neutral_expectation,3,DETERMINISTIC_RH,STATIC_DEMAND_SHARE,pv,17,18,1,1.0,2.5927977839329266,0.0,23.000000000000558,25.463157894736838,0.0,0.0,false,0.0,0.0,0.0,0.0,0.0
shared_battery_mode_node_level_v1,SI-Drahi_100-d2-HOM-UHI-BLO-234c9220e7,TK-PB-Drahi_100-d2-HOM-UHI-a94fc823b8-r3,SS-ba344dd16b2c,risk_neutral_expectation,3,DETERMINISTIC_RH,STATIC_DEMAND_SHARE,pv,17,19,1,0.0,0.0,8.0,25.463157894736838,17.042105263157893,0.0,0.0,false,0.0,0.0,0.0,0.0,0.0
shared_battery_mode_node_level_v1,SI-Drahi_100-d2-HOM-UHI-BLO-234c9220e7,TK-PB-Drahi_100-d2-HOM-UHI-a94fc823b8-r3,SS-ba344dd16b2c,risk_neutral_expectation,3,DETERMINISTIC_RH,STATIC_DEMAND_SHARE,pv,17,20,1,0.0,0.0,8.0,17.042105263157893,8.621052631578946,0.0,0.0,false,0.0,0.0,0.0,0.0,0.0
shared_battery_mode_node_level_v1,SI-Drahi_100-d2-HOM-UHI-BLO-234c9220e7,TK-PB-Drahi_100-d2-HOM-UHI-a94fc823b8-r3,SS-7ebaa4bc0fc2,risk_neutral_expectation,3,DETERMINISTIC_RH,STATIC_DEMAND_SHARE,pv,21,21,1,1.0,0.0,0.0,8.621052631578946,8.621052631578946,0.0,0.0,false,0.0,0.0,0.0,0.0,0.0
shared_battery_mode_node_level_v1,SI-Drahi_100-d2-HOM-UHI-BLO-234c9220e7,TK-PB-Drahi_100-d2-HOM-UHI-a94fc823b8-r3,SS-7ebaa4bc0fc2,risk_neutral_expectation,3,DETERMINISTIC_RH,STATIC_DEMAND_SHARE,pv,21,22,1,1.0,0.0,0.0,8.621052631578946,8.621052631578946,0.0,0.0,false,0.0,0.0,0.0,0.0,0.0
shared_battery_mode_node_level_v1,SI-Drahi_100-d2-HOM-UHI-BLO-234c9220e7,TK-PB-Drahi_100-d2-HOM-UHI-a94fc823b8-r3,SS-7ebaa4bc0fc2,risk_neutral_expectation,3,DETERMINISTIC_RH,STATIC_DEMAND_SHARE,pv,21,23,1,0.0,0.0,8.0,8.621052631578946,0.1999999999999993,0.0,0.0,false,0.0,0.0,0.0,7.216449660063518e-16,0.0
shared_battery_mode_node_level_v1,SI-Drahi_100-d2-HOM-UHI-BLO-234c9220e7,TK-PB-Drahi_100-d2-HOM-UHI-a94fc823b8-r3,SS-7ebaa4bc0fc2,risk_neutral_expectation,3,DETERMINISTIC_RH,STATIC_DEMAND_SHARE,pv,21,24,1,1.0,0.0,0.0,0.1999999999999993,0.1999999999999993,0.0,0.0,false,0.0,0.0,0.0,7.216449660063518e-16,0.0
shared_battery_mode_node_level_v1,SI-Drahi_100-d2-HOM-UHI-BLO-234c9220e7,TK-PB-Drahi_100-d2-HOM-UHI-a94fc823b8-r3,SS-b8f4fc76bd1d,risk_neutral_expectation,3,MULTISTAGE_RH,LEXMMFPEA,pv,1,1,1,1.0,0.0,0.0,0.2,0.2,0.0,0.0,false,0.0,0.0,0.0,0.0,0.0
shared_battery_mode_node_level_v1,SI-Drahi_100-d2-HOM-UHI-BLO-234c9220e7,TK-PB-Drahi_100-d2-HOM-UHI-a94fc823b8-r3,SS-b8f4fc76bd1d,risk_neutral_expectation,3,MULTISTAGE_RH,LEXMMFPEA,pv,1,2,1,1.0,8.0,0.0,0.2,7.8,0.0,0.0,false,0.0,0.0,0.0,0.0,0.0
shared_battery_mode_node_level_v1,SI-Drahi_100-d2-HOM-UHI-BLO-234c9220e7,TK-PB-Drahi_100-d2-HOM-UHI-a94fc823b8-r3,SS-b8f4fc76bd1d,risk_neutral_expectation,3,MULTISTAGE_RH,LEXMMFPEA,pv,1,3,1,1.0,0.0,0.0,7.8,7.8,0.0,0.0,false,0.0,0.0,0.0,0.0,0.0
shared_battery_mode_node_level_v1,SI-Drahi_100-d2-HOM-UHI-BLO-234c9220e7,TK-PB-Drahi_100-d2-HOM-UHI-a94fc823b8-r3,SS-b8f4fc76bd1d,risk_neutral_expectation,3,MULTISTAGE_RH,LEXMMFPEA,pv,1,4,1,1.0,0.0,0.0,7.8,7.8,0.0,0.0,false,0.0,0.0,0.0,0.0,0.0
shared_battery_mode_node_level_v1,SI-Drahi_100-d2-HOM-UHI-BLO-234c9220e7,TK-PB-Drahi_100-d2-HOM-UHI-a94fc823b8-r3,SS-0f9d20ee9bb3,risk_neutral_expectation,3,MULTISTAGE_RH,LEXMMFPEA,pv,5,5,1,1.0,0.0,0.0,7.8,7.8,0.0,0.0,false,0.0,0.0,0.0,0.0,0.0
shared_battery_mode_node_level_v1,SI-Drahi_100-d2-HOM-UHI-BLO-234c9220e7,TK-PB-Drahi_100-d2-HOM-UHI-a94fc823b8-r3,SS-0f9d20ee9bb3,risk_neutral_expectation,3,MULTISTAGE_RH,LEXMMFPEA,pv,5,6,1,1.0,8.0,0.0,7.8,15.399999999999999,0.0,0.0,false,0.0,0.0,0.0,0.0,0.0
shared_battery_mode_node_level_v1,SI-Drahi_100-d2-HOM-UHI-BLO-234c9220e7,TK-PB-Drahi_100-d2-HOM-UHI-a94fc823b8-r3,SS-0f9d20ee9bb3,risk_neutral_expectation,3,MULTISTAGE_RH,LEXMMFPEA,pv,5,7,1,1.0,8.0,0.0,15.399999999999999,23.0,0.0,0.0,false,0.0,0.0,0.0,0.0,0.0
shared_battery_mode_node_level_v1,SI-Drahi_100-d2-HOM-UHI-BLO-234c9220e7,TK-PB-Drahi_100-d2-HOM-UHI-a94fc823b8-r3,SS-0f9d20ee9bb3,risk_neutral_expectation,3,MULTISTAGE_RH,LEXMMFPEA,pv,5,8,1,1.0,0.0,0.0,23.0,23.0,0.0,0.0,false,0.0,0.0,0.0,0.0,0.0
shared_battery_mode_node_level_v1,SI-Drahi_100-d2-HOM-UHI-BLO-234c9220e7,TK-PB-Drahi_100-d2-HOM-UHI-a94fc823b8-r3,SS-1a86897e8e62,risk_neutral_expectation,3,MULTISTAGE_RH,LEXMMFPEA,pv,9,9,1,1.0,0.0,0.0,23.0,23.0,0.0,0.0,false,0.0,0.0,0.0,0.0,0.0
shared_battery_mode_node_level_v1,SI-Drahi_100-d2-HOM-UHI-BLO-234c9220e7,TK-PB-Drahi_100-d2-HOM-UHI-a94fc823b8-r3,SS-1a86897e8e62,risk_neutral_expectation,3,MULTISTAGE_RH,LEXMMFPEA,pv,9,10,1,0.0,0.0,0.0,23.0,23.0,0.0,0.0,false,0.0,0.0,0.0,0.0,0.0
shared_battery_mode_node_level_v1,SI-Drahi_100-d2-HOM-UHI-BLO-234c9220e7,TK-PB-Drahi_100-d2-HOM-UHI-a94fc823b8-r3,SS-1a86897e8e62,risk_neutral_expectation,3,MULTISTAGE_RH,LEXMMFPEA,pv,9,11,1,0.0,0.0,0.0,23.0,23.0,0.0,0.0,false,0.0,0.0,0.0,0.0,0.0
shared_battery_mode_node_level_v1,SI-Drahi_100-d2-HOM-UHI-BLO-234c9220e7,TK-PB-Drahi_100-d2-HOM-UHI-a94fc823b8-r3,SS-1a86897e8e62,risk_neutral_expectation,3,MULTISTAGE_RH,LEXMMFPEA,pv,9,12,1,1.0,0.0,0.0,23.0,23.0,0.0,0.0,false,0.0,0.0,0.0,0.0,0.0
shared_battery_mode_node_level_v1,SI-Drahi_100-d2-HOM-UHI-BLO-234c9220e7,TK-PB-Drahi_100-d2-HOM-UHI-a94fc823b8-r3,SS-75c66aa1cb9f,risk_neutral_expectation,3,MULTISTAGE_RH,LEXMMFPEA,pv,13,13,1,0.0,0.0,0.0,23.0,23.0,0.0,0.0,false,0.0,0.0,0.0,0.0,0.0
shared_battery_mode_node_level_v1,SI-Drahi_100-d2-HOM-UHI-BLO-234c9220e7,TK-PB-Drahi_100-d2-HOM-UHI-a94fc823b8-r3,SS-75c66aa1cb9f,risk_neutral_expectation,3,MULTISTAGE_RH,LEXMMFPEA,pv,13,14,1,1.0,0.0,0.0,23.0,23.0,0.0,0.0,false,0.0,0.0,0.0,0.0,0.0
shared_battery_mode_node_level_v1,SI-Drahi_100-d2-HOM-UHI-BLO-234c9220e7,TK-PB-Drahi_100-d2-HOM-UHI-a94fc823b8-r3,SS-75c66aa1cb9f,risk_neutral_expectation,3,MULTISTAGE_RH,LEXMMFPEA,pv,13,15,1,1.0,0.0,0.0,23.0,23.0,0.0,0.0,false,0.0,0.0,0.0,0.0,0.0
shared_battery_mode_node_level_v1,SI-Drahi_100-d2-HOM-UHI-BLO-234c9220e7,TK-PB-Drahi_100-d2-HOM-UHI-a94fc823b8-r3,SS-75c66aa1cb9f,risk_neutral_expectation,3,MULTISTAGE_RH,LEXMMFPEA,pv,13,16,1,0.0,0.0,0.0,23.0,23.0,0.0,0.0,false,0.0,0.0,0.0,0.0,0.0
shared_battery_mode_node_level_v1,SI-Drahi_100-d2-HOM-UHI-BLO-234c9220e7,TK-PB-Drahi_100-d2-HOM-UHI-a94fc823b8-r3,SS-ba344dd16b2c,risk_neutral_expectation,3,MULTISTAGE_RH,LEXMMFPEA,pv,17,17,1,0.0,0.0,0.0,23.0,23.0,0.0,0.0,false,0.0,0.0,0.0,0.0,0.0
shared_battery_mode_node_level_v1,SI-Drahi_100-d2-HOM-UHI-BLO-234c9220e7,TK-PB-Drahi_100-d2-HOM-UHI-a94fc823b8-r3,SS-ba344dd16b2c,risk_neutral_expectation,3,MULTISTAGE_RH,LEXMMFPEA,pv,17,18,1,1.0,2.592797783933513,0.0,23.0,25.463157894736838,0.0,0.0,false,0.0,0.0,0.0,0.0,0.0
shared_battery_mode_node_level_v1,SI-Drahi_100-d2-HOM-UHI-BLO-234c9220e7,TK-PB-Drahi_100-d2-HOM-UHI-a94fc823b8-r3,SS-ba344dd16b2c,risk_neutral_expectation,3,MULTISTAGE_RH,LEXMMFPEA,pv,17,19,1,0.0,0.0,8.0,25.463157894736838,17.042105263157893,0.0,0.0,false,0.0,0.0,0.0,0.0,0.0
shared_battery_mode_node_level_v1,SI-Drahi_100-d2-HOM-UHI-BLO-234c9220e7,TK-PB-Drahi_100-d2-HOM-UHI-a94fc823b8-r3,SS-ba344dd16b2c,risk_neutral_expectation,3,MULTISTAGE_RH,LEXMMFPEA,pv,17,20,1,0.0,0.0,8.0,17.042105263157893,8.621052631578946,0.0,0.0,false,0.0,0.0,0.0,0.0,0.0
shared_battery_mode_node_level_v1,SI-Drahi_100-d2-HOM-UHI-BLO-234c9220e7,TK-PB-Drahi_100-d2-HOM-UHI-a94fc823b8-r3,SS-7ebaa4bc0fc2,risk_neutral_expectation,3,MULTISTAGE_RH,LEXMMFPEA,pv,21,21,1,0.0,0.0,0.0,8.621052631578946,8.621052631578946,0.0,0.0,false,0.0,0.0,0.0,0.0,0.0
shared_battery_mode_node_level_v1,SI-Drahi_100-d2-HOM-UHI-BLO-234c9220e7,TK-PB-Drahi_100-d2-HOM-UHI-a94fc823b8-r3,SS-7ebaa4bc0fc2,risk_neutral_expectation,3,MULTISTAGE_RH,LEXMMFPEA,pv,21,22,1,1.0,0.0,0.0,8.621052631578946,8.621052631578946,0.0,0.0,false,0.0,0.0,0.0,0.0,0.0
shared_battery_mode_node_level_v1,SI-Drahi_100-d2-HOM-UHI-BLO-234c9220e7,TK-PB-Drahi_100-d2-HOM-UHI-a94fc823b8-r3,SS-7ebaa4bc0fc2,risk_neutral_expectation,3,MULTISTAGE_RH,LEXMMFPEA,pv,21,23,1,0.0,0.0,8.0,8.621052631578946,0.1999999999999993,0.0,0.0,false,0.0,0.0,7.216449660063518e-16,7.216449660063518e-16,0.0
shared_battery_mode_node_level_v1,SI-Drahi_100-d2-HOM-UHI-BLO-234c9220e7,TK-PB-Drahi_100-d2-HOM-UHI-a94fc823b8-r3,SS-7ebaa4bc0fc2,risk_neutral_expectation,3,MULTISTAGE_RH,LEXMMFPEA,pv,21,24,1,1.0,0.0,0.0,0.1999999999999993,0.1999999999999993,0.0,0.0,false,0.0,0.0,7.216449660063518e-16,7.216449660063518e-16,0.0
shared_battery_mode_node_level_v1,SI-Drahi_100-d2-HOM-UHI-BLO-234c9220e7,TK-PB-Drahi_100-d2-HOM-UHI-a94fc823b8-r3,SS-b8f4fc76bd1d,risk_neutral_expectation,3,MULTISTAGE_RH,LEXMMFSA,savings,1,1,1,1.0,0.0,0.0,0.2,0.2,0.0,0.0,false,0.0,0.0,0.0,0.0,0.0
shared_battery_mode_node_level_v1,SI-Drahi_100-d2-HOM-UHI-BLO-234c9220e7,TK-PB-Drahi_100-d2-HOM-UHI-a94fc823b8-r3,SS-b8f4fc76bd1d,risk_neutral_expectation,3,MULTISTAGE_RH,LEXMMFSA,savings,1,2,1,1.0,8.0,0.0,0.2,7.8,0.0,0.0,false,0.0,0.0,8.881784197001252e-16,0.0,0.0
shared_battery_mode_node_level_v1,SI-Drahi_100-d2-HOM-UHI-BLO-234c9220e7,TK-PB-Drahi_100-d2-HOM-UHI-a94fc823b8-r3,SS-b8f4fc76bd1d,risk_neutral_expectation,3,MULTISTAGE_RH,LEXMMFSA,savings,1,3,1,1.0,0.0,0.0,7.8,7.8,0.0,0.0,false,0.0,0.0,8.881784197001252e-16,0.0,0.0
shared_battery_mode_node_level_v1,SI-Drahi_100-d2-HOM-UHI-BLO-234c9220e7,TK-PB-Drahi_100-d2-HOM-UHI-a94fc823b8-r3,SS-b8f4fc76bd1d,risk_neutral_expectation,3,MULTISTAGE_RH,LEXMMFSA,savings,1,4,1,1.0,0.0,0.0,7.8,7.8,0.0,0.0,false,0.0,0.0,8.881784197001252e-16,0.0,0.0
shared_battery_mode_node_level_v1,SI-Drahi_100-d2-HOM-UHI-BLO-234c9220e7,TK-PB-Drahi_100-d2-HOM-UHI-a94fc823b8-r3,SS-0f9d20ee9bb3,risk_neutral_expectation,3,MULTISTAGE_RH,LEXMMFSA,savings,5,5,1,1.0,0.0,0.0,7.8,7.8,0.0,0.0,false,0.0,0.0,0.0,0.0,0.0
shared_battery_mode_node_level_v1,SI-Drahi_100-d2-HOM-UHI-BLO-234c9220e7,TK-PB-Drahi_100-d2-HOM-UHI-a94fc823b8-r3,SS-0f9d20ee9bb3,risk_neutral_expectation,3,MULTISTAGE_RH,LEXMMFSA,savings,5,6,1,1.0,8.0,0.0,7.8,15.399999999999999,0.0,0.0,false,0.0,0.0,1.7763568394002505e-15,0.0,0.0
shared_battery_mode_node_level_v1,SI-Drahi_100-d2-HOM-UHI-BLO-234c9220e7,TK-PB-Drahi_100-d2-HOM-UHI-a94fc823b8-r3,SS-0f9d20ee9bb3,risk_neutral_expectation,3,MULTISTAGE_RH,LEXMMFSA,savings,5,7,1,1.0,8.0,0.0,15.399999999999999,23.0,0.0,0.0,false,0.0,0.0,0.0,0.0,0.0
shared_battery_mode_node_level_v1,SI-Drahi_100-d2-HOM-UHI-BLO-234c9220e7,TK-PB-Drahi_100-d2-HOM-UHI-a94fc823b8-r3,SS-0f9d20ee9bb3,risk_neutral_expectation,3,MULTISTAGE_RH,LEXMMFSA,savings,5,8,1,1.0,0.0,0.0,23.0,23.0,0.0,0.0,false,0.0,0.0,0.0,0.0,0.0
shared_battery_mode_node_level_v1,SI-Drahi_100-d2-HOM-UHI-BLO-234c9220e7,TK-PB-Drahi_100-d2-HOM-UHI-a94fc823b8-r3,SS-1a86897e8e62,risk_neutral_expectation,3,MULTISTAGE_RH,LEXMMFSA,savings,9,9,1,1.0,0.0,0.0,23.0,23.0,0.0,0.0,false,0.0,0.0,0.0,0.0,0.0
shared_battery_mode_node_level_v1,SI-Drahi_100-d2-HOM-UHI-BLO-234c9220e7,TK-PB-Drahi_100-d2-HOM-UHI-a94fc823b8-r3,SS-1a86897e8e62,risk_neutral_expectation,3,MULTISTAGE_RH,LEXMMFSA,savings,9,10,1,1.0,0.0,0.0,23.0,23.0,0.0,0.0,false,0.0,0.0,0.0,0.0,0.0
shared_battery_mode_node_level_v1,SI-Drahi_100-d2-HOM-UHI-BLO-234c9220e7,TK-PB-Drahi_100-d2-HOM-UHI-a94fc823b8-r3,SS-1a86897e8e62,risk_neutral_expectation,3,MULTISTAGE_RH,LEXMMFSA,savings,9,11,1,1.0,0.0,0.0,23.0,23.0,0.0,0.0,false,0.0,0.0,0.0,0.0,0.0
shared_battery_mode_node_level_v1,SI-Drahi_100-d2-HOM-UHI-BLO-234c9220e7,TK-PB-Drahi_100-d2-HOM-UHI-a94fc823b8-r3,SS-1a86897e8e62,risk_neutral_expectation,3,MULTISTAGE_RH,LEXMMFSA,savings,9,12,1,1.0,0.0,0.0,23.0,23.0,0.0,0.0,false,0.0,0.0,0.0,0.0,0.0
shared_battery_mode_node_level_v1,SI-Drahi_100-d2-HOM-UHI-BLO-234c9220e7,TK-PB-Drahi_100-d2-HOM-UHI-a94fc823b8-r3,SS-75c66aa1cb9f,risk_neutral_expectation,3,MULTISTAGE_RH,LEXMMFSA,savings,13,13,1,1.0,0.0,0.0,23.0,23.0,0.0,0.0,false,0.0,0.0,0.0,0.0,0.0
shared_battery_mode_node_level_v1,SI-Drahi_100-d2-HOM-UHI-BLO-234c9220e7,TK-PB-Drahi_100-d2-HOM-UHI-a94fc823b8-r3,SS-75c66aa1cb9f,risk_neutral_expectation,3,MULTISTAGE_RH,LEXMMFSA,savings,13,14,1,1.0,0.0,0.0,23.0,23.0,0.0,0.0,false,0.0,0.0,0.0,0.0,0.0
shared_battery_mode_node_level_v1,SI-Drahi_100-d2-HOM-UHI-BLO-234c9220e7,TK-PB-Drahi_100-d2-HOM-UHI-a94fc823b8-r3,SS-75c66aa1cb9f,risk_neutral_expectation,3,MULTISTAGE_RH,LEXMMFSA,savings,13,15,1,1.0,0.0,0.0,23.0,23.0,0.0,0.0,false,0.0,0.0,0.0,0.0,0.0
shared_battery_mode_node_level_v1,SI-Drahi_100-d2-HOM-UHI-BLO-234c9220e7,TK-PB-Drahi_100-d2-HOM-UHI-a94fc823b8-r3,SS-75c66aa1cb9f,risk_neutral_expectation,3,MULTISTAGE_RH,LEXMMFSA,savings,13,16,1,1.0,0.0,0.0,23.0,23.0,0.0,0.0,false,0.0,0.0,0.0,0.0,0.0
shared_battery_mode_node_level_v1,SI-Drahi_100-d2-HOM-UHI-BLO-234c9220e7,TK-PB-Drahi_100-d2-HOM-UHI-a94fc823b8-r3,SS-ba344dd16b2c,risk_neutral_expectation,3,MULTISTAGE_RH,LEXMMFSA,savings,17,17,1,1.0,0.0,0.0,23.0,23.0,0.0,0.0,false,0.0,0.0,0.0,0.0,0.0
shared_battery_mode_node_level_v1,SI-Drahi_100-d2-HOM-UHI-BLO-234c9220e7,TK-PB-Drahi_100-d2-HOM-UHI-a94fc823b8-r3,SS-ba344dd16b2c,risk_neutral_expectation,3,MULTISTAGE_RH,LEXMMFSA,savings,17,18,1,1.0,2.592797783933449,0.0,23.0,25.463157894736778,0.0,0.0,false,0.0,0.0,3.552713678800501e-15,0.0,0.0
shared_battery_mode_node_level_v1,SI-Drahi_100-d2-HOM-UHI-BLO-234c9220e7,TK-PB-Drahi_100-d2-HOM-UHI-a94fc823b8-r3,SS-ba344dd16b2c,risk_neutral_expectation,3,MULTISTAGE_RH,LEXMMFSA,savings,17,19,1,0.0,0.0,8.0,25.463157894736778,17.04210526315783,0.0,0.0,false,0.0,0.0,6.394884621840902e-14,0.0,0.0
shared_battery_mode_node_level_v1,SI-Drahi_100-d2-HOM-UHI-BLO-234c9220e7,TK-PB-Drahi_100-d2-HOM-UHI-a94fc823b8-r3,SS-ba344dd16b2c,risk_neutral_expectation,3,MULTISTAGE_RH,LEXMMFSA,savings,17,20,1,0.0,0.0,8.0,17.04210526315783,8.621052631578882,0.0,0.0,false,0.0,0.0,6.394884621840902e-14,0.0,0.0
shared_battery_mode_node_level_v1,SI-Drahi_100-d2-HOM-UHI-BLO-234c9220e7,TK-PB-Drahi_100-d2-HOM-UHI-a94fc823b8-r3,SS-7ebaa4bc0fc2,risk_neutral_expectation,3,MULTISTAGE_RH,LEXMMFSA,savings,21,21,1,1.0,0.0,0.0,8.621052631578882,8.621052631578882,0.0,0.0,false,0.0,0.0,0.0,0.0,0.0
shared_battery_mode_node_level_v1,SI-Drahi_100-d2-HOM-UHI-BLO-234c9220e7,TK-PB-Drahi_100-d2-HOM-UHI-a94fc823b8-r3,SS-7ebaa4bc0fc2,risk_neutral_expectation,3,MULTISTAGE_RH,LEXMMFSA,savings,21,22,1,1.0,0.0,0.0,8.621052631578882,8.621052631578882,0.0,0.0,false,0.0,0.0,0.0,0.0,0.0
shared_battery_mode_node_level_v1,SI-Drahi_100-d2-HOM-UHI-BLO-234c9220e7,TK-PB-Drahi_100-d2-HOM-UHI-a94fc823b8-r3,SS-7ebaa4bc0fc2,risk_neutral_expectation,3,MULTISTAGE_RH,LEXMMFSA,savings,21,23,1,0.0,0.0,8.0,8.621052631578882,0.19999999999993534,0.0,0.0,false,0.0,0.0,0.0,6.467049118441537e-14,0.0
shared_battery_mode_node_level_v1,SI-Drahi_100-d2-HOM-UHI-BLO-234c9220e7,TK-PB-Drahi_100-d2-HOM-UHI-a94fc823b8-r3,SS-7ebaa4bc0fc2,risk_neutral_expectation,3,MULTISTAGE_RH,LEXMMFSA,savings,21,24,1,1.0,0.0,0.0,0.19999999999993534,0.19999999999993534,0.0,0.0,false,0.0,0.0,0.0,6.467049118441537e-14,0.0
shared_battery_mode_node_level_v1,SI-Drahi_100-d2-HOM-UHI-BLO-234c9220e7,TK-PB-Drahi_100-d2-HOM-UHI-a94fc823b8-r3,SS-b8f4fc76bd1d,risk_neutral_expectation,3,MULTISTAGE_RH,NONE,none,1,1,1,1.0,0.0,0.0,0.2,0.2,0.0,0.0,false,0.0,0.0,0.0,0.0,0.0
shared_battery_mode_node_level_v1,SI-Drahi_100-d2-HOM-UHI-BLO-234c9220e7,TK-PB-Drahi_100-d2-HOM-UHI-a94fc823b8-r3,SS-b8f4fc76bd1d,risk_neutral_expectation,3,MULTISTAGE_RH,NONE,none,1,2,1,1.0,8.0,0.0,0.2,7.8,0.0,0.0,false,0.0,0.0,0.0,0.0,0.0
shared_battery_mode_node_level_v1,SI-Drahi_100-d2-HOM-UHI-BLO-234c9220e7,TK-PB-Drahi_100-d2-HOM-UHI-a94fc823b8-r3,SS-b8f4fc76bd1d,risk_neutral_expectation,3,MULTISTAGE_RH,NONE,none,1,3,1,1.0,0.0,0.0,7.8,7.8,0.0,0.0,false,0.0,0.0,0.0,0.0,0.0
shared_battery_mode_node_level_v1,SI-Drahi_100-d2-HOM-UHI-BLO-234c9220e7,TK-PB-Drahi_100-d2-HOM-UHI-a94fc823b8-r3,SS-b8f4fc76bd1d,risk_neutral_expectation,3,MULTISTAGE_RH,NONE,none,1,4,1,1.0,0.0,0.0,7.8,7.8,0.0,0.0,false,0.0,0.0,0.0,0.0,0.0
shared_battery_mode_node_level_v1,SI-Drahi_100-d2-HOM-UHI-BLO-234c9220e7,TK-PB-Drahi_100-d2-HOM-UHI-a94fc823b8-r3,SS-0f9d20ee9bb3,risk_neutral_expectation,3,MULTISTAGE_RH,NONE,none,5,5,1,1.0,0.0,0.0,7.8,7.8,0.0,0.0,false,0.0,0.0,0.0,0.0,0.0
shared_battery_mode_node_level_v1,SI-Drahi_100-d2-HOM-UHI-BLO-234c9220e7,TK-PB-Drahi_100-d2-HOM-UHI-a94fc823b8-r3,SS-0f9d20ee9bb3,risk_neutral_expectation,3,MULTISTAGE_RH,NONE,none,5,6,1,1.0,8.0,0.0,7.8,15.399999999999999,0.0,0.0,false,0.0,0.0,0.0,0.0,0.0
shared_battery_mode_node_level_v1,SI-Drahi_100-d2-HOM-UHI-BLO-234c9220e7,TK-PB-Drahi_100-d2-HOM-UHI-a94fc823b8-r3,SS-0f9d20ee9bb3,risk_neutral_expectation,3,MULTISTAGE_RH,NONE,none,5,7,1,1.0,8.0,0.0,15.399999999999999,23.0,0.0,0.0,false,0.0,0.0,0.0,0.0,0.0
shared_battery_mode_node_level_v1,SI-Drahi_100-d2-HOM-UHI-BLO-234c9220e7,TK-PB-Drahi_100-d2-HOM-UHI-a94fc823b8-r3,SS-0f9d20ee9bb3,risk_neutral_expectation,3,MULTISTAGE_RH,NONE,none,5,8,1,1.0,0.0,0.0,23.0,23.0,0.0,0.0,false,0.0,0.0,0.0,0.0,0.0
shared_battery_mode_node_level_v1,SI-Drahi_100-d2-HOM-UHI-BLO-234c9220e7,TK-PB-Drahi_100-d2-HOM-UHI-a94fc823b8-r3,SS-1a86897e8e62,risk_neutral_expectation,3,MULTISTAGE_RH,NONE,none,9,9,1,1.0,0.0,0.0,23.0,23.0,0.0,0.0,false,0.0,0.0,0.0,0.0,0.0
shared_battery_mode_node_level_v1,SI-Drahi_100-d2-HOM-UHI-BLO-234c9220e7,TK-PB-Drahi_100-d2-HOM-UHI-a94fc823b8-r3,SS-1a86897e8e62,risk_neutral_expectation,3,MULTISTAGE_RH,NONE,none,9,10,1,1.0,0.0,0.0,23.0,23.0,0.0,0.0,false,0.0,0.0,0.0,0.0,0.0
shared_battery_mode_node_level_v1,SI-Drahi_100-d2-HOM-UHI-BLO-234c9220e7,TK-PB-Drahi_100-d2-HOM-UHI-a94fc823b8-r3,SS-1a86897e8e62,risk_neutral_expectation,3,MULTISTAGE_RH,NONE,none,9,11,1,1.0,0.0,0.0,23.0,23.0,0.0,0.0,false,0.0,0.0,0.0,0.0,0.0
shared_battery_mode_node_level_v1,SI-Drahi_100-d2-HOM-UHI-BLO-234c9220e7,TK-PB-Drahi_100-d2-HOM-UHI-a94fc823b8-r3,SS-1a86897e8e62,risk_neutral_expectation,3,MULTISTAGE_RH,NONE,none,9,12,1,1.0,0.0,0.0,23.0,23.0,0.0,0.0,false,0.0,0.0,0.0,0.0,0.0
shared_battery_mode_node_level_v1,SI-Drahi_100-d2-HOM-UHI-BLO-234c9220e7,TK-PB-Drahi_100-d2-HOM-UHI-a94fc823b8-r3,SS-75c66aa1cb9f,risk_neutral_expectation,3,MULTISTAGE_RH,NONE,none,13,13,1,1.0,0.0,0.0,23.0,23.0,0.0,0.0,false,0.0,0.0,0.0,0.0,0.0
shared_battery_mode_node_level_v1,SI-Drahi_100-d2-HOM-UHI-BLO-234c9220e7,TK-PB-Drahi_100-d2-HOM-UHI-a94fc823b8-r3,SS-75c66aa1cb9f,risk_neutral_expectation,3,MULTISTAGE_RH,NONE,none,13,14,1,1.0,0.0,0.0,23.0,23.0,0.0,0.0,false,0.0,0.0,0.0,0.0,0.0
shared_battery_mode_node_level_v1,SI-Drahi_100-d2-HOM-UHI-BLO-234c9220e7,TK-PB-Drahi_100-d2-HOM-UHI-a94fc823b8-r3,SS-75c66aa1cb9f,risk_neutral_expectation,3,MULTISTAGE_RH,NONE,none,13,15,1,1.0,0.0,0.0,23.0,23.0,0.0,0.0,false,0.0,0.0,0.0,0.0,0.0
shared_battery_mode_node_level_v1,SI-Drahi_100-d2-HOM-UHI-BLO-234c9220e7,TK-PB-Drahi_100-d2-HOM-UHI-a94fc823b8-r3,SS-75c66aa1cb9f,risk_neutral_expectation,3,MULTISTAGE_RH,NONE,none,13,16,1,1.0,0.0,0.0,23.0,23.0,0.0,0.0,false,0.0,0.0,0.0,0.0,0.0
shared_battery_mode_node_level_v1,SI-Drahi_100-d2-HOM-UHI-BLO-234c9220e7,TK-PB-Drahi_100-d2-HOM-UHI-a94fc823b8-r3,SS-ba344dd16b2c,risk_neutral_expectation,3,MULTISTAGE_RH,NONE,none,17,17,1,1.0,0.0,0.0,23.0,23.0,0.0,0.0,false,0.0,0.0,0.0,0.0,0.0
shared_battery_mode_node_level_v1,SI-Drahi_100-d2-HOM-UHI-BLO-234c9220e7,TK-PB-Drahi_100-d2-HOM-UHI-a94fc823b8-r3,SS-ba344dd16b2c,risk_neutral_expectation,3,MULTISTAGE_RH,NONE,none,17,18,1,1.0,2.592797783933513,0.0,23.0,25.463157894736838,0.0,0.0,false,0.0,0.0,0.0,0.0,0.0
shared_battery_mode_node_level_v1,SI-Drahi_100-d2-HOM-UHI-BLO-234c9220e7,TK-PB-Drahi_100-d2-HOM-UHI-a94fc823b8-r3,SS-ba344dd16b2c,risk_neutral_expectation,3,MULTISTAGE_RH,NONE,none,17,19,1,0.0,0.0,8.0,25.463157894736838,17.042105263157893,0.0,0.0,false,0.0,0.0,0.0,0.0,0.0
shared_battery_mode_node_level_v1,SI-Drahi_100-d2-HOM-UHI-BLO-234c9220e7,TK-PB-Drahi_100-d2-HOM-UHI-a94fc823b8-r3,SS-ba344dd16b2c,risk_neutral_expectation,3,MULTISTAGE_RH,NONE,none,17,20,1,0.0,0.0,8.0,17.042105263157893,8.621052631578946,0.0,0.0,false,0.0,0.0,0.0,0.0,0.0
shared_battery_mode_node_level_v1,SI-Drahi_100-d2-HOM-UHI-BLO-234c9220e7,TK-PB-Drahi_100-d2-HOM-UHI-a94fc823b8-r3,SS-7ebaa4bc0fc2,risk_neutral_expectation,3,MULTISTAGE_RH,NONE,none,21,21,1,1.0,0.0,0.0,8.621052631578946,8.621052631578946,0.0,0.0,false,0.0,0.0,0.0,0.0,0.0
shared_battery_mode_node_level_v1,SI-Drahi_100-d2-HOM-UHI-BLO-234c9220e7,TK-PB-Drahi_100-d2-HOM-UHI-a94fc823b8-r3,SS-7ebaa4bc0fc2,risk_neutral_expectation,3,MULTISTAGE_RH,NONE,none,21,22,1,1.0,0.0,0.0,8.621052631578946,8.621052631578946,0.0,0.0,false,0.0,0.0,0.0,0.0,0.0
shared_battery_mode_node_level_v1,SI-Drahi_100-d2-HOM-UHI-BLO-234c9220e7,TK-PB-Drahi_100-d2-HOM-UHI-a94fc823b8-r3,SS-7ebaa4bc0fc2,risk_neutral_expectation,3,MULTISTAGE_RH,NONE,none,21,23,1,0.0,0.0,8.0,8.621052631578946,0.1999999999999993,0.0,0.0,false,0.0,0.0,0.0,7.216449660063518e-16,0.0
shared_battery_mode_node_level_v1,SI-Drahi_100-d2-HOM-UHI-BLO-234c9220e7,TK-PB-Drahi_100-d2-HOM-UHI-a94fc823b8-r3,SS-7ebaa4bc0fc2,risk_neutral_expectation,3,MULTISTAGE_RH,NONE,none,21,24,1,1.0,0.0,0.0,0.1999999999999993,0.1999999999999993,0.0,0.0,false,0.0,0.0,0.0,7.216449660063518e-16,0.0
shared_battery_mode_node_level_v1,SI-Drahi_100-d2-HOM-UHI-BLO-234c9220e7,TK-PB-Drahi_100-d2-HOM-UHI-a94fc823b8-r3,SS-b8f4fc76bd1d,risk_neutral_expectation,3,MULTISTAGE_RH,PEA,pv,1,1,1,1.0,0.0,0.0,0.2,0.2,0.0,0.0,false,0.0,0.0,0.0,0.0,0.0
shared_battery_mode_node_level_v1,SI-Drahi_100-d2-HOM-UHI-BLO-234c9220e7,TK-PB-Drahi_100-d2-HOM-UHI-a94fc823b8-r3,SS-b8f4fc76bd1d,risk_neutral_expectation,3,MULTISTAGE_RH,PEA,pv,1,2,1,1.0,8.0,0.0,0.2,7.8,0.0,0.0,false,0.0,0.0,0.0,0.0,0.0
shared_battery_mode_node_level_v1,SI-Drahi_100-d2-HOM-UHI-BLO-234c9220e7,TK-PB-Drahi_100-d2-HOM-UHI-a94fc823b8-r3,SS-b8f4fc76bd1d,risk_neutral_expectation,3,MULTISTAGE_RH,PEA,pv,1,3,1,1.0,0.0,0.0,7.8,7.8,0.0,0.0,false,0.0,0.0,0.0,0.0,0.0
shared_battery_mode_node_level_v1,SI-Drahi_100-d2-HOM-UHI-BLO-234c9220e7,TK-PB-Drahi_100-d2-HOM-UHI-a94fc823b8-r3,SS-b8f4fc76bd1d,risk_neutral_expectation,3,MULTISTAGE_RH,PEA,pv,1,4,1,1.0,0.0,0.0,7.8,7.8,0.0,0.0,false,0.0,0.0,0.0,0.0,0.0
shared_battery_mode_node_level_v1,SI-Drahi_100-d2-HOM-UHI-BLO-234c9220e7,TK-PB-Drahi_100-d2-HOM-UHI-a94fc823b8-r3,SS-0f9d20ee9bb3,risk_neutral_expectation,3,MULTISTAGE_RH,PEA,pv,5,5,1,1.0,0.0,0.0,7.8,7.8,0.0,0.0,false,0.0,0.0,0.0,0.0,0.0
shared_battery_mode_node_level_v1,SI-Drahi_100-d2-HOM-UHI-BLO-234c9220e7,TK-PB-Drahi_100-d2-HOM-UHI-a94fc823b8-r3,SS-0f9d20ee9bb3,risk_neutral_expectation,3,MULTISTAGE_RH,PEA,pv,5,6,1,1.0,8.0,0.0,7.8,15.399999999999999,0.0,0.0,false,0.0,0.0,0.0,0.0,0.0
shared_battery_mode_node_level_v1,SI-Drahi_100-d2-HOM-UHI-BLO-234c9220e7,TK-PB-Drahi_100-d2-HOM-UHI-a94fc823b8-r3,SS-0f9d20ee9bb3,risk_neutral_expectation,3,MULTISTAGE_RH,PEA,pv,5,7,1,1.0,7.999999999999999,0.0,15.399999999999999,22.999999999999996,0.0,0.0,false,0.0,0.0,0.0,0.0,0.0
shared_battery_mode_node_level_v1,SI-Drahi_100-d2-HOM-UHI-BLO-234c9220e7,TK-PB-Drahi_100-d2-HOM-UHI-a94fc823b8-r3,SS-0f9d20ee9bb3,risk_neutral_expectation,3,MULTISTAGE_RH,PEA,pv,5,8,1,1.0,0.0,0.0,22.999999999999996,22.999999999999996,0.0,0.0,false,0.0,0.0,0.0,0.0,0.0
shared_battery_mode_node_level_v1,SI-Drahi_100-d2-HOM-UHI-BLO-234c9220e7,TK-PB-Drahi_100-d2-HOM-UHI-a94fc823b8-r3,SS-1a86897e8e62,risk_neutral_expectation,3,MULTISTAGE_RH,PEA,pv,9,9,1,1.0,0.0,0.0,22.999999999999996,22.999999999999996,0.0,0.0,false,0.0,0.0,0.0,0.0,0.0
shared_battery_mode_node_level_v1,SI-Drahi_100-d2-HOM-UHI-BLO-234c9220e7,TK-PB-Drahi_100-d2-HOM-UHI-a94fc823b8-r3,SS-1a86897e8e62,risk_neutral_expectation,3,MULTISTAGE_RH,PEA,pv,9,10,1,1.0,0.0,0.0,22.999999999999996,22.999999999999996,0.0,0.0,false,0.0,0.0,0.0,0.0,0.0
shared_battery_mode_node_level_v1,SI-Drahi_100-d2-HOM-UHI-BLO-234c9220e7,TK-PB-Drahi_100-d2-HOM-UHI-a94fc823b8-r3,SS-1a86897e8e62,risk_neutral_expectation,3,MULTISTAGE_RH,PEA,pv,9,11,1,1.0,0.0,0.0,22.999999999999996,22.999999999999996,0.0,0.0,false,0.0,0.0,0.0,0.0,0.0
shared_battery_mode_node_level_v1,SI-Drahi_100-d2-HOM-UHI-BLO-234c9220e7,TK-PB-Drahi_100-d2-HOM-UHI-a94fc823b8-r3,SS-1a86897e8e62,risk_neutral_expectation,3,MULTISTAGE_RH,PEA,pv,9,12,1,1.0,0.0,0.0,22.999999999999996,22.999999999999996,0.0,0.0,false,0.0,0.0,0.0,0.0,0.0
shared_battery_mode_node_level_v1,SI-Drahi_100-d2-HOM-UHI-BLO-234c9220e7,TK-PB-Drahi_100-d2-HOM-UHI-a94fc823b8-r3,SS-75c66aa1cb9f,risk_neutral_expectation,3,MULTISTAGE_RH,PEA,pv,13,13,1,1.0,0.0,0.0,22.999999999999996,22.999999999999996,0.0,0.0,false,0.0,0.0,0.0,0.0,0.0
shared_battery_mode_node_level_v1,SI-Drahi_100-d2-HOM-UHI-BLO-234c9220e7,TK-PB-Drahi_100-d2-HOM-UHI-a94fc823b8-r3,SS-75c66aa1cb9f,risk_neutral_expectation,3,MULTISTAGE_RH,PEA,pv,13,14,1,1.0,0.0,0.0,22.999999999999996,22.999999999999996,0.0,0.0,false,0.0,0.0,0.0,0.0,0.0
shared_battery_mode_node_level_v1,SI-Drahi_100-d2-HOM-UHI-BLO-234c9220e7,TK-PB-Drahi_100-d2-HOM-UHI-a94fc823b8-r3,SS-75c66aa1cb9f,risk_neutral_expectation,3,MULTISTAGE_RH,PEA,pv,13,15,1,1.0,0.0,0.0,22.999999999999996,22.999999999999996,0.0,0.0,false,0.0,0.0,0.0,0.0,0.0
shared_battery_mode_node_level_v1,SI-Drahi_100-d2-HOM-UHI-BLO-234c9220e7,TK-PB-Drahi_100-d2-HOM-UHI-a94fc823b8-r3,SS-75c66aa1cb9f,risk_neutral_expectation,3,MULTISTAGE_RH,PEA,pv,13,16,1,1.0,0.0,0.0,22.999999999999996,22.999999999999996,0.0,0.0,false,0.0,0.0,0.0,0.0,0.0
shared_battery_mode_node_level_v1,SI-Drahi_100-d2-HOM-UHI-BLO-234c9220e7,TK-PB-Drahi_100-d2-HOM-UHI-a94fc823b8-r3,SS-ba344dd16b2c,risk_neutral_expectation,3,MULTISTAGE_RH,PEA,pv,17,17,1,1.0,0.0,0.0,22.999999999999996,22.999999999999996,0.0,0.0,false,0.0,0.0,0.0,0.0,0.0
shared_battery_mode_node_level_v1,SI-Drahi_100-d2-HOM-UHI-BLO-234c9220e7,TK-PB-Drahi_100-d2-HOM-UHI-a94fc823b8-r3,SS-ba344dd16b2c,risk_neutral_expectation,3,MULTISTAGE_RH,PEA,pv,17,18,1,1.0,2.5927977839335163,0.0,22.999999999999996,25.463157894736838,0.0,0.0,false,0.0,0.0,0.0,0.0,0.0
shared_battery_mode_node_level_v1,SI-Drahi_100-d2-HOM-UHI-BLO-234c9220e7,TK-PB-Drahi_100-d2-HOM-UHI-a94fc823b8-r3,SS-ba344dd16b2c,risk_neutral_expectation,3,MULTISTAGE_RH,PEA,pv,17,19,1,0.0,0.0,8.0,25.463157894736838,17.042105263157893,0.0,0.0,false,0.0,0.0,0.0,0.0,0.0
shared_battery_mode_node_level_v1,SI-Drahi_100-d2-HOM-UHI-BLO-234c9220e7,TK-PB-Drahi_100-d2-HOM-UHI-a94fc823b8-r3,SS-ba344dd16b2c,risk_neutral_expectation,3,MULTISTAGE_RH,PEA,pv,17,20,1,0.0,0.0,8.0,17.042105263157893,8.621052631578946,0.0,0.0,false,0.0,0.0,0.0,0.0,0.0
shared_battery_mode_node_level_v1,SI-Drahi_100-d2-HOM-UHI-BLO-234c9220e7,TK-PB-Drahi_100-d2-HOM-UHI-a94fc823b8-r3,SS-7ebaa4bc0fc2,risk_neutral_expectation,3,MULTISTAGE_RH,PEA,pv,21,21,1,1.0,0.0,0.0,8.621052631578946,8.621052631578946,0.0,0.0,false,0.0,0.0,0.0,0.0,0.0
shared_battery_mode_node_level_v1,SI-Drahi_100-d2-HOM-UHI-BLO-234c9220e7,TK-PB-Drahi_100-d2-HOM-UHI-a94fc823b8-r3,SS-7ebaa4bc0fc2,risk_neutral_expectation,3,MULTISTAGE_RH,PEA,pv,21,22,1,1.0,0.0,0.0,8.621052631578946,8.621052631578946,0.0,0.0,false,0.0,0.0,0.0,0.0,0.0
shared_battery_mode_node_level_v1,SI-Drahi_100-d2-HOM-UHI-BLO-234c9220e7,TK-PB-Drahi_100-d2-HOM-UHI-a94fc823b8-r3,SS-7ebaa4bc0fc2,risk_neutral_expectation,3,MULTISTAGE_RH,PEA,pv,21,23,1,0.0,0.0,8.0,8.621052631578946,0.1999999999999993,0.0,0.0,false,0.0,0.0,7.216449660063518e-16,7.216449660063518e-16,0.0
shared_battery_mode_node_level_v1,SI-Drahi_100-d2-HOM-UHI-BLO-234c9220e7,TK-PB-Drahi_100-d2-HOM-UHI-a94fc823b8-r3,SS-7ebaa4bc0fc2,risk_neutral_expectation,3,MULTISTAGE_RH,PEA,pv,21,24,1,1.0,0.0,0.0,0.1999999999999993,0.1999999999999993,0.0,0.0,false,0.0,0.0,7.216449660063518e-16,7.216449660063518e-16,0.0
shared_battery_mode_node_level_v1,SI-Drahi_100-d2-HOM-UHI-BLO-234c9220e7,TK-PB-Drahi_100-d2-HOM-UHI-a94fc823b8-r3,SS-b8f4fc76bd1d,risk_neutral_expectation,3,MULTISTAGE_RH,SA,savings,1,1,1,1.0,0.0,0.0,0.2,0.2,0.0,0.0,false,0.0,0.0,0.0,0.0,0.0
shared_battery_mode_node_level_v1,SI-Drahi_100-d2-HOM-UHI-BLO-234c9220e7,TK-PB-Drahi_100-d2-HOM-UHI-a94fc823b8-r3,SS-b8f4fc76bd1d,risk_neutral_expectation,3,MULTISTAGE_RH,SA,savings,1,2,1,1.0,8.000000000000002,0.0,0.2,7.800000000000002,1.7763568394002505e-15,0.0,false,0.0,0.0,8.881784197001252e-16,0.0,0.0
shared_battery_mode_node_level_v1,SI-Drahi_100-d2-HOM-UHI-BLO-234c9220e7,TK-PB-Drahi_100-d2-HOM-UHI-a94fc823b8-r3,SS-b8f4fc76bd1d,risk_neutral_expectation,3,MULTISTAGE_RH,SA,savings,1,3,1,1.0,0.0,0.0,7.800000000000002,7.800000000000002,0.0,0.0,false,0.0,0.0,8.881784197001252e-16,0.0,0.0
shared_battery_mode_node_level_v1,SI-Drahi_100-d2-HOM-UHI-BLO-234c9220e7,TK-PB-Drahi_100-d2-HOM-UHI-a94fc823b8-r3,SS-b8f4fc76bd1d,risk_neutral_expectation,3,MULTISTAGE_RH,SA,savings,1,4,1,1.0,0.0,0.0,7.800000000000002,7.800000000000002,0.0,0.0,false,0.0,0.0,8.881784197001252e-16,0.0,0.0
shared_battery_mode_node_level_v1,SI-Drahi_100-d2-HOM-UHI-BLO-234c9220e7,TK-PB-Drahi_100-d2-HOM-UHI-a94fc823b8-r3,SS-0f9d20ee9bb3,risk_neutral_expectation,3,MULTISTAGE_RH,SA,savings,5,5,1,1.0,0.0,0.0,7.800000000000002,7.800000000000002,0.0,0.0,false,0.0,0.0,0.0,0.0,0.0
shared_battery_mode_node_level_v1,SI-Drahi_100-d2-HOM-UHI-BLO-234c9220e7,TK-PB-Drahi_100-d2-HOM-UHI-a94fc823b8-r3,SS-0f9d20ee9bb3,risk_neutral_expectation,3,MULTISTAGE_RH,SA,savings,5,6,1,1.0,8.0,0.0,7.800000000000002,15.400000000000002,0.0,0.0,false,0.0,0.0,1.7763568394002505e-15,0.0,0.0
shared_battery_mode_node_level_v1,SI-Drahi_100-d2-HOM-UHI-BLO-234c9220e7,TK-PB-Drahi_100-d2-HOM-UHI-a94fc823b8-r3,SS-0f9d20ee9bb3,risk_neutral_expectation,3,MULTISTAGE_RH,SA,savings,5,7,1,1.0,8.0,0.0,15.400000000000002,23.0,0.0,0.0,false,0.0,0.0,0.0,0.0,0.0
shared_battery_mode_node_level_v1,SI-Drahi_100-d2-HOM-UHI-BLO-234c9220e7,TK-PB-Drahi_100-d2-HOM-UHI-a94fc823b8-r3,SS-0f9d20ee9bb3,risk_neutral_expectation,3,MULTISTAGE_RH,SA,savings,5,8,1,1.0,0.0,0.0,23.0,23.0,0.0,0.0,false,0.0,0.0,0.0,0.0,0.0
shared_battery_mode_node_level_v1,SI-Drahi_100-d2-HOM-UHI-BLO-234c9220e7,TK-PB-Drahi_100-d2-HOM-UHI-a94fc823b8-r3,SS-1a86897e8e62,risk_neutral_expectation,3,MULTISTAGE_RH,SA,savings,9,9,1,1.0,0.0,0.0,23.0,23.0,0.0,0.0,false,0.0,0.0,0.0,0.0,0.0
shared_battery_mode_node_level_v1,SI-Drahi_100-d2-HOM-UHI-BLO-234c9220e7,TK-PB-Drahi_100-d2-HOM-UHI-a94fc823b8-r3,SS-1a86897e8e62,risk_neutral_expectation,3,MULTISTAGE_RH,SA,savings,9,10,1,1.0,0.0,0.0,23.0,23.0,0.0,0.0,false,0.0,0.0,0.0,0.0,0.0
shared_battery_mode_node_level_v1,SI-Drahi_100-d2-HOM-UHI-BLO-234c9220e7,TK-PB-Drahi_100-d2-HOM-UHI-a94fc823b8-r3,SS-1a86897e8e62,risk_neutral_expectation,3,MULTISTAGE_RH,SA,savings,9,11,1,1.0,0.0,0.0,23.0,23.0,0.0,0.0,false,0.0,0.0,0.0,0.0,0.0
shared_battery_mode_node_level_v1,SI-Drahi_100-d2-HOM-UHI-BLO-234c9220e7,TK-PB-Drahi_100-d2-HOM-UHI-a94fc823b8-r3,SS-1a86897e8e62,risk_neutral_expectation,3,MULTISTAGE_RH,SA,savings,9,12,1,1.0,0.0,0.0,23.0,23.0,0.0,0.0,false,0.0,0.0,0.0,0.0,0.0
shared_battery_mode_node_level_v1,SI-Drahi_100-d2-HOM-UHI-BLO-234c9220e7,TK-PB-Drahi_100-d2-HOM-UHI-a94fc823b8-r3,SS-75c66aa1cb9f,risk_neutral_expectation,3,MULTISTAGE_RH,SA,savings,13,13,1,1.0,0.0,0.0,23.0,23.0,0.0,0.0,false,0.0,0.0,0.0,0.0,0.0
shared_battery_mode_node_level_v1,SI-Drahi_100-d2-HOM-UHI-BLO-234c9220e7,TK-PB-Drahi_100-d2-HOM-UHI-a94fc823b8-r3,SS-75c66aa1cb9f,risk_neutral_expectation,3,MULTISTAGE_RH,SA,savings,13,14,1,1.0,0.0,0.0,23.0,23.0,0.0,0.0,false,0.0,0.0,0.0,0.0,0.0
shared_battery_mode_node_level_v1,SI-Drahi_100-d2-HOM-UHI-BLO-234c9220e7,TK-PB-Drahi_100-d2-HOM-UHI-a94fc823b8-r3,SS-75c66aa1cb9f,risk_neutral_expectation,3,MULTISTAGE_RH,SA,savings,13,15,1,1.0,0.0,0.0,23.0,23.0,0.0,0.0,false,0.0,0.0,0.0,0.0,0.0
shared_battery_mode_node_level_v1,SI-Drahi_100-d2-HOM-UHI-BLO-234c9220e7,TK-PB-Drahi_100-d2-HOM-UHI-a94fc823b8-r3,SS-75c66aa1cb9f,risk_neutral_expectation,3,MULTISTAGE_RH,SA,savings,13,16,1,1.0,0.0,0.0,23.0,23.0,0.0,0.0,false,0.0,0.0,0.0,0.0,0.0
shared_battery_mode_node_level_v1,SI-Drahi_100-d2-HOM-UHI-BLO-234c9220e7,TK-PB-Drahi_100-d2-HOM-UHI-a94fc823b8-r3,SS-ba344dd16b2c,risk_neutral_expectation,3,MULTISTAGE_RH,SA,savings,17,17,1,1.0,0.0,0.0,23.0,23.0,0.0,0.0,false,0.0,0.0,0.0,0.0,0.0
shared_battery_mode_node_level_v1,SI-Drahi_100-d2-HOM-UHI-BLO-234c9220e7,TK-PB-Drahi_100-d2-HOM-UHI-a94fc823b8-r3,SS-ba344dd16b2c,risk_neutral_expectation,3,MULTISTAGE_RH,SA,savings,17,18,1,1.0,2.59279778393352,0.0,23.0,25.463157894736845,0.0,0.0,false,0.0,0.0,7.105427357601002e-15,0.0,0.0
shared_battery_mode_node_level_v1,SI-Drahi_100-d2-HOM-UHI-BLO-234c9220e7,TK-PB-Drahi_100-d2-HOM-UHI-a94fc823b8-r3,SS-ba344dd16b2c,risk_neutral_expectation,3,MULTISTAGE_RH,SA,savings,17,19,1,0.0,0.0,8.0,25.463157894736845,17.0421052631579,0.0,0.0,false,0.0,0.0,7.105427357601002e-15,0.0,0.0
shared_battery_mode_node_level_v1,SI-Drahi_100-d2-HOM-UHI-BLO-234c9220e7,TK-PB-Drahi_100-d2-HOM-UHI-a94fc823b8-r3,SS-ba344dd16b2c,risk_neutral_expectation,3,MULTISTAGE_RH,SA,savings,17,20,1,0.0,0.0,7.999999999999998,17.0421052631579,8.621052631578955,0.0,0.0,false,0.0,0.0,8.881784197001252e-15,0.0,0.0
shared_battery_mode_node_level_v1,SI-Drahi_100-d2-HOM-UHI-BLO-234c9220e7,TK-PB-Drahi_100-d2-HOM-UHI-a94fc823b8-r3,SS-7ebaa4bc0fc2,risk_neutral_expectation,3,MULTISTAGE_RH,SA,savings,21,21,1,1.0,0.0,0.0,8.621052631578955,8.621052631578955,0.0,0.0,false,0.0,0.0,0.0,0.0,0.0
shared_battery_mode_node_level_v1,SI-Drahi_100-d2-HOM-UHI-BLO-234c9220e7,TK-PB-Drahi_100-d2-HOM-UHI-a94fc823b8-r3,SS-7ebaa4bc0fc2,risk_neutral_expectation,3,MULTISTAGE_RH,SA,savings,21,22,1,1.0,0.0,0.0,8.621052631578955,8.621052631578955,0.0,0.0,false,0.0,0.0,0.0,0.0,0.0
shared_battery_mode_node_level_v1,SI-Drahi_100-d2-HOM-UHI-BLO-234c9220e7,TK-PB-Drahi_100-d2-HOM-UHI-a94fc823b8-r3,SS-7ebaa4bc0fc2,risk_neutral_expectation,3,MULTISTAGE_RH,SA,savings,21,23,1,0.0,0.0,8.0,8.621052631578955,0.20000000000000817,0.0,0.0,false,0.0,0.0,0.0,0.0,0.0
shared_battery_mode_node_level_v1,SI-Drahi_100-d2-HOM-UHI-BLO-234c9220e7,TK-PB-Drahi_100-d2-HOM-UHI-a94fc823b8-r3,SS-7ebaa4bc0fc2,risk_neutral_expectation,3,MULTISTAGE_RH,SA,savings,21,24,1,1.0,0.0,0.0,0.20000000000000817,0.20000000000000817,0.0,0.0,false,0.0,0.0,0.0,0.0,0.0
shared_battery_mode_node_level_v1,SI-Drahi_100-d2-HOM-UHI-BLO-234c9220e7,TK-PB-Drahi_100-d2-HOM-UHI-a94fc823b8-r3,SS-b8f4fc76bd1d,risk_neutral_expectation,3,MULTISTAGE_RH,STATIC_DEMAND_SHARE,pv,1,1,1,1.0,0.0,0.0,0.2,0.2,0.0,0.0,false,0.0,0.0,0.0,0.0,0.0
shared_battery_mode_node_level_v1,SI-Drahi_100-d2-HOM-UHI-BLO-234c9220e7,TK-PB-Drahi_100-d2-HOM-UHI-a94fc823b8-r3,SS-b8f4fc76bd1d,risk_neutral_expectation,3,MULTISTAGE_RH,STATIC_DEMAND_SHARE,pv,1,2,1,1.0,8.0,0.0,0.2,7.8,0.0,0.0,false,0.0,0.0,0.0,0.0,0.0
shared_battery_mode_node_level_v1,SI-Drahi_100-d2-HOM-UHI-BLO-234c9220e7,TK-PB-Drahi_100-d2-HOM-UHI-a94fc823b8-r3,SS-b8f4fc76bd1d,risk_neutral_expectation,3,MULTISTAGE_RH,STATIC_DEMAND_SHARE,pv,1,3,1,1.0,0.0,0.0,7.8,7.8,0.0,0.0,false,0.0,0.0,0.0,0.0,0.0
shared_battery_mode_node_level_v1,SI-Drahi_100-d2-HOM-UHI-BLO-234c9220e7,TK-PB-Drahi_100-d2-HOM-UHI-a94fc823b8-r3,SS-b8f4fc76bd1d,risk_neutral_expectation,3,MULTISTAGE_RH,STATIC_DEMAND_SHARE,pv,1,4,1,1.0,0.0,0.0,7.8,7.8,0.0,0.0,false,0.0,0.0,0.0,0.0,0.0
shared_battery_mode_node_level_v1,SI-Drahi_100-d2-HOM-UHI-BLO-234c9220e7,TK-PB-Drahi_100-d2-HOM-UHI-a94fc823b8-r3,SS-0f9d20ee9bb3,risk_neutral_expectation,3,MULTISTAGE_RH,STATIC_DEMAND_SHARE,pv,5,5,1,1.0,0.0,0.0,7.8,7.8,0.0,0.0,false,0.0,0.0,0.0,0.0,0.0
shared_battery_mode_node_level_v1,SI-Drahi_100-d2-HOM-UHI-BLO-234c9220e7,TK-PB-Drahi_100-d2-HOM-UHI-a94fc823b8-r3,SS-0f9d20ee9bb3,risk_neutral_expectation,3,MULTISTAGE_RH,STATIC_DEMAND_SHARE,pv,5,6,1,1.0,8.0,0.0,7.8,15.399999999999999,0.0,0.0,false,0.0,0.0,0.0,0.0,0.0
shared_battery_mode_node_level_v1,SI-Drahi_100-d2-HOM-UHI-BLO-234c9220e7,TK-PB-Drahi_100-d2-HOM-UHI-a94fc823b8-r3,SS-0f9d20ee9bb3,risk_neutral_expectation,3,MULTISTAGE_RH,STATIC_DEMAND_SHARE,pv,5,7,1,1.0,8.0,0.0,15.399999999999999,23.0,0.0,0.0,false,0.0,0.0,0.0,0.0,0.0
shared_battery_mode_node_level_v1,SI-Drahi_100-d2-HOM-UHI-BLO-234c9220e7,TK-PB-Drahi_100-d2-HOM-UHI-a94fc823b8-r3,SS-0f9d20ee9bb3,risk_neutral_expectation,3,MULTISTAGE_RH,STATIC_DEMAND_SHARE,pv,5,8,1,1.0,0.0,0.0,23.0,23.0,0.0,0.0,false,0.0,0.0,0.0,0.0,0.0
shared_battery_mode_node_level_v1,SI-Drahi_100-d2-HOM-UHI-BLO-234c9220e7,TK-PB-Drahi_100-d2-HOM-UHI-a94fc823b8-r3,SS-1a86897e8e62,risk_neutral_expectation,3,MULTISTAGE_RH,STATIC_DEMAND_SHARE,pv,9,9,1,1.0,0.0,0.0,23.0,23.0,0.0,0.0,false,0.0,0.0,0.0,0.0,0.0
shared_battery_mode_node_level_v1,SI-Drahi_100-d2-HOM-UHI-BLO-234c9220e7,TK-PB-Drahi_100-d2-HOM-UHI-a94fc823b8-r3,SS-1a86897e8e62,risk_neutral_expectation,3,MULTISTAGE_RH,STATIC_DEMAND_SHARE,pv,9,10,1,1.0,0.0,0.0,23.0,23.0,0.0,0.0,false,0.0,0.0,0.0,0.0,0.0
shared_battery_mode_node_level_v1,SI-Drahi_100-d2-HOM-UHI-BLO-234c9220e7,TK-PB-Drahi_100-d2-HOM-UHI-a94fc823b8-r3,SS-1a86897e8e62,risk_neutral_expectation,3,MULTISTAGE_RH,STATIC_DEMAND_SHARE,pv,9,11,1,1.0,0.0,0.0,23.0,23.0,0.0,0.0,false,0.0,0.0,0.0,0.0,0.0
shared_battery_mode_node_level_v1,SI-Drahi_100-d2-HOM-UHI-BLO-234c9220e7,TK-PB-Drahi_100-d2-HOM-UHI-a94fc823b8-r3,SS-1a86897e8e62,risk_neutral_expectation,3,MULTISTAGE_RH,STATIC_DEMAND_SHARE,pv,9,12,1,1.0,0.0,0.0,23.0,23.0,0.0,0.0,false,0.0,0.0,0.0,0.0,0.0
shared_battery_mode_node_level_v1,SI-Drahi_100-d2-HOM-UHI-BLO-234c9220e7,TK-PB-Drahi_100-d2-HOM-UHI-a94fc823b8-r3,SS-75c66aa1cb9f,risk_neutral_expectation,3,MULTISTAGE_RH,STATIC_DEMAND_SHARE,pv,13,13,1,1.0,0.0,0.0,23.0,23.0,0.0,0.0,false,0.0,0.0,0.0,0.0,0.0
shared_battery_mode_node_level_v1,SI-Drahi_100-d2-HOM-UHI-BLO-234c9220e7,TK-PB-Drahi_100-d2-HOM-UHI-a94fc823b8-r3,SS-75c66aa1cb9f,risk_neutral_expectation,3,MULTISTAGE_RH,STATIC_DEMAND_SHARE,pv,13,14,1,1.0,0.0,0.0,23.0,23.0,0.0,0.0,false,0.0,0.0,0.0,0.0,0.0
shared_battery_mode_node_level_v1,SI-Drahi_100-d2-HOM-UHI-BLO-234c9220e7,TK-PB-Drahi_100-d2-HOM-UHI-a94fc823b8-r3,SS-75c66aa1cb9f,risk_neutral_expectation,3,MULTISTAGE_RH,STATIC_DEMAND_SHARE,pv,13,15,1,1.0,0.0,0.0,23.0,23.0,0.0,0.0,false,0.0,0.0,0.0,0.0,0.0
shared_battery_mode_node_level_v1,SI-Drahi_100-d2-HOM-UHI-BLO-234c9220e7,TK-PB-Drahi_100-d2-HOM-UHI-a94fc823b8-r3,SS-75c66aa1cb9f,risk_neutral_expectation,3,MULTISTAGE_RH,STATIC_DEMAND_SHARE,pv,13,16,1,1.0,0.0,0.0,23.0,23.0,0.0,0.0,false,0.0,0.0,0.0,0.0,0.0
shared_battery_mode_node_level_v1,SI-Drahi_100-d2-HOM-UHI-BLO-234c9220e7,TK-PB-Drahi_100-d2-HOM-UHI-a94fc823b8-r3,SS-ba344dd16b2c,risk_neutral_expectation,3,MULTISTAGE_RH,STATIC_DEMAND_SHARE,pv,17,17,1,1.0,0.0,0.0,23.0,23.0,0.0,0.0,false,0.0,0.0,0.0,0.0,0.0
shared_battery_mode_node_level_v1,SI-Drahi_100-d2-HOM-UHI-BLO-234c9220e7,TK-PB-Drahi_100-d2-HOM-UHI-a94fc823b8-r3,SS-ba344dd16b2c,risk_neutral_expectation,3,MULTISTAGE_RH,STATIC_DEMAND_SHARE,pv,17,18,1,1.0,2.592797783933513,0.0,23.0,25.463157894736838,0.0,0.0,false,0.0,0.0,0.0,0.0,0.0
shared_battery_mode_node_level_v1,SI-Drahi_100-d2-HOM-UHI-BLO-234c9220e7,TK-PB-Drahi_100-d2-HOM-UHI-a94fc823b8-r3,SS-ba344dd16b2c,risk_neutral_expectation,3,MULTISTAGE_RH,STATIC_DEMAND_SHARE,pv,17,19,1,0.0,0.0,8.0,25.463157894736838,17.042105263157893,0.0,0.0,false,0.0,0.0,0.0,0.0,0.0
shared_battery_mode_node_level_v1,SI-Drahi_100-d2-HOM-UHI-BLO-234c9220e7,TK-PB-Drahi_100-d2-HOM-UHI-a94fc823b8-r3,SS-ba344dd16b2c,risk_neutral_expectation,3,MULTISTAGE_RH,STATIC_DEMAND_SHARE,pv,17,20,1,0.0,0.0,8.0,17.042105263157893,8.621052631578946,0.0,0.0,false,0.0,0.0,0.0,0.0,0.0
shared_battery_mode_node_level_v1,SI-Drahi_100-d2-HOM-UHI-BLO-234c9220e7,TK-PB-Drahi_100-d2-HOM-UHI-a94fc823b8-r3,SS-7ebaa4bc0fc2,risk_neutral_expectation,3,MULTISTAGE_RH,STATIC_DEMAND_SHARE,pv,21,21,1,1.0,0.0,0.0,8.621052631578946,8.621052631578946,0.0,0.0,false,0.0,0.0,0.0,0.0,0.0
shared_battery_mode_node_level_v1,SI-Drahi_100-d2-HOM-UHI-BLO-234c9220e7,TK-PB-Drahi_100-d2-HOM-UHI-a94fc823b8-r3,SS-7ebaa4bc0fc2,risk_neutral_expectation,3,MULTISTAGE_RH,STATIC_DEMAND_SHARE,pv,21,22,1,1.0,0.0,0.0,8.621052631578946,8.621052631578946,0.0,0.0,false,0.0,0.0,0.0,0.0,0.0
shared_battery_mode_node_level_v1,SI-Drahi_100-d2-HOM-UHI-BLO-234c9220e7,TK-PB-Drahi_100-d2-HOM-UHI-a94fc823b8-r3,SS-7ebaa4bc0fc2,risk_neutral_expectation,3,MULTISTAGE_RH,STATIC_DEMAND_SHARE,pv,21,23,1,0.0,0.0,8.0,8.621052631578946,0.1999999999999993,0.0,0.0,false,0.0,0.0,0.0,7.216449660063518e-16,0.0
shared_battery_mode_node_level_v1,SI-Drahi_100-d2-HOM-UHI-BLO-234c9220e7,TK-PB-Drahi_100-d2-HOM-UHI-a94fc823b8-r3,SS-7ebaa4bc0fc2,risk_neutral_expectation,3,MULTISTAGE_RH,STATIC_DEMAND_SHARE,pv,21,24,1,1.0,0.0,0.0,0.1999999999999993,0.1999999999999993,0.0,0.0,false,0.0,0.0,0.0,7.216449660063518e-16,0.0
shared_battery_mode_node_level_v1,SI-Drahi_100-d2-HOM-UHI-BLO-234c9220e7,TK-PB-Drahi_100-d2-HOM-UHI-a94fc823b8-r3,SS-b8f4fc76bd1d,risk_neutral_expectation,3,TWO_STAGE_RH,LEXMMFPEA,pv,1,1,1,1.0,0.0,0.0,0.2,0.2,0.0,0.0,false,0.0,0.0,0.0,0.0,0.0
shared_battery_mode_node_level_v1,SI-Drahi_100-d2-HOM-UHI-BLO-234c9220e7,TK-PB-Drahi_100-d2-HOM-UHI-a94fc823b8-r3,SS-b8f4fc76bd1d,risk_neutral_expectation,3,TWO_STAGE_RH,LEXMMFPEA,pv,1,2,1,1.0,8.0,0.0,0.2,7.8,0.0,0.0,false,0.0,0.0,0.0,0.0,0.0
shared_battery_mode_node_level_v1,SI-Drahi_100-d2-HOM-UHI-BLO-234c9220e7,TK-PB-Drahi_100-d2-HOM-UHI-a94fc823b8-r3,SS-b8f4fc76bd1d,risk_neutral_expectation,3,TWO_STAGE_RH,LEXMMFPEA,pv,1,3,1,1.0,0.0,0.0,7.8,7.8,0.0,0.0,false,0.0,0.0,0.0,0.0,0.0
shared_battery_mode_node_level_v1,SI-Drahi_100-d2-HOM-UHI-BLO-234c9220e7,TK-PB-Drahi_100-d2-HOM-UHI-a94fc823b8-r3,SS-b8f4fc76bd1d,risk_neutral_expectation,3,TWO_STAGE_RH,LEXMMFPEA,pv,1,4,1,1.0,0.0,0.0,7.8,7.8,0.0,0.0,false,0.0,0.0,0.0,0.0,0.0
shared_battery_mode_node_level_v1,SI-Drahi_100-d2-HOM-UHI-BLO-234c9220e7,TK-PB-Drahi_100-d2-HOM-UHI-a94fc823b8-r3,SS-0f9d20ee9bb3,risk_neutral_expectation,3,TWO_STAGE_RH,LEXMMFPEA,pv,5,5,1,1.0,0.0,0.0,7.8,7.8,0.0,0.0,false,0.0,0.0,0.0,0.0,0.0
shared_battery_mode_node_level_v1,SI-Drahi_100-d2-HOM-UHI-BLO-234c9220e7,TK-PB-Drahi_100-d2-HOM-UHI-a94fc823b8-r3,SS-0f9d20ee9bb3,risk_neutral_expectation,3,TWO_STAGE_RH,LEXMMFPEA,pv,5,6,1,1.0,8.0,0.0,7.8,15.399999999999999,0.0,0.0,false,0.0,0.0,0.0,0.0,0.0
shared_battery_mode_node_level_v1,SI-Drahi_100-d2-HOM-UHI-BLO-234c9220e7,TK-PB-Drahi_100-d2-HOM-UHI-a94fc823b8-r3,SS-0f9d20ee9bb3,risk_neutral_expectation,3,TWO_STAGE_RH,LEXMMFPEA,pv,5,7,1,1.0,8.0,0.0,15.399999999999999,23.0,0.0,0.0,false,0.0,0.0,0.0,0.0,0.0
shared_battery_mode_node_level_v1,SI-Drahi_100-d2-HOM-UHI-BLO-234c9220e7,TK-PB-Drahi_100-d2-HOM-UHI-a94fc823b8-r3,SS-0f9d20ee9bb3,risk_neutral_expectation,3,TWO_STAGE_RH,LEXMMFPEA,pv,5,8,1,1.0,0.0,0.0,23.0,23.0,0.0,0.0,false,0.0,0.0,0.0,0.0,0.0
shared_battery_mode_node_level_v1,SI-Drahi_100-d2-HOM-UHI-BLO-234c9220e7,TK-PB-Drahi_100-d2-HOM-UHI-a94fc823b8-r3,SS-1a86897e8e62,risk_neutral_expectation,3,TWO_STAGE_RH,LEXMMFPEA,pv,9,9,1,0.0,0.0,0.0,23.0,23.0,0.0,0.0,false,0.0,0.0,0.0,0.0,0.0
shared_battery_mode_node_level_v1,SI-Drahi_100-d2-HOM-UHI-BLO-234c9220e7,TK-PB-Drahi_100-d2-HOM-UHI-a94fc823b8-r3,SS-1a86897e8e62,risk_neutral_expectation,3,TWO_STAGE_RH,LEXMMFPEA,pv,9,10,1,1.0,0.0,0.0,23.0,23.0,0.0,0.0,false,0.0,0.0,0.0,0.0,0.0
shared_battery_mode_node_level_v1,SI-Drahi_100-d2-HOM-UHI-BLO-234c9220e7,TK-PB-Drahi_100-d2-HOM-UHI-a94fc823b8-r3,SS-1a86897e8e62,risk_neutral_expectation,3,TWO_STAGE_RH,LEXMMFPEA,pv,9,11,1,0.0,0.0,0.0,23.0,23.0,0.0,0.0,false,0.0,0.0,0.0,0.0,0.0
shared_battery_mode_node_level_v1,SI-Drahi_100-d2-HOM-UHI-BLO-234c9220e7,TK-PB-Drahi_100-d2-HOM-UHI-a94fc823b8-r3,SS-1a86897e8e62,risk_neutral_expectation,3,TWO_STAGE_RH,LEXMMFPEA,pv,9,12,1,1.0,0.0,0.0,23.0,23.0,0.0,0.0,false,0.0,0.0,0.0,0.0,0.0
shared_battery_mode_node_level_v1,SI-Drahi_100-d2-HOM-UHI-BLO-234c9220e7,TK-PB-Drahi_100-d2-HOM-UHI-a94fc823b8-r3,SS-75c66aa1cb9f,risk_neutral_expectation,3,TWO_STAGE_RH,LEXMMFPEA,pv,13,13,1,0.0,0.0,0.0,23.0,23.0,0.0,0.0,false,0.0,0.0,0.0,0.0,0.0
shared_battery_mode_node_level_v1,SI-Drahi_100-d2-HOM-UHI-BLO-234c9220e7,TK-PB-Drahi_100-d2-HOM-UHI-a94fc823b8-r3,SS-75c66aa1cb9f,risk_neutral_expectation,3,TWO_STAGE_RH,LEXMMFPEA,pv,13,14,1,1.0,0.0,0.0,23.0,23.0,0.0,0.0,false,0.0,0.0,0.0,0.0,0.0
shared_battery_mode_node_level_v1,SI-Drahi_100-d2-HOM-UHI-BLO-234c9220e7,TK-PB-Drahi_100-d2-HOM-UHI-a94fc823b8-r3,SS-75c66aa1cb9f,risk_neutral_expectation,3,TWO_STAGE_RH,LEXMMFPEA,pv,13,15,1,1.0,0.0,0.0,23.0,23.0,0.0,0.0,false,0.0,0.0,0.0,0.0,0.0
shared_battery_mode_node_level_v1,SI-Drahi_100-d2-HOM-UHI-BLO-234c9220e7,TK-PB-Drahi_100-d2-HOM-UHI-a94fc823b8-r3,SS-75c66aa1cb9f,risk_neutral_expectation,3,TWO_STAGE_RH,LEXMMFPEA,pv,13,16,1,0.0,0.0,0.0,23.0,23.0,0.0,0.0,false,0.0,0.0,0.0,0.0,0.0
shared_battery_mode_node_level_v1,SI-Drahi_100-d2-HOM-UHI-BLO-234c9220e7,TK-PB-Drahi_100-d2-HOM-UHI-a94fc823b8-r3,SS-ba344dd16b2c,risk_neutral_expectation,3,TWO_STAGE_RH,LEXMMFPEA,pv,17,17,1,0.0,0.0,0.0,23.0,23.0,0.0,0.0,false,0.0,0.0,0.0,0.0,0.0
shared_battery_mode_node_level_v1,SI-Drahi_100-d2-HOM-UHI-BLO-234c9220e7,TK-PB-Drahi_100-d2-HOM-UHI-a94fc823b8-r3,SS-ba344dd16b2c,risk_neutral_expectation,3,TWO_STAGE_RH,LEXMMFPEA,pv,17,18,1,1.0,2.592797783933513,0.0,23.0,25.463157894736838,0.0,0.0,false,0.0,0.0,0.0,0.0,0.0
shared_battery_mode_node_level_v1,SI-Drahi_100-d2-HOM-UHI-BLO-234c9220e7,TK-PB-Drahi_100-d2-HOM-UHI-a94fc823b8-r3,SS-ba344dd16b2c,risk_neutral_expectation,3,TWO_STAGE_RH,LEXMMFPEA,pv,17,19,1,0.0,0.0,8.0,25.463157894736838,17.042105263157893,0.0,0.0,false,0.0,0.0,0.0,0.0,0.0
shared_battery_mode_node_level_v1,SI-Drahi_100-d2-HOM-UHI-BLO-234c9220e7,TK-PB-Drahi_100-d2-HOM-UHI-a94fc823b8-r3,SS-ba344dd16b2c,risk_neutral_expectation,3,TWO_STAGE_RH,LEXMMFPEA,pv,17,20,1,0.0,0.0,8.0,17.042105263157893,8.621052631578946,0.0,0.0,false,0.0,0.0,0.0,0.0,0.0
shared_battery_mode_node_level_v1,SI-Drahi_100-d2-HOM-UHI-BLO-234c9220e7,TK-PB-Drahi_100-d2-HOM-UHI-a94fc823b8-r3,SS-7ebaa4bc0fc2,risk_neutral_expectation,3,TWO_STAGE_RH,LEXMMFPEA,pv,21,21,1,0.0,0.0,0.0,8.621052631578946,8.621052631578946,0.0,0.0,false,0.0,0.0,0.0,0.0,0.0
shared_battery_mode_node_level_v1,SI-Drahi_100-d2-HOM-UHI-BLO-234c9220e7,TK-PB-Drahi_100-d2-HOM-UHI-a94fc823b8-r3,SS-7ebaa4bc0fc2,risk_neutral_expectation,3,TWO_STAGE_RH,LEXMMFPEA,pv,21,22,1,1.0,0.0,0.0,8.621052631578946,8.621052631578946,0.0,0.0,false,0.0,0.0,0.0,0.0,0.0
shared_battery_mode_node_level_v1,SI-Drahi_100-d2-HOM-UHI-BLO-234c9220e7,TK-PB-Drahi_100-d2-HOM-UHI-a94fc823b8-r3,SS-7ebaa4bc0fc2,risk_neutral_expectation,3,TWO_STAGE_RH,LEXMMFPEA,pv,21,23,1,0.0,0.0,8.0,8.621052631578946,0.1999999999999993,0.0,0.0,false,0.0,0.0,7.216449660063518e-16,7.216449660063518e-16,0.0
shared_battery_mode_node_level_v1,SI-Drahi_100-d2-HOM-UHI-BLO-234c9220e7,TK-PB-Drahi_100-d2-HOM-UHI-a94fc823b8-r3,SS-7ebaa4bc0fc2,risk_neutral_expectation,3,TWO_STAGE_RH,LEXMMFPEA,pv,21,24,1,1.0,0.0,0.0,0.1999999999999993,0.1999999999999993,0.0,0.0,false,0.0,0.0,7.216449660063518e-16,7.216449660063518e-16,0.0
shared_battery_mode_node_level_v1,SI-Drahi_100-d2-HOM-UHI-BLO-234c9220e7,TK-PB-Drahi_100-d2-HOM-UHI-a94fc823b8-r3,SS-b8f4fc76bd1d,risk_neutral_expectation,3,TWO_STAGE_RH,LEXMMFSA,savings,1,1,1,1.0,0.0,0.0,0.2,0.2,0.0,0.0,false,0.0,0.0,0.0,0.0,0.0
shared_battery_mode_node_level_v1,SI-Drahi_100-d2-HOM-UHI-BLO-234c9220e7,TK-PB-Drahi_100-d2-HOM-UHI-a94fc823b8-r3,SS-b8f4fc76bd1d,risk_neutral_expectation,3,TWO_STAGE_RH,LEXMMFSA,savings,1,2,1,1.0,8.0,0.0,0.2,7.8,0.0,0.0,false,0.0,0.0,1.7763568394002505e-15,0.0,0.0
shared_battery_mode_node_level_v1,SI-Drahi_100-d2-HOM-UHI-BLO-234c9220e7,TK-PB-Drahi_100-d2-HOM-UHI-a94fc823b8-r3,SS-b8f4fc76bd1d,risk_neutral_expectation,3,TWO_STAGE_RH,LEXMMFSA,savings,1,3,1,1.0,0.0,0.0,7.8,7.8,0.0,0.0,false,0.0,0.0,1.7763568394002505e-15,0.0,0.0
shared_battery_mode_node_level_v1,SI-Drahi_100-d2-HOM-UHI-BLO-234c9220e7,TK-PB-Drahi_100-d2-HOM-UHI-a94fc823b8-r3,SS-b8f4fc76bd1d,risk_neutral_expectation,3,TWO_STAGE_RH,LEXMMFSA,savings,1,4,1,1.0,0.0,0.0,7.8,7.8,0.0,0.0,false,0.0,0.0,1.7763568394002505e-15,0.0,0.0
shared_battery_mode_node_level_v1,SI-Drahi_100-d2-HOM-UHI-BLO-234c9220e7,TK-PB-Drahi_100-d2-HOM-UHI-a94fc823b8-r3,SS-0f9d20ee9bb3,risk_neutral_expectation,3,TWO_STAGE_RH,LEXMMFSA,savings,5,5,1,1.0,0.0,0.0,7.8,7.8,0.0,0.0,false,0.0,0.0,0.0,0.0,0.0
shared_battery_mode_node_level_v1,SI-Drahi_100-d2-HOM-UHI-BLO-234c9220e7,TK-PB-Drahi_100-d2-HOM-UHI-a94fc823b8-r3,SS-0f9d20ee9bb3,risk_neutral_expectation,3,TWO_STAGE_RH,LEXMMFSA,savings,5,6,1,1.0,8.0,0.0,7.8,15.399999999999999,0.0,0.0,false,0.0,0.0,1.7763568394002505e-15,0.0,0.0
shared_battery_mode_node_level_v1,SI-Drahi_100-d2-HOM-UHI-BLO-234c9220e7,TK-PB-Drahi_100-d2-HOM-UHI-a94fc823b8-r3,SS-0f9d20ee9bb3,risk_neutral_expectation,3,TWO_STAGE_RH,LEXMMFSA,savings,5,7,1,1.0,8.0,0.0,15.399999999999999,23.0,0.0,0.0,false,0.0,0.0,0.0,0.0,0.0
shared_battery_mode_node_level_v1,SI-Drahi_100-d2-HOM-UHI-BLO-234c9220e7,TK-PB-Drahi_100-d2-HOM-UHI-a94fc823b8-r3,SS-0f9d20ee9bb3,risk_neutral_expectation,3,TWO_STAGE_RH,LEXMMFSA,savings,5,8,1,1.0,0.0,0.0,23.0,23.0,0.0,0.0,false,0.0,0.0,0.0,0.0,0.0
shared_battery_mode_node_level_v1,SI-Drahi_100-d2-HOM-UHI-BLO-234c9220e7,TK-PB-Drahi_100-d2-HOM-UHI-a94fc823b8-r3,SS-1a86897e8e62,risk_neutral_expectation,3,TWO_STAGE_RH,LEXMMFSA,savings,9,9,1,1.0,0.0,0.0,23.0,23.0,0.0,0.0,false,0.0,0.0,0.0,0.0,0.0
shared_battery_mode_node_level_v1,SI-Drahi_100-d2-HOM-UHI-BLO-234c9220e7,TK-PB-Drahi_100-d2-HOM-UHI-a94fc823b8-r3,SS-1a86897e8e62,risk_neutral_expectation,3,TWO_STAGE_RH,LEXMMFSA,savings,9,10,1,1.0,0.0,0.0,23.0,23.0,0.0,0.0,false,0.0,0.0,0.0,0.0,0.0
shared_battery_mode_node_level_v1,SI-Drahi_100-d2-HOM-UHI-BLO-234c9220e7,TK-PB-Drahi_100-d2-HOM-UHI-a94fc823b8-r3,SS-1a86897e8e62,risk_neutral_expectation,3,TWO_STAGE_RH,LEXMMFSA,savings,9,11,1,1.0,0.0,0.0,23.0,23.0,0.0,0.0,false,0.0,0.0,0.0,0.0,0.0
shared_battery_mode_node_level_v1,SI-Drahi_100-d2-HOM-UHI-BLO-234c9220e7,TK-PB-Drahi_100-d2-HOM-UHI-a94fc823b8-r3,SS-1a86897e8e62,risk_neutral_expectation,3,TWO_STAGE_RH,LEXMMFSA,savings,9,12,1,1.0,0.0,0.0,23.0,23.0,0.0,0.0,false,0.0,0.0,0.0,0.0,0.0
shared_battery_mode_node_level_v1,SI-Drahi_100-d2-HOM-UHI-BLO-234c9220e7,TK-PB-Drahi_100-d2-HOM-UHI-a94fc823b8-r3,SS-75c66aa1cb9f,risk_neutral_expectation,3,TWO_STAGE_RH,LEXMMFSA,savings,13,13,1,1.0,0.0,0.0,23.0,23.0,0.0,0.0,false,0.0,0.0,0.0,0.0,0.0
shared_battery_mode_node_level_v1,SI-Drahi_100-d2-HOM-UHI-BLO-234c9220e7,TK-PB-Drahi_100-d2-HOM-UHI-a94fc823b8-r3,SS-75c66aa1cb9f,risk_neutral_expectation,3,TWO_STAGE_RH,LEXMMFSA,savings,13,14,1,1.0,0.0,0.0,23.0,23.0,0.0,0.0,false,0.0,0.0,0.0,0.0,0.0
shared_battery_mode_node_level_v1,SI-Drahi_100-d2-HOM-UHI-BLO-234c9220e7,TK-PB-Drahi_100-d2-HOM-UHI-a94fc823b8-r3,SS-75c66aa1cb9f,risk_neutral_expectation,3,TWO_STAGE_RH,LEXMMFSA,savings,13,15,1,1.0,0.0,0.0,23.0,23.0,0.0,0.0,false,0.0,0.0,0.0,0.0,0.0
shared_battery_mode_node_level_v1,SI-Drahi_100-d2-HOM-UHI-BLO-234c9220e7,TK-PB-Drahi_100-d2-HOM-UHI-a94fc823b8-r3,SS-75c66aa1cb9f,risk_neutral_expectation,3,TWO_STAGE_RH,LEXMMFSA,savings,13,16,1,1.0,0.0,0.0,23.0,23.0,0.0,0.0,false,0.0,0.0,0.0,0.0,0.0
shared_battery_mode_node_level_v1,SI-Drahi_100-d2-HOM-UHI-BLO-234c9220e7,TK-PB-Drahi_100-d2-HOM-UHI-a94fc823b8-r3,SS-ba344dd16b2c,risk_neutral_expectation,3,TWO_STAGE_RH,LEXMMFSA,savings,17,17,1,1.0,0.0,0.0,23.0,23.0,0.0,0.0,false,0.0,0.0,0.0,0.0,0.0
shared_battery_mode_node_level_v1,SI-Drahi_100-d2-HOM-UHI-BLO-234c9220e7,TK-PB-Drahi_100-d2-HOM-UHI-a94fc823b8-r3,SS-ba344dd16b2c,risk_neutral_expectation,3,TWO_STAGE_RH,LEXMMFSA,savings,17,18,1,1.0,2.5927977839335057,0.0,23.0,25.46315789473683,0.0,0.0,false,0.0,0.0,0.0,0.0,0.0
shared_battery_mode_node_level_v1,SI-Drahi_100-d2-HOM-UHI-BLO-234c9220e7,TK-PB-Drahi_100-d2-HOM-UHI-a94fc823b8-r3,SS-ba344dd16b2c,risk_neutral_expectation,3,TWO_STAGE_RH,LEXMMFSA,savings,17,19,1,0.0,0.0,7.999999999999983,25.46315789473683,17.0421052631579,0.0,0.0,false,0.0,0.0,7.105427357601002e-15,0.0,0.0
shared_battery_mode_node_level_v1,SI-Drahi_100-d2-HOM-UHI-BLO-234c9220e7,TK-PB-Drahi_100-d2-HOM-UHI-a94fc823b8-r3,SS-ba344dd16b2c,risk_neutral_expectation,3,TWO_STAGE_RH,LEXMMFSA,savings,17,20,1,0.0,0.0,8.0,17.0421052631579,8.621052631578953,0.0,0.0,false,0.0,0.0,7.105427357601002e-15,0.0,0.0
shared_battery_mode_node_level_v1,SI-Drahi_100-d2-HOM-UHI-BLO-234c9220e7,TK-PB-Drahi_100-d2-HOM-UHI-a94fc823b8-r3,SS-7ebaa4bc0fc2,risk_neutral_expectation,3,TWO_STAGE_RH,LEXMMFSA,savings,21,21,1,1.0,0.0,0.0,8.621052631578953,8.621052631578953,0.0,0.0,false,0.0,0.0,0.0,0.0,0.0
shared_battery_mode_node_level_v1,SI-Drahi_100-d2-HOM-UHI-BLO-234c9220e7,TK-PB-Drahi_100-d2-HOM-UHI-a94fc823b8-r3,SS-7ebaa4bc0fc2,risk_neutral_expectation,3,TWO_STAGE_RH,LEXMMFSA,savings,21,22,1,1.0,0.0,0.0,8.621052631578953,8.621052631578953,0.0,0.0,false,0.0,0.0,5.861977570020827e-14,0.0,0.0
shared_battery_mode_node_level_v1,SI-Drahi_100-d2-HOM-UHI-BLO-234c9220e7,TK-PB-Drahi_100-d2-HOM-UHI-a94fc823b8-r3,SS-7ebaa4bc0fc2,risk_neutral_expectation,3,TWO_STAGE_RH,LEXMMFSA,savings,21,23,1,0.0,0.0,8.000000000000016,8.621052631578953,0.19999999999998863,0.0,1.5987211554602254e-14,false,0.0,0.0,1.1379786002407855e-14,1.1379786002407855e-14,0.0
shared_battery_mode_node_level_v1,SI-Drahi_100-d2-HOM-UHI-BLO-234c9220e7,TK-PB-Drahi_100-d2-HOM-UHI-a94fc823b8-r3,SS-7ebaa4bc0fc2,risk_neutral_expectation,3,TWO_STAGE_RH,LEXMMFSA,savings,21,24,1,1.0,0.0,0.0,0.19999999999998863,0.19999999999998863,0.0,0.0,false,0.0,0.0,1.1379786002407855e-14,1.1379786002407855e-14,0.0
shared_battery_mode_node_level_v1,SI-Drahi_100-d2-HOM-UHI-BLO-234c9220e7,TK-PB-Drahi_100-d2-HOM-UHI-a94fc823b8-r3,SS-b8f4fc76bd1d,risk_neutral_expectation,3,TWO_STAGE_RH,NONE,none,1,1,1,1.0,0.0,0.0,0.2,0.2,0.0,0.0,false,0.0,0.0,0.0,0.0,0.0
shared_battery_mode_node_level_v1,SI-Drahi_100-d2-HOM-UHI-BLO-234c9220e7,TK-PB-Drahi_100-d2-HOM-UHI-a94fc823b8-r3,SS-b8f4fc76bd1d,risk_neutral_expectation,3,TWO_STAGE_RH,NONE,none,1,2,1,1.0,8.0,0.0,0.2,7.8,0.0,0.0,false,0.0,0.0,0.0,0.0,0.0
shared_battery_mode_node_level_v1,SI-Drahi_100-d2-HOM-UHI-BLO-234c9220e7,TK-PB-Drahi_100-d2-HOM-UHI-a94fc823b8-r3,SS-b8f4fc76bd1d,risk_neutral_expectation,3,TWO_STAGE_RH,NONE,none,1,3,1,1.0,0.0,0.0,7.8,7.8,0.0,0.0,false,0.0,0.0,0.0,0.0,0.0
shared_battery_mode_node_level_v1,SI-Drahi_100-d2-HOM-UHI-BLO-234c9220e7,TK-PB-Drahi_100-d2-HOM-UHI-a94fc823b8-r3,SS-b8f4fc76bd1d,risk_neutral_expectation,3,TWO_STAGE_RH,NONE,none,1,4,1,1.0,0.0,0.0,7.8,7.8,0.0,0.0,false,0.0,0.0,0.0,0.0,0.0
shared_battery_mode_node_level_v1,SI-Drahi_100-d2-HOM-UHI-BLO-234c9220e7,TK-PB-Drahi_100-d2-HOM-UHI-a94fc823b8-r3,SS-0f9d20ee9bb3,risk_neutral_expectation,3,TWO_STAGE_RH,NONE,none,5,5,1,1.0,0.0,0.0,7.8,7.8,0.0,0.0,false,0.0,0.0,0.0,0.0,0.0
shared_battery_mode_node_level_v1,SI-Drahi_100-d2-HOM-UHI-BLO-234c9220e7,TK-PB-Drahi_100-d2-HOM-UHI-a94fc823b8-r3,SS-0f9d20ee9bb3,risk_neutral_expectation,3,TWO_STAGE_RH,NONE,none,5,6,1,1.0,8.0,0.0,7.8,15.399999999999999,0.0,0.0,false,0.0,0.0,0.0,0.0,0.0
shared_battery_mode_node_level_v1,SI-Drahi_100-d2-HOM-UHI-BLO-234c9220e7,TK-PB-Drahi_100-d2-HOM-UHI-a94fc823b8-r3,SS-0f9d20ee9bb3,risk_neutral_expectation,3,TWO_STAGE_RH,NONE,none,5,7,1,1.0,8.0,0.0,15.399999999999999,23.0,0.0,0.0,false,0.0,0.0,0.0,0.0,0.0
shared_battery_mode_node_level_v1,SI-Drahi_100-d2-HOM-UHI-BLO-234c9220e7,TK-PB-Drahi_100-d2-HOM-UHI-a94fc823b8-r3,SS-0f9d20ee9bb3,risk_neutral_expectation,3,TWO_STAGE_RH,NONE,none,5,8,1,1.0,0.0,0.0,23.0,23.0,0.0,0.0,false,0.0,0.0,0.0,0.0,0.0
shared_battery_mode_node_level_v1,SI-Drahi_100-d2-HOM-UHI-BLO-234c9220e7,TK-PB-Drahi_100-d2-HOM-UHI-a94fc823b8-r3,SS-1a86897e8e62,risk_neutral_expectation,3,TWO_STAGE_RH,NONE,none,9,9,1,1.0,0.0,0.0,23.0,23.0,0.0,0.0,false,0.0,0.0,0.0,0.0,0.0
shared_battery_mode_node_level_v1,SI-Drahi_100-d2-HOM-UHI-BLO-234c9220e7,TK-PB-Drahi_100-d2-HOM-UHI-a94fc823b8-r3,SS-1a86897e8e62,risk_neutral_expectation,3,TWO_STAGE_RH,NONE,none,9,10,1,1.0,0.0,0.0,23.0,23.0,0.0,0.0,false,0.0,0.0,0.0,0.0,0.0
shared_battery_mode_node_level_v1,SI-Drahi_100-d2-HOM-UHI-BLO-234c9220e7,TK-PB-Drahi_100-d2-HOM-UHI-a94fc823b8-r3,SS-1a86897e8e62,risk_neutral_expectation,3,TWO_STAGE_RH,NONE,none,9,11,1,1.0,0.0,0.0,23.0,23.0,0.0,0.0,false,0.0,0.0,0.0,0.0,0.0
shared_battery_mode_node_level_v1,SI-Drahi_100-d2-HOM-UHI-BLO-234c9220e7,TK-PB-Drahi_100-d2-HOM-UHI-a94fc823b8-r3,SS-1a86897e8e62,risk_neutral_expectation,3,TWO_STAGE_RH,NONE,none,9,12,1,1.0,0.0,0.0,23.0,23.0,0.0,0.0,false,0.0,0.0,0.0,0.0,0.0
shared_battery_mode_node_level_v1,SI-Drahi_100-d2-HOM-UHI-BLO-234c9220e7,TK-PB-Drahi_100-d2-HOM-UHI-a94fc823b8-r3,SS-75c66aa1cb9f,risk_neutral_expectation,3,TWO_STAGE_RH,NONE,none,13,13,1,1.0,0.0,0.0,23.0,23.0,0.0,0.0,false,0.0,0.0,0.0,0.0,0.0
shared_battery_mode_node_level_v1,SI-Drahi_100-d2-HOM-UHI-BLO-234c9220e7,TK-PB-Drahi_100-d2-HOM-UHI-a94fc823b8-r3,SS-75c66aa1cb9f,risk_neutral_expectation,3,TWO_STAGE_RH,NONE,none,13,14,1,1.0,0.0,0.0,23.0,23.0,0.0,0.0,false,0.0,0.0,0.0,0.0,0.0
shared_battery_mode_node_level_v1,SI-Drahi_100-d2-HOM-UHI-BLO-234c9220e7,TK-PB-Drahi_100-d2-HOM-UHI-a94fc823b8-r3,SS-75c66aa1cb9f,risk_neutral_expectation,3,TWO_STAGE_RH,NONE,none,13,15,1,1.0,0.0,0.0,23.0,23.0,0.0,0.0,false,0.0,0.0,0.0,0.0,0.0
shared_battery_mode_node_level_v1,SI-Drahi_100-d2-HOM-UHI-BLO-234c9220e7,TK-PB-Drahi_100-d2-HOM-UHI-a94fc823b8-r3,SS-75c66aa1cb9f,risk_neutral_expectation,3,TWO_STAGE_RH,NONE,none,13,16,1,1.0,0.0,0.0,23.0,23.0,0.0,0.0,false,0.0,0.0,0.0,0.0,0.0
shared_battery_mode_node_level_v1,SI-Drahi_100-d2-HOM-UHI-BLO-234c9220e7,TK-PB-Drahi_100-d2-HOM-UHI-a94fc823b8-r3,SS-ba344dd16b2c,risk_neutral_expectation,3,TWO_STAGE_RH,NONE,none,17,17,1,1.0,0.0,0.0,23.0,23.0,0.0,0.0,false,0.0,0.0,0.0,0.0,0.0
shared_battery_mode_node_level_v1,SI-Drahi_100-d2-HOM-UHI-BLO-234c9220e7,TK-PB-Drahi_100-d2-HOM-UHI-a94fc823b8-r3,SS-ba344dd16b2c,risk_neutral_expectation,3,TWO_STAGE_RH,NONE,none,17,18,1,1.0,2.592797783933513,0.0,23.0,25.463157894736838,0.0,0.0,false,0.0,0.0,0.0,0.0,0.0
shared_battery_mode_node_level_v1,SI-Drahi_100-d2-HOM-UHI-BLO-234c9220e7,TK-PB-Drahi_100-d2-HOM-UHI-a94fc823b8-r3,SS-ba344dd16b2c,risk_neutral_expectation,3,TWO_STAGE_RH,NONE,none,17,19,1,0.0,0.0,8.0,25.463157894736838,17.042105263157893,0.0,0.0,false,0.0,0.0,0.0,0.0,0.0
shared_battery_mode_node_level_v1,SI-Drahi_100-d2-HOM-UHI-BLO-234c9220e7,TK-PB-Drahi_100-d2-HOM-UHI-a94fc823b8-r3,SS-ba344dd16b2c,risk_neutral_expectation,3,TWO_STAGE_RH,NONE,none,17,20,1,0.0,0.0,8.0,17.042105263157893,8.621052631578946,0.0,0.0,false,0.0,0.0,0.0,0.0,0.0
shared_battery_mode_node_level_v1,SI-Drahi_100-d2-HOM-UHI-BLO-234c9220e7,TK-PB-Drahi_100-d2-HOM-UHI-a94fc823b8-r3,SS-7ebaa4bc0fc2,risk_neutral_expectation,3,TWO_STAGE_RH,NONE,none,21,21,1,1.0,0.0,0.0,8.621052631578946,8.621052631578946,0.0,0.0,false,0.0,0.0,0.0,0.0,0.0
shared_battery_mode_node_level_v1,SI-Drahi_100-d2-HOM-UHI-BLO-234c9220e7,TK-PB-Drahi_100-d2-HOM-UHI-a94fc823b8-r3,SS-7ebaa4bc0fc2,risk_neutral_expectation,3,TWO_STAGE_RH,NONE,none,21,22,1,1.0,0.0,0.0,8.621052631578946,8.621052631578946,0.0,0.0,false,0.0,0.0,0.0,0.0,0.0
shared_battery_mode_node_level_v1,SI-Drahi_100-d2-HOM-UHI-BLO-234c9220e7,TK-PB-Drahi_100-d2-HOM-UHI-a94fc823b8-r3,SS-7ebaa4bc0fc2,risk_neutral_expectation,3,TWO_STAGE_RH,NONE,none,21,23,1,0.0,0.0,8.0,8.621052631578946,0.1999999999999993,0.0,0.0,false,0.0,0.0,0.0,7.216449660063518e-16,0.0
shared_battery_mode_node_level_v1,SI-Drahi_100-d2-HOM-UHI-BLO-234c9220e7,TK-PB-Drahi_100-d2-HOM-UHI-a94fc823b8-r3,SS-7ebaa4bc0fc2,risk_neutral_expectation,3,TWO_STAGE_RH,NONE,none,21,24,1,1.0,0.0,0.0,0.1999999999999993,0.1999999999999993,0.0,0.0,false,0.0,0.0,0.0,7.216449660063518e-16,0.0
shared_battery_mode_node_level_v1,SI-Drahi_100-d2-HOM-UHI-BLO-234c9220e7,TK-PB-Drahi_100-d2-HOM-UHI-a94fc823b8-r3,SS-b8f4fc76bd1d,risk_neutral_expectation,3,TWO_STAGE_RH,PEA,pv,1,1,1,1.0,0.0,0.0,0.2,0.2,0.0,0.0,false,0.0,0.0,0.0,0.0,0.0
shared_battery_mode_node_level_v1,SI-Drahi_100-d2-HOM-UHI-BLO-234c9220e7,TK-PB-Drahi_100-d2-HOM-UHI-a94fc823b8-r3,SS-b8f4fc76bd1d,risk_neutral_expectation,3,TWO_STAGE_RH,PEA,pv,1,2,1,1.0,8.0,0.0,0.2,7.8,0.0,0.0,false,0.0,0.0,0.0,0.0,0.0
shared_battery_mode_node_level_v1,SI-Drahi_100-d2-HOM-UHI-BLO-234c9220e7,TK-PB-Drahi_100-d2-HOM-UHI-a94fc823b8-r3,SS-b8f4fc76bd1d,risk_neutral_expectation,3,TWO_STAGE_RH,PEA,pv,1,3,1,1.0,0.0,0.0,7.8,7.8,0.0,0.0,false,0.0,0.0,0.0,0.0,0.0
shared_battery_mode_node_level_v1,SI-Drahi_100-d2-HOM-UHI-BLO-234c9220e7,TK-PB-Drahi_100-d2-HOM-UHI-a94fc823b8-r3,SS-b8f4fc76bd1d,risk_neutral_expectation,3,TWO_STAGE_RH,PEA,pv,1,4,1,1.0,0.0,0.0,7.8,7.8,0.0,0.0,false,0.0,0.0,0.0,0.0,0.0
shared_battery_mode_node_level_v1,SI-Drahi_100-d2-HOM-UHI-BLO-234c9220e7,TK-PB-Drahi_100-d2-HOM-UHI-a94fc823b8-r3,SS-0f9d20ee9bb3,risk_neutral_expectation,3,TWO_STAGE_RH,PEA,pv,5,5,1,1.0,0.0,0.0,7.8,7.8,0.0,0.0,false,0.0,0.0,0.0,0.0,0.0
shared_battery_mode_node_level_v1,SI-Drahi_100-d2-HOM-UHI-BLO-234c9220e7,TK-PB-Drahi_100-d2-HOM-UHI-a94fc823b8-r3,SS-0f9d20ee9bb3,risk_neutral_expectation,3,TWO_STAGE_RH,PEA,pv,5,6,1,1.0,8.0,0.0,7.8,15.399999999999999,0.0,0.0,false,0.0,0.0,0.0,0.0,0.0
shared_battery_mode_node_level_v1,SI-Drahi_100-d2-HOM-UHI-BLO-234c9220e7,TK-PB-Drahi_100-d2-HOM-UHI-a94fc823b8-r3,SS-0f9d20ee9bb3,risk_neutral_expectation,3,TWO_STAGE_RH,PEA,pv,5,7,1,1.0,8.0,0.0,15.399999999999999,23.0,0.0,0.0,false,0.0,0.0,0.0,0.0,0.0
shared_battery_mode_node_level_v1,SI-Drahi_100-d2-HOM-UHI-BLO-234c9220e7,TK-PB-Drahi_100-d2-HOM-UHI-a94fc823b8-r3,SS-0f9d20ee9bb3,risk_neutral_expectation,3,TWO_STAGE_RH,PEA,pv,5,8,1,1.0,0.0,0.0,23.0,23.0,0.0,0.0,false,0.0,0.0,0.0,0.0,0.0
shared_battery_mode_node_level_v1,SI-Drahi_100-d2-HOM-UHI-BLO-234c9220e7,TK-PB-Drahi_100-d2-HOM-UHI-a94fc823b8-r3,SS-1a86897e8e62,risk_neutral_expectation,3,TWO_STAGE_RH,PEA,pv,9,9,1,1.0,0.0,0.0,23.0,23.0,0.0,0.0,false,0.0,0.0,0.0,0.0,0.0
shared_battery_mode_node_level_v1,SI-Drahi_100-d2-HOM-UHI-BLO-234c9220e7,TK-PB-Drahi_100-d2-HOM-UHI-a94fc823b8-r3,SS-1a86897e8e62,risk_neutral_expectation,3,TWO_STAGE_RH,PEA,pv,9,10,1,1.0,0.0,0.0,23.0,23.0,0.0,0.0,false,0.0,0.0,0.0,0.0,0.0
shared_battery_mode_node_level_v1,SI-Drahi_100-d2-HOM-UHI-BLO-234c9220e7,TK-PB-Drahi_100-d2-HOM-UHI-a94fc823b8-r3,SS-1a86897e8e62,risk_neutral_expectation,3,TWO_STAGE_RH,PEA,pv,9,11,1,1.0,0.0,0.0,23.0,23.0,0.0,0.0,false,0.0,0.0,0.0,0.0,0.0
shared_battery_mode_node_level_v1,SI-Drahi_100-d2-HOM-UHI-BLO-234c9220e7,TK-PB-Drahi_100-d2-HOM-UHI-a94fc823b8-r3,SS-1a86897e8e62,risk_neutral_expectation,3,TWO_STAGE_RH,PEA,pv,9,12,1,1.0,0.0,0.0,23.0,23.0,0.0,0.0,false,0.0,0.0,0.0,0.0,0.0
shared_battery_mode_node_level_v1,SI-Drahi_100-d2-HOM-UHI-BLO-234c9220e7,TK-PB-Drahi_100-d2-HOM-UHI-a94fc823b8-r3,SS-75c66aa1cb9f,risk_neutral_expectation,3,TWO_STAGE_RH,PEA,pv,13,13,1,1.0,0.0,0.0,23.0,23.0,0.0,0.0,false,0.0,0.0,0.0,0.0,0.0
shared_battery_mode_node_level_v1,SI-Drahi_100-d2-HOM-UHI-BLO-234c9220e7,TK-PB-Drahi_100-d2-HOM-UHI-a94fc823b8-r3,SS-75c66aa1cb9f,risk_neutral_expectation,3,TWO_STAGE_RH,PEA,pv,13,14,1,1.0,0.0,0.0,23.0,23.0,0.0,0.0,false,0.0,0.0,0.0,0.0,0.0
shared_battery_mode_node_level_v1,SI-Drahi_100-d2-HOM-UHI-BLO-234c9220e7,TK-PB-Drahi_100-d2-HOM-UHI-a94fc823b8-r3,SS-75c66aa1cb9f,risk_neutral_expectation,3,TWO_STAGE_RH,PEA,pv,13,15,1,1.0,0.0,0.0,23.0,23.0,0.0,0.0,false,0.0,0.0,0.0,0.0,0.0
shared_battery_mode_node_level_v1,SI-Drahi_100-d2-HOM-UHI-BLO-234c9220e7,TK-PB-Drahi_100-d2-HOM-UHI-a94fc823b8-r3,SS-75c66aa1cb9f,risk_neutral_expectation,3,TWO_STAGE_RH,PEA,pv,13,16,1,1.0,0.0,0.0,23.0,23.0,0.0,0.0,false,0.0,0.0,0.0,0.0,0.0
shared_battery_mode_node_level_v1,SI-Drahi_100-d2-HOM-UHI-BLO-234c9220e7,TK-PB-Drahi_100-d2-HOM-UHI-a94fc823b8-r3,SS-ba344dd16b2c,risk_neutral_expectation,3,TWO_STAGE_RH,PEA,pv,17,17,1,1.0,0.0,0.0,23.0,23.0,0.0,0.0,false,0.0,0.0,0.0,0.0,0.0
shared_battery_mode_node_level_v1,SI-Drahi_100-d2-HOM-UHI-BLO-234c9220e7,TK-PB-Drahi_100-d2-HOM-UHI-a94fc823b8-r3,SS-ba344dd16b2c,risk_neutral_expectation,3,TWO_STAGE_RH,PEA,pv,17,18,1,1.0,2.592797783933513,0.0,23.0,25.463157894736838,0.0,0.0,false,0.0,0.0,0.0,0.0,0.0
shared_battery_mode_node_level_v1,SI-Drahi_100-d2-HOM-UHI-BLO-234c9220e7,TK-PB-Drahi_100-d2-HOM-UHI-a94fc823b8-r3,SS-ba344dd16b2c,risk_neutral_expectation,3,TWO_STAGE_RH,PEA,pv,17,19,1,0.0,0.0,8.0,25.463157894736838,17.042105263157893,0.0,0.0,false,0.0,0.0,0.0,0.0,0.0
shared_battery_mode_node_level_v1,SI-Drahi_100-d2-HOM-UHI-BLO-234c9220e7,TK-PB-Drahi_100-d2-HOM-UHI-a94fc823b8-r3,SS-ba344dd16b2c,risk_neutral_expectation,3,TWO_STAGE_RH,PEA,pv,17,20,1,0.0,0.0,8.0,17.042105263157893,8.621052631578946,0.0,0.0,false,0.0,0.0,0.0,0.0,0.0
shared_battery_mode_node_level_v1,SI-Drahi_100-d2-HOM-UHI-BLO-234c9220e7,TK-PB-Drahi_100-d2-HOM-UHI-a94fc823b8-r3,SS-7ebaa4bc0fc2,risk_neutral_expectation,3,TWO_STAGE_RH,PEA,pv,21,21,1,1.0,0.0,0.0,8.621052631578946,8.621052631578946,0.0,0.0,false,0.0,0.0,0.0,0.0,0.0
shared_battery_mode_node_level_v1,SI-Drahi_100-d2-HOM-UHI-BLO-234c9220e7,TK-PB-Drahi_100-d2-HOM-UHI-a94fc823b8-r3,SS-7ebaa4bc0fc2,risk_neutral_expectation,3,TWO_STAGE_RH,PEA,pv,21,22,1,1.0,0.0,0.0,8.621052631578946,8.621052631578946,0.0,0.0,false,0.0,0.0,0.0,0.0,0.0
shared_battery_mode_node_level_v1,SI-Drahi_100-d2-HOM-UHI-BLO-234c9220e7,TK-PB-Drahi_100-d2-HOM-UHI-a94fc823b8-r3,SS-7ebaa4bc0fc2,risk_neutral_expectation,3,TWO_STAGE_RH,PEA,pv,21,23,1,0.0,0.0,8.0,8.621052631578946,0.1999999999999993,0.0,0.0,false,0.0,0.0,0.0,7.216449660063518e-16,0.0
shared_battery_mode_node_level_v1,SI-Drahi_100-d2-HOM-UHI-BLO-234c9220e7,TK-PB-Drahi_100-d2-HOM-UHI-a94fc823b8-r3,SS-7ebaa4bc0fc2,risk_neutral_expectation,3,TWO_STAGE_RH,PEA,pv,21,24,1,1.0,0.0,0.0,0.1999999999999993,0.1999999999999993,0.0,0.0,false,0.0,0.0,7.216449660063518e-16,7.216449660063518e-16,0.0
shared_battery_mode_node_level_v1,SI-Drahi_100-d2-HOM-UHI-BLO-234c9220e7,TK-PB-Drahi_100-d2-HOM-UHI-a94fc823b8-r3,SS-b8f4fc76bd1d,risk_neutral_expectation,3,TWO_STAGE_RH,SA,savings,1,1,1,1.0,0.0,0.0,0.2,0.2,0.0,0.0,false,0.0,0.0,0.0,0.0,0.0
shared_battery_mode_node_level_v1,SI-Drahi_100-d2-HOM-UHI-BLO-234c9220e7,TK-PB-Drahi_100-d2-HOM-UHI-a94fc823b8-r3,SS-b8f4fc76bd1d,risk_neutral_expectation,3,TWO_STAGE_RH,SA,savings,1,2,1,1.0,8.000000000000002,0.0,0.2,7.800000000000002,1.7763568394002505e-15,0.0,false,0.0,0.0,0.0,0.0,0.0
shared_battery_mode_node_level_v1,SI-Drahi_100-d2-HOM-UHI-BLO-234c9220e7,TK-PB-Drahi_100-d2-HOM-UHI-a94fc823b8-r3,SS-b8f4fc76bd1d,risk_neutral_expectation,3,TWO_STAGE_RH,SA,savings,1,3,1,1.0,0.0,0.0,7.800000000000002,7.800000000000002,0.0,0.0,false,0.0,0.0,0.0,0.0,0.0
shared_battery_mode_node_level_v1,SI-Drahi_100-d2-HOM-UHI-BLO-234c9220e7,TK-PB-Drahi_100-d2-HOM-UHI-a94fc823b8-r3,SS-b8f4fc76bd1d,risk_neutral_expectation,3,TWO_STAGE_RH,SA,savings,1,4,1,1.0,0.0,0.0,7.800000000000002,7.800000000000002,0.0,0.0,false,0.0,0.0,0.0,0.0,0.0
shared_battery_mode_node_level_v1,SI-Drahi_100-d2-HOM-UHI-BLO-234c9220e7,TK-PB-Drahi_100-d2-HOM-UHI-a94fc823b8-r3,SS-0f9d20ee9bb3,risk_neutral_expectation,3,TWO_STAGE_RH,SA,savings,5,5,1,1.0,0.0,0.0,7.800000000000002,7.800000000000002,0.0,0.0,false,0.0,0.0,0.0,0.0,0.0
shared_battery_mode_node_level_v1,SI-Drahi_100-d2-HOM-UHI-BLO-234c9220e7,TK-PB-Drahi_100-d2-HOM-UHI-a94fc823b8-r3,SS-0f9d20ee9bb3,risk_neutral_expectation,3,TWO_STAGE_RH,SA,savings,5,6,1,1.0,8.0,0.0,7.800000000000002,15.400000000000002,0.0,0.0,false,0.0,0.0,7.105427357601002e-15,0.0,0.0
shared_battery_mode_node_level_v1,SI-Drahi_100-d2-HOM-UHI-BLO-234c9220e7,TK-PB-Drahi_100-d2-HOM-UHI-a94fc823b8-r3,SS-0f9d20ee9bb3,risk_neutral_expectation,3,TWO_STAGE_RH,SA,savings,5,7,1,1.0,8.0,0.0,15.400000000000002,23.0,0.0,0.0,false,0.0,0.0,3.552713678800501e-15,0.0,0.0
shared_battery_mode_node_level_v1,SI-Drahi_100-d2-HOM-UHI-BLO-234c9220e7,TK-PB-Drahi_100-d2-HOM-UHI-a94fc823b8-r3,SS-0f9d20ee9bb3,risk_neutral_expectation,3,TWO_STAGE_RH,SA,savings,5,8,1,1.0,0.0,0.0,23.0,23.0,0.0,0.0,false,0.0,0.0,3.552713678800501e-15,0.0,0.0
shared_battery_mode_node_level_v1,SI-Drahi_100-d2-HOM-UHI-BLO-234c9220e7,TK-PB-Drahi_100-d2-HOM-UHI-a94fc823b8-r3,SS-1a86897e8e62,risk_neutral_expectation,3,TWO_STAGE_RH,SA,savings,9,9,1,1.0,0.0,0.0,23.0,23.0,0.0,0.0,false,0.0,0.0,0.0,0.0,0.0
shared_battery_mode_node_level_v1,SI-Drahi_100-d2-HOM-UHI-BLO-234c9220e7,TK-PB-Drahi_100-d2-HOM-UHI-a94fc823b8-r3,SS-1a86897e8e62,risk_neutral_expectation,3,TWO_STAGE_RH,SA,savings,9,10,1,1.0,0.0,0.0,23.0,23.0,0.0,0.0,false,0.0,0.0,0.0,0.0,0.0
shared_battery_mode_node_level_v1,SI-Drahi_100-d2-HOM-UHI-BLO-234c9220e7,TK-PB-Drahi_100-d2-HOM-UHI-a94fc823b8-r3,SS-1a86897e8e62,risk_neutral_expectation,3,TWO_STAGE_RH,SA,savings,9,11,1,1.0,0.0,0.0,23.0,23.0,0.0,0.0,false,0.0,0.0,0.0,0.0,0.0
shared_battery_mode_node_level_v1,SI-Drahi_100-d2-HOM-UHI-BLO-234c9220e7,TK-PB-Drahi_100-d2-HOM-UHI-a94fc823b8-r3,SS-1a86897e8e62,risk_neutral_expectation,3,TWO_STAGE_RH,SA,savings,9,12,1,1.0,0.0,0.0,23.0,23.0,0.0,0.0,false,0.0,0.0,0.0,0.0,0.0
shared_battery_mode_node_level_v1,SI-Drahi_100-d2-HOM-UHI-BLO-234c9220e7,TK-PB-Drahi_100-d2-HOM-UHI-a94fc823b8-r3,SS-75c66aa1cb9f,risk_neutral_expectation,3,TWO_STAGE_RH,SA,savings,13,13,1,1.0,0.0,0.0,23.0,23.0,0.0,0.0,false,0.0,0.0,0.0,0.0,0.0
shared_battery_mode_node_level_v1,SI-Drahi_100-d2-HOM-UHI-BLO-234c9220e7,TK-PB-Drahi_100-d2-HOM-UHI-a94fc823b8-r3,SS-75c66aa1cb9f,risk_neutral_expectation,3,TWO_STAGE_RH,SA,savings,13,14,1,1.0,0.0,0.0,23.0,23.0,0.0,0.0,false,0.0,0.0,0.0,0.0,0.0
shared_battery_mode_node_level_v1,SI-Drahi_100-d2-HOM-UHI-BLO-234c9220e7,TK-PB-Drahi_100-d2-HOM-UHI-a94fc823b8-r3,SS-75c66aa1cb9f,risk_neutral_expectation,3,TWO_STAGE_RH,SA,savings,13,15,1,1.0,0.0,0.0,23.0,23.0,0.0,0.0,false,0.0,0.0,0.0,0.0,0.0
shared_battery_mode_node_level_v1,SI-Drahi_100-d2-HOM-UHI-BLO-234c9220e7,TK-PB-Drahi_100-d2-HOM-UHI-a94fc823b8-r3,SS-75c66aa1cb9f,risk_neutral_expectation,3,TWO_STAGE_RH,SA,savings,13,16,1,1.0,0.0,0.0,23.0,23.0,0.0,0.0,false,0.0,0.0,0.0,0.0,0.0
shared_battery_mode_node_level_v1,SI-Drahi_100-d2-HOM-UHI-BLO-234c9220e7,TK-PB-Drahi_100-d2-HOM-UHI-a94fc823b8-r3,SS-ba344dd16b2c,risk_neutral_expectation,3,TWO_STAGE_RH,SA,savings,17,17,1,1.0,0.0,0.0,23.0,23.0,0.0,0.0,false,0.0,0.0,0.0,0.0,0.0
shared_battery_mode_node_level_v1,SI-Drahi_100-d2-HOM-UHI-BLO-234c9220e7,TK-PB-Drahi_100-d2-HOM-UHI-a94fc823b8-r3,SS-ba344dd16b2c,risk_neutral_expectation,3,TWO_STAGE_RH,SA,savings,17,18,1,1.0,2.59279778393352,0.0,23.0,25.463157894736845,0.0,0.0,false,0.0,0.0,7.105427357601002e-15,0.0,0.0
shared_battery_mode_node_level_v1,SI-Drahi_100-d2-HOM-UHI-BLO-234c9220e7,TK-PB-Drahi_100-d2-HOM-UHI-a94fc823b8-r3,SS-ba344dd16b2c,risk_neutral_expectation,3,TWO_STAGE_RH,SA,savings,17,19,1,0.0,0.0,8.0,25.463157894736845,17.0421052631579,0.0,0.0,false,0.0,0.0,7.105427357601002e-15,0.0,0.0
shared_battery_mode_node_level_v1,SI-Drahi_100-d2-HOM-UHI-BLO-234c9220e7,TK-PB-Drahi_100-d2-HOM-UHI-a94fc823b8-r3,SS-ba344dd16b2c,risk_neutral_expectation,3,TWO_STAGE_RH,SA,savings,17,20,1,0.0,0.0,7.999999999999987,17.0421052631579,8.621052631578966,0.0,0.0,false,0.0,0.0,1.9539925233402755e-14,0.0,0.0
shared_battery_mode_node_level_v1,SI-Drahi_100-d2-HOM-UHI-BLO-234c9220e7,TK-PB-Drahi_100-d2-HOM-UHI-a94fc823b8-r3,SS-7ebaa4bc0fc2,risk_neutral_expectation,3,TWO_STAGE_RH,SA,savings,21,21,1,1.0,0.0,0.0,8.621052631578966,8.621052631578966,0.0,0.0,false,0.0,0.0,0.0,0.0,0.0
shared_battery_mode_node_level_v1,SI-Drahi_100-d2-HOM-UHI-BLO-234c9220e7,TK-PB-Drahi_100-d2-HOM-UHI-a94fc823b8-r3,SS-7ebaa4bc0fc2,risk_neutral_expectation,3,TWO_STAGE_RH,SA,savings,21,22,1,1.0,0.0,0.0,8.621052631578966,8.621052631578966,0.0,0.0,false,0.0,0.0,1.9539925233402755e-14,0.0,0.0
shared_battery_mode_node_level_v1,SI-Drahi_100-d2-HOM-UHI-BLO-234c9220e7,TK-PB-Drahi_100-d2-HOM-UHI-a94fc823b8-r3,SS-7ebaa4bc0fc2,risk_neutral_expectation,3,TWO_STAGE_RH,SA,savings,21,23,1,0.0,0.0,8.0,8.621052631578966,0.20000000000001883,0.0,0.0,false,0.0,0.0,1.8818280267396403e-14,0.0,0.0
shared_battery_mode_node_level_v1,SI-Drahi_100-d2-HOM-UHI-BLO-234c9220e7,TK-PB-Drahi_100-d2-HOM-UHI-a94fc823b8-r3,SS-7ebaa4bc0fc2,risk_neutral_expectation,3,TWO_STAGE_RH,SA,savings,21,24,1,1.0,0.0,0.0,0.20000000000001883,0.20000000000001883,0.0,0.0,false,0.0,0.0,1.8818280267396403e-14,0.0,0.0
shared_battery_mode_node_level_v1,SI-Drahi_100-d2-HOM-UHI-BLO-234c9220e7,TK-PB-Drahi_100-d2-HOM-UHI-a94fc823b8-r3,SS-b8f4fc76bd1d,risk_neutral_expectation,3,TWO_STAGE_RH,STATIC_DEMAND_SHARE,pv,1,1,1,1.0,0.0,0.0,0.2,0.2,0.0,0.0,false,0.0,0.0,0.0,0.0,0.0
shared_battery_mode_node_level_v1,SI-Drahi_100-d2-HOM-UHI-BLO-234c9220e7,TK-PB-Drahi_100-d2-HOM-UHI-a94fc823b8-r3,SS-b8f4fc76bd1d,risk_neutral_expectation,3,TWO_STAGE_RH,STATIC_DEMAND_SHARE,pv,1,2,1,1.0,8.0,0.0,0.2,7.8,0.0,0.0,false,0.0,0.0,0.0,0.0,0.0
shared_battery_mode_node_level_v1,SI-Drahi_100-d2-HOM-UHI-BLO-234c9220e7,TK-PB-Drahi_100-d2-HOM-UHI-a94fc823b8-r3,SS-b8f4fc76bd1d,risk_neutral_expectation,3,TWO_STAGE_RH,STATIC_DEMAND_SHARE,pv,1,3,1,1.0,0.0,0.0,7.8,7.8,0.0,0.0,false,0.0,0.0,0.0,0.0,0.0
shared_battery_mode_node_level_v1,SI-Drahi_100-d2-HOM-UHI-BLO-234c9220e7,TK-PB-Drahi_100-d2-HOM-UHI-a94fc823b8-r3,SS-b8f4fc76bd1d,risk_neutral_expectation,3,TWO_STAGE_RH,STATIC_DEMAND_SHARE,pv,1,4,1,1.0,0.0,0.0,7.8,7.8,0.0,0.0,false,0.0,0.0,0.0,0.0,0.0
shared_battery_mode_node_level_v1,SI-Drahi_100-d2-HOM-UHI-BLO-234c9220e7,TK-PB-Drahi_100-d2-HOM-UHI-a94fc823b8-r3,SS-0f9d20ee9bb3,risk_neutral_expectation,3,TWO_STAGE_RH,STATIC_DEMAND_SHARE,pv,5,5,1,1.0,0.0,0.0,7.8,7.8,0.0,0.0,false,0.0,0.0,0.0,0.0,0.0
shared_battery_mode_node_level_v1,SI-Drahi_100-d2-HOM-UHI-BLO-234c9220e7,TK-PB-Drahi_100-d2-HOM-UHI-a94fc823b8-r3,SS-0f9d20ee9bb3,risk_neutral_expectation,3,TWO_STAGE_RH,STATIC_DEMAND_SHARE,pv,5,6,1,1.0,8.0,0.0,7.8,15.399999999999999,0.0,0.0,false,0.0,0.0,0.0,0.0,0.0
shared_battery_mode_node_level_v1,SI-Drahi_100-d2-HOM-UHI-BLO-234c9220e7,TK-PB-Drahi_100-d2-HOM-UHI-a94fc823b8-r3,SS-0f9d20ee9bb3,risk_neutral_expectation,3,TWO_STAGE_RH,STATIC_DEMAND_SHARE,pv,5,7,1,1.0,8.0,0.0,15.399999999999999,23.0,0.0,0.0,false,0.0,0.0,0.0,0.0,0.0
shared_battery_mode_node_level_v1,SI-Drahi_100-d2-HOM-UHI-BLO-234c9220e7,TK-PB-Drahi_100-d2-HOM-UHI-a94fc823b8-r3,SS-0f9d20ee9bb3,risk_neutral_expectation,3,TWO_STAGE_RH,STATIC_DEMAND_SHARE,pv,5,8,1,1.0,0.0,0.0,23.0,23.0,0.0,0.0,false,0.0,0.0,0.0,0.0,0.0
shared_battery_mode_node_level_v1,SI-Drahi_100-d2-HOM-UHI-BLO-234c9220e7,TK-PB-Drahi_100-d2-HOM-UHI-a94fc823b8-r3,SS-1a86897e8e62,risk_neutral_expectation,3,TWO_STAGE_RH,STATIC_DEMAND_SHARE,pv,9,9,1,1.0,0.0,0.0,23.0,23.0,0.0,0.0,false,0.0,0.0,0.0,0.0,0.0
shared_battery_mode_node_level_v1,SI-Drahi_100-d2-HOM-UHI-BLO-234c9220e7,TK-PB-Drahi_100-d2-HOM-UHI-a94fc823b8-r3,SS-1a86897e8e62,risk_neutral_expectation,3,TWO_STAGE_RH,STATIC_DEMAND_SHARE,pv,9,10,1,1.0,0.0,0.0,23.0,23.0,0.0,0.0,false,0.0,0.0,0.0,0.0,0.0
shared_battery_mode_node_level_v1,SI-Drahi_100-d2-HOM-UHI-BLO-234c9220e7,TK-PB-Drahi_100-d2-HOM-UHI-a94fc823b8-r3,SS-1a86897e8e62,risk_neutral_expectation,3,TWO_STAGE_RH,STATIC_DEMAND_SHARE,pv,9,11,1,1.0,0.0,0.0,23.0,23.0,0.0,0.0,false,0.0,0.0,0.0,0.0,0.0
shared_battery_mode_node_level_v1,SI-Drahi_100-d2-HOM-UHI-BLO-234c9220e7,TK-PB-Drahi_100-d2-HOM-UHI-a94fc823b8-r3,SS-1a86897e8e62,risk_neutral_expectation,3,TWO_STAGE_RH,STATIC_DEMAND_SHARE,pv,9,12,1,1.0,0.0,0.0,23.0,23.0,0.0,0.0,false,0.0,0.0,0.0,0.0,0.0
shared_battery_mode_node_level_v1,SI-Drahi_100-d2-HOM-UHI-BLO-234c9220e7,TK-PB-Drahi_100-d2-HOM-UHI-a94fc823b8-r3,SS-75c66aa1cb9f,risk_neutral_expectation,3,TWO_STAGE_RH,STATIC_DEMAND_SHARE,pv,13,13,1,1.0,0.0,0.0,23.0,23.0,0.0,0.0,false,0.0,0.0,0.0,0.0,0.0
shared_battery_mode_node_level_v1,SI-Drahi_100-d2-HOM-UHI-BLO-234c9220e7,TK-PB-Drahi_100-d2-HOM-UHI-a94fc823b8-r3,SS-75c66aa1cb9f,risk_neutral_expectation,3,TWO_STAGE_RH,STATIC_DEMAND_SHARE,pv,13,14,1,1.0,0.0,0.0,23.0,23.0,0.0,0.0,false,0.0,0.0,0.0,0.0,0.0
shared_battery_mode_node_level_v1,SI-Drahi_100-d2-HOM-UHI-BLO-234c9220e7,TK-PB-Drahi_100-d2-HOM-UHI-a94fc823b8-r3,SS-75c66aa1cb9f,risk_neutral_expectation,3,TWO_STAGE_RH,STATIC_DEMAND_SHARE,pv,13,15,1,1.0,0.0,0.0,23.0,23.0,0.0,0.0,false,0.0,0.0,0.0,0.0,0.0
shared_battery_mode_node_level_v1,SI-Drahi_100-d2-HOM-UHI-BLO-234c9220e7,TK-PB-Drahi_100-d2-HOM-UHI-a94fc823b8-r3,SS-75c66aa1cb9f,risk_neutral_expectation,3,TWO_STAGE_RH,STATIC_DEMAND_SHARE,pv,13,16,1,1.0,0.0,0.0,23.0,23.0,0.0,0.0,false,0.0,0.0,0.0,0.0,0.0
shared_battery_mode_node_level_v1,SI-Drahi_100-d2-HOM-UHI-BLO-234c9220e7,TK-PB-Drahi_100-d2-HOM-UHI-a94fc823b8-r3,SS-ba344dd16b2c,risk_neutral_expectation,3,TWO_STAGE_RH,STATIC_DEMAND_SHARE,pv,17,17,1,1.0,0.0,0.0,23.0,23.0,0.0,0.0,false,0.0,0.0,0.0,0.0,0.0
shared_battery_mode_node_level_v1,SI-Drahi_100-d2-HOM-UHI-BLO-234c9220e7,TK-PB-Drahi_100-d2-HOM-UHI-a94fc823b8-r3,SS-ba344dd16b2c,risk_neutral_expectation,3,TWO_STAGE_RH,STATIC_DEMAND_SHARE,pv,17,18,1,1.0,2.592797783933513,0.0,23.0,25.463157894736838,0.0,0.0,false,0.0,0.0,0.0,0.0,0.0
shared_battery_mode_node_level_v1,SI-Drahi_100-d2-HOM-UHI-BLO-234c9220e7,TK-PB-Drahi_100-d2-HOM-UHI-a94fc823b8-r3,SS-ba344dd16b2c,risk_neutral_expectation,3,TWO_STAGE_RH,STATIC_DEMAND_SHARE,pv,17,19,1,0.0,0.0,8.0,25.463157894736838,17.042105263157893,0.0,0.0,false,0.0,0.0,0.0,0.0,0.0
shared_battery_mode_node_level_v1,SI-Drahi_100-d2-HOM-UHI-BLO-234c9220e7,TK-PB-Drahi_100-d2-HOM-UHI-a94fc823b8-r3,SS-ba344dd16b2c,risk_neutral_expectation,3,TWO_STAGE_RH,STATIC_DEMAND_SHARE,pv,17,20,1,0.0,0.0,8.0,17.042105263157893,8.621052631578946,0.0,0.0,false,0.0,0.0,0.0,0.0,0.0
shared_battery_mode_node_level_v1,SI-Drahi_100-d2-HOM-UHI-BLO-234c9220e7,TK-PB-Drahi_100-d2-HOM-UHI-a94fc823b8-r3,SS-7ebaa4bc0fc2,risk_neutral_expectation,3,TWO_STAGE_RH,STATIC_DEMAND_SHARE,pv,21,21,1,1.0,0.0,0.0,8.621052631578946,8.621052631578946,0.0,0.0,false,0.0,0.0,0.0,0.0,0.0
shared_battery_mode_node_level_v1,SI-Drahi_100-d2-HOM-UHI-BLO-234c9220e7,TK-PB-Drahi_100-d2-HOM-UHI-a94fc823b8-r3,SS-7ebaa4bc0fc2,risk_neutral_expectation,3,TWO_STAGE_RH,STATIC_DEMAND_SHARE,pv,21,22,1,1.0,0.0,0.0,8.621052631578946,8.621052631578946,0.0,0.0,false,0.0,0.0,0.0,0.0,0.0
shared_battery_mode_node_level_v1,SI-Drahi_100-d2-HOM-UHI-BLO-234c9220e7,TK-PB-Drahi_100-d2-HOM-UHI-a94fc823b8-r3,SS-7ebaa4bc0fc2,risk_neutral_expectation,3,TWO_STAGE_RH,STATIC_DEMAND_SHARE,pv,21,23,1,0.0,0.0,8.0,8.621052631578946,0.1999999999999993,0.0,0.0,false,0.0,0.0,0.0,7.216449660063518e-16,0.0
shared_battery_mode_node_level_v1,SI-Drahi_100-d2-HOM-UHI-BLO-234c9220e7,TK-PB-Drahi_100-d2-HOM-UHI-a94fc823b8-r3,SS-7ebaa4bc0fc2,risk_neutral_expectation,3,TWO_STAGE_RH,STATIC_DEMAND_SHARE,pv,21,24,1,1.0,0.0,0.0,0.1999999999999993,0.1999999999999993,0.0,0.0,false,0.0,0.0,0.0,7.216449660063518e-16,0.0
