ExperimentID,FormulationID,StructuralInstanceID,ParallelTaskID,Replication,Controller,Fairness,Resource,ApplicableDiagnostic,House,PVAllocation,PVRate,PVProportionalTarget,PVDeviation,Savings,SavingsRate,SavingsProportionalTarget,SavingsDeviation,StaticShareTarget,StaticShareDeviation,PVOrderStatistic,SavingsOrderStatistic,SortedPV,SortedSavings,CumulativePVOrder,CumulativeSavingsOrder,MinHouseholdPV,MinHouseholdSavings,LexicographicPVShortfall,LexicographicSavingsShortfall
oos_experiment,shared_battery_mode_node_level_v1,SI-Drahi_13-d2-HOM-UHI-BHI-63fecfeedf,TK-PB-Drahi_13-d2-HOM-UHI-0300d9cc8f-r1,1,DETERMINISTIC_RH,LEXMMFPEA,pv,lexicographic_pv,1,469.04951754729456,0.19713896990782834,472.4649321964127,-3.4154146491181336,78863.70046662042,0.18036348912141653,86811.92655107753,-7948.226084457114,470.57924366175905,-1.529726114464495,2,1,430.7081011704122,78863.70046662042,430.7081011704122,78863.70046662042,430.7081011704122,78863.70046662042,45.14861834739503,8586.038780252537
oos_experiment,shared_battery_mode_node_level_v1,SI-Drahi_13-d2-HOM-UHI-BHI-63fecfeedf,TK-PB-Drahi_13-d2-HOM-UHI-0300d9cc8f-r1,1,DETERMINISTIC_RH,LEXMMFPEA,pv,lexicographic_pv,2,500.7927740826245,0.21048048857651325,473.5564585944855,27.236315488138985,103051.45459434311,0.2356815594462234,86998.88685159618,16052.567742746935,473.5670633013758,27.225710781248665,4,5,469.04951754729456,82808.2677181568,899.7576187177067,161671.96818477722,430.7081011704122,78863.70046662042,45.14861834739503,8586.038780252537
oos_experiment,shared_battery_mode_node_level_v1,SI-Drahi_13-d2-HOM-UHI-BHI-63fecfeedf,TK-PB-Drahi_13-d2-HOM-UHI-0300d9cc8f-r1,1,DETERMINISTIC_RH,LEXMMFPEA,pv,lexicographic_pv,3,474.1146233618682,0.19926780642807596,472.8964085118518,1.218214850016409,85072.56635564752,0.194563339098097,86810.34058332085,-1737.7742276733334,485.6116502937004,-11.497026931832181,3,3,474.1146233618682,85072.56635564752,1373.872242079575,246744.53454042473,430.7081011704122,78863.70046662042,45.14861834739503,8586.038780252537
oos_experiment,shared_battery_mode_node_level_v1,SI-Drahi_13-d2-HOM-UHI-BHI-63fecfeedf,TK-PB-Drahi_13-d2-HOM-UHI-0300d9cc8f-r1,1,DETERMINISTIC_RH,LEXMMFPEA,pv,lexicographic_pv,4,430.7081011704122,0.1810242804207347,479.00739363548035,-48.29929246506816,82808.2677181568,0.18938482477205987,88180.56191589919,-5372.294197742391,475.87202571484914,-45.16392454443695,1,2,500.7927740826245,87452.70709959694,1874.6650161621994,334197.2416400217,430.7081011704122,78863.70046662042,45.14861834739503,8586.038780252537
oos_experiment,shared_battery_mode_node_level_v1,SI-Drahi_13-d2-HOM-UHI-BHI-63fecfeedf,TK-PB-Drahi_13-d2-HOM-UHI-0300d9cc8f-r1,1,DETERMINISTIC_RH,LEXMMFPEA,pv,lexicographic_pv,5,504.61858142683684,0.2120884546668478,481.358404650806,23.260176776030846,87452.70709959694,0.20000678756220328,88446.98033247101,-994.2732328740676,473.65361461734926,30.964966809487578,5,4,504.61858142683684,103051.45459434311,2379.283597589036,437248.69623436476,430.7081011704122,78863.70046662042,45.14861834739503,8586.038780252537
oos_experiment,shared_battery_mode_node_level_v1,SI-Drahi_13-d2-HOM-UHI-BHI-63fecfeedf,TK-PB-Drahi_13-d2-HOM-UHI-0300d9cc8f-r1,1,DETERMINISTIC_RH,LEXMMFSA,savings,lexicographic_savings,1,463.0415866908986,0.1946138691327531,472.46493219641263,-9.423345505514021,73309.37620640322,0.16766059416014698,86811.92655107753,-13502.55034467431,470.57924366175905,-7.537656970860439,1,1,463.0415866908986,73309.37620640322,463.0415866908986,73309.37620640322,463.0415866908986,73309.37620640322,12.815132826908552,14140.363040469732
oos_experiment,shared_battery_mode_node_level_v1,SI-Drahi_13-d2-HOM-UHI-BHI-63fecfeedf,TK-PB-Drahi_13-d2-HOM-UHI-0300d9cc8f-r1,1,DETERMINISTIC_RH,LEXMMFSA,savings,lexicographic_savings,2,483.22472597174897,0.20309673317691423,473.55645859448543,9.668267377263533,92123.25972687278,0.21068847207607186,86998.88685159618,5124.372875276604,473.5670633013758,9.657662670373156,5,3,472.88605544468857,87569.54084734237,935.9276421355871,160878.9170537456,463.0415866908986,73309.37620640322,12.815132826908552,14140.363040469732
oos_experiment,shared_battery_mode_node_level_v1,SI-Drahi_13-d2-HOM-UHI-BHI-63fecfeedf,TK-PB-Drahi_13-d2-HOM-UHI-0300d9cc8f-r1,1,DETERMINISTIC_RH,LEXMMFSA,savings,lexicographic_savings,3,477.5399762805206,0.2007074636938695,472.8964085118517,4.643567768668902,92123.25972687316,0.21068847207607272,86810.34058332085,5312.91914355231,485.6116502937004,-8.071674013179802,3,4,477.5399762805206,92123.25972687278,1413.4676184161078,253002.17678061838,463.0415866908986,73309.37620640322,12.815132826908552,14140.363040469732
oos_experiment,shared_battery_mode_node_level_v1,SI-Drahi_13-d2-HOM-UHI-BHI-63fecfeedf,TK-PB-Drahi_13-d2-HOM-UHI-0300d9cc8f-r1,1,DETERMINISTIC_RH,LEXMMFSA,savings,lexicographic_savings,4,472.88605544468857,0.198751445991504,479.0073936354803,-6.121338190791732,87569.54084734237,0.2002739896116356,88180.56191589919,-611.0210685568163,475.87202571484914,-2.9859702701605784,2,2,482.5912532011792,92123.25972687316,1896.058871617287,345125.4365074915,463.0415866908986,73309.37620640322,12.815132826908552,14140.363040469732
oos_experiment,shared_battery_mode_node_level_v1,SI-Drahi_13-d2-HOM-UHI-BHI-63fecfeedf,TK-PB-Drahi_13-d2-HOM-UHI-0300d9cc8f-r1,1,DETERMINISTIC_RH,LEXMMFSA,savings,lexicographic_savings,5,482.5912532011792,0.20283048800495926,481.35840465080594,1.2328485503732622,92123.25972687328,0.210688472076073,88446.98033247101,3676.2793944022706,473.65361461734926,8.937638583829937,4,5,483.22472597174897,92123.25972687328,2379.2835975890357,437248.6962343649,463.0415866908986,73309.37620640322,12.815132826908552,14140.363040469732
oos_experiment,shared_battery_mode_node_level_v1,SI-Drahi_13-d2-HOM-UHI-BHI-63fecfeedf,TK-PB-Drahi_13-d2-HOM-UHI-0300d9cc8f-r1,1,DETERMINISTIC_RH,NONE,none,descriptive_only,1,541.0122523068876,0.2273845172786899,472.46493219641263,68.54732011047497,82189.39610513678,0.18796944808060284,86811.92655107762,-4622.530445940836,470.57924366175905,70.43300864512855,4,3,401.6455508029808,76920.84735946744,401.6455508029808,76920.84735946744,401.6455508029808,76920.84735946744,74.21116871482639,10528.891887405582
oos_experiment,shared_battery_mode_node_level_v1,SI-Drahi_13-d2-HOM-UHI-BHI-63fecfeedf,TK-PB-Drahi_13-d2-HOM-UHI-0300d9cc8f-r1,1,DETERMINISTIC_RH,NONE,none,descriptive_only,2,419.6102471989633,0.17635991254853384,473.55645859448543,-53.94621139552214,82387.78068029735,0.18842315915365826,86998.88685159625,-4611.106171298903,473.5670633013758,-53.95681610241252,3,4,402.0472885778454,77155.96638521756,803.6928393808262,154076.813744685,401.6455508029808,76920.84735946744,74.21116871482639,10528.891887405582
oos_experiment,shared_battery_mode_node_level_v1,SI-Drahi_13-d2-HOM-UHI-BHI-63fecfeedf,TK-PB-Drahi_13-d2-HOM-UHI-0300d9cc8f-r1,1,DETERMINISTIC_RH,NONE,none,descriptive_only,3,402.0472885778454,0.16897829623389413,472.8964085118517,-70.8491199340063,77155.96638521756,0.176457853504638,86810.34058332093,-9654.374198103367,485.6116502937004,-83.564361715855,2,2,419.6102471989633,82189.39610513678,1223.3030865797896,236266.20984982178,401.6455508029808,76920.84735946744,74.21116871482639,10528.891887405582
oos_experiment,shared_battery_mode_node_level_v1,SI-Drahi_13-d2-HOM-UHI-BHI-63fecfeedf,TK-PB-Drahi_13-d2-HOM-UHI-0300d9cc8f-r1,1,DETERMINISTIC_RH,NONE,none,descriptive_only,4,614.9682587023588,0.2584678259142859,479.0073936354803,135.96086506687845,118594.70570424596,0.2712294095456359,88180.56191589926,30414.1437883467,475.87202571484914,139.0962329875096,5,5,541.0122523068876,82387.78068029735,1764.3153388866772,318653.99053011916,401.6455508029808,76920.84735946744,74.21116871482639,10528.891887405582
oos_experiment,shared_battery_mode_node_level_v1,SI-Drahi_13-d2-HOM-UHI-BHI-63fecfeedf,TK-PB-Drahi_13-d2-HOM-UHI-0300d9cc8f-r1,1,DETERMINISTIC_RH,NONE,none,descriptive_only,5,401.6455508029808,0.16880944802459627,481.35840465080594,-79.71285384782516,76920.84735946744,0.17592012971546495,88446.98033247108,-11526.132973003638,473.65361461734926,-72.00806381436848,1,1,614.9682587023588,118594.70570424596,2379.2835975890357,437248.6962343651,401.6455508029808,76920.84735946744,74.21116871482639,10528.891887405582
oos_experiment,shared_battery_mode_node_level_v1,SI-Drahi_13-d2-HOM-UHI-BHI-63fecfeedf,TK-PB-Drahi_13-d2-HOM-UHI-0300d9cc8f-r1,1,DETERMINISTIC_RH,PEA,pv,proportional_pv,1,502.97152831066535,0.21139620716939084,472.46493219641263,30.506596114252716,81191.23201487333,0.18596982646162172,86679.7234084542,-5488.491393580873,470.57924366175905,32.3922846489063,5,2,453.16577911761146,80753.47910777389,453.16577911761146,80753.47910777389,453.16577911761146,80753.47910777389,22.6909404001957,6563.085691654604
oos_experiment,shared_battery_mode_node_level_v1,SI-Drahi_13-d2-HOM-UHI-BHI-63fecfeedf,TK-PB-Drahi_13-d2-HOM-UHI-0300d9cc8f-r1,1,DETERMINISTIC_RH,PEA,pv,proportional_pv,2,462.31216127871465,0.1943072955856051,473.55645859448543,-11.24429731577078,95941.49510398664,0.21975554197389724,86866.39899303281,9075.096110953833,473.5670633013758,-11.254902022661156,3,5,458.9740487851088,81191.23201487333,912.1398279027203,161944.71112264722,453.16577911761146,80753.47910777389,22.6909404001957,6563.085691654604
oos_experiment,shared_battery_mode_node_level_v1,SI-Drahi_13-d2-HOM-UHI-BHI-63fecfeedf,TK-PB-Drahi_13-d2-HOM-UHI-0300d9cc8f-r1,1,DETERMINISTIC_RH,PEA,pv,proportional_pv,3,458.9740487851088,0.19290430499760272,472.8964085118517,-13.922359726742911,80753.47910777389,0.18496714636740366,86678.13985591776,-5924.66074814387,485.6116502937004,-26.637601508591615,2,1,462.31216127871465,86748.66634684839,1374.4519891814348,248693.3774694956,453.16577911761146,80753.47910777389,22.6909404001957,6563.085691654604
oos_experiment,shared_battery_mode_node_level_v1,SI-Drahi_13-d2-HOM-UHI-BHI-63fecfeedf,TK-PB-Drahi_13-d2-HOM-UHI-0300d9cc8f-r1,1,DETERMINISTIC_RH,PEA,pv,proportional_pv,4,501.8600800969356,0.21092907150937285,479.0073936354803,22.852686461455278,91947.95142366021,0.2106082657623334,88046.27452168136,3901.676901978848,475.87202571484914,25.988054382086432,4,4,501.8600800969356,91947.95142366021,1876.3120692783705,340641.3288931558,453.16577911761146,80753.47910777389,22.6909404001957,6563.085691654604
oos_experiment,shared_battery_mode_node_level_v1,SI-Drahi_13-d2-HOM-UHI-BHI-63fecfeedf,TK-PB-Drahi_13-d2-HOM-UHI-0300d9cc8f-r1,1,DETERMINISTIC_RH,PEA,pv,proportional_pv,5,453.16577911761146,0.19046312073802857,481.35840465080594,-28.192625533194473,86748.66634684839,0.1986992194347439,88312.2872180564,-1563.6208712080115,473.65361461734926,-20.4878354997378,1,3,502.97152831066535,95941.49510398664,2379.2835975890357,436582.8239971425,453.16577911761146,80753.47910777389,22.6909404001957,6563.085691654604
oos_experiment,shared_battery_mode_node_level_v1,SI-Drahi_13-d2-HOM-UHI-BHI-63fecfeedf,TK-PB-Drahi_13-d2-HOM-UHI-0300d9cc8f-r1,1,DETERMINISTIC_RH,SA,savings,proportional_savings,1,376.5111022518092,0.15824557553094284,472.46493219641263,-95.95382994460346,67978.54821606723,0.1554688414202401,86811.9265510776,-18833.378335010377,470.57924366175905,-94.06814140994987,1,1,376.5111022518092,67978.54821606723,376.5111022518092,67978.54821606723,376.5111022518092,67978.54821606723,99.34561726599799,19471.191030805785
oos_experiment,shared_battery_mode_node_level_v1,SI-Drahi_13-d2-HOM-UHI-BHI-63fecfeedf,TK-PB-Drahi_13-d2-HOM-UHI-0300d9cc8f-r1,1,DETERMINISTIC_RH,SA,savings,proportional_savings,2,508.5300942772759,0.21373244231691305,473.55645859448543,34.97363568279047,91920.97026280328,0.21022583041284518,86998.88685159624,4922.083411207044,473.5670633013758,34.9630309759001,5,3,490.6830861609398,91546.31866678043,867.194188412749,159524.86688284765,376.5111022518092,67978.54821606723,99.34561726599799,19471.191030805785
oos_experiment,shared_battery_mode_node_level_v1,SI-Drahi_13-d2-HOM-UHI-BHI-63fecfeedf,TK-PB-Drahi_13-d2-HOM-UHI-0300d9cc8f-r1,1,DETERMINISTIC_RH,SA,savings,proportional_savings,3,490.6830861609398,0.20623144153902312,472.8964085118517,17.78667764908812,91546.31866678043,0.2093689917321369,86810.34058332093,4735.9780834595,485.6116502937004,5.0714358672394155,2,2,500.06700819642873,91920.97026280328,1367.2611966091777,251445.83714565093,376.5111022518092,67978.54821606723,99.34561726599799,19471.191030805785
oos_experiment,shared_battery_mode_node_level_v1,SI-Drahi_13-d2-HOM-UHI-BHI-63fecfeedf,TK-PB-Drahi_13-d2-HOM-UHI-0300d9cc8f-r1,1,DETERMINISTIC_RH,SA,savings,proportional_savings,4,503.4923067025821,0.21161508750481806,479.0073936354803,24.484913067101786,92731.66139049982,0.21207990370037766,88180.56191589925,4551.0994746005745,475.87202571484914,27.62028098773294,4,4,503.4923067025821,92731.66139049982,1870.75350331176,344177.4985361508,376.5111022518092,67978.54821606723,99.34561726599799,19471.191030805785
oos_experiment,shared_battery_mode_node_level_v1,SI-Drahi_13-d2-HOM-UHI-BHI-63fecfeedf,TK-PB-Drahi_13-d2-HOM-UHI-0300d9cc8f-r1,1,DETERMINISTIC_RH,SA,savings,proportional_savings,5,500.06700819642873,0.21017545310830296,481.35840465080594,18.708603545622793,93071.19769821427,0.2128564327344001,88446.98033247107,4624.2173657431995,473.65361461734926,26.413393579079468,3,5,508.5300942772759,93071.19769821427,2379.2835975890357,437248.696234365,376.5111022518092,67978.54821606723,99.34561726599799,19471.191030805785
oos_experiment,shared_battery_mode_node_level_v1,SI-Drahi_13-d2-HOM-UHI-BHI-63fecfeedf,TK-PB-Drahi_13-d2-HOM-UHI-0300d9cc8f-r1,1,DETERMINISTIC_RH,STATIC_DEMAND_SHARE,pv,static_share_residual,1,470.5792436617595,0.19778190550239766,472.4649321964127,-1.885688534653184,70006.02407137209,0.16010573541847428,86811.9265510776,-16805.902479705517,470.57924366175905,4.547473508864641e-13,1,1,470.5792436617595,70006.02407137209,470.5792436617595,70006.02407137209,470.5792436617595,70006.02407137209,5.277475856047715,17443.715175500925
oos_experiment,shared_battery_mode_node_level_v1,SI-Drahi_13-d2-HOM-UHI-BHI-63fecfeedf,TK-PB-Drahi_13-d2-HOM-UHI-0300d9cc8f-r1,1,DETERMINISTIC_RH,STATIC_DEMAND_SHARE,pv,static_share_residual,2,473.5670633013763,0.19903766990250718,473.5564585944855,0.01060470689083104,91118.34086499657,0.20839019452709173,86998.88685159624,4119.454013400333,473.5670633013758,5.115907697472721e-13,2,3,473.5670633013763,91066.2833191083,944.1463069631359,161072.3073904804,470.5792436617595,70006.02407137209,5.277475856047715,17443.715175500925
oos_experiment,shared_battery_mode_node_level_v1,SI-Drahi_13-d2-HOM-UHI-BHI-63fecfeedf,TK-PB-Drahi_13-d2-HOM-UHI-0300d9cc8f-r1,1,DETERMINISTIC_RH,STATIC_DEMAND_SHARE,pv,static_share_residual,3,485.6116502937009,0.20409994453195007,472.8964085118518,12.715241781849102,93509.98225908855,0.21385994529979627,86810.34058332093,6699.64167576762,485.6116502937004,5.115907697472721e-13,5,5,473.65361461734966,91118.34086499657,1417.7999215804855,252190.64825547696,470.5792436617595,70006.02407137209,5.277475856047715,17443.715175500925
oos_experiment,shared_battery_mode_node_level_v1,SI-Drahi_13-d2-HOM-UHI-BHI-63fecfeedf,TK-PB-Drahi_13-d2-HOM-UHI-0300d9cc8f-r1,1,DETERMINISTIC_RH,STATIC_DEMAND_SHARE,pv,static_share_residual,4,475.8720257148496,0.20000643311165506,479.00739363548035,-3.135367920630756,91548.06571979955,0.2093729872912642,88180.56191589925,3367.5038039002975,475.87202571484914,4.547473508864641e-13,4,4,475.8720257148496,91548.06571979955,1893.671947295335,343738.71397527657,470.5792436617595,70006.02407137209,5.277475856047715,17443.715175500925
oos_experiment,shared_battery_mode_node_level_v1,SI-Drahi_13-d2-HOM-UHI-BHI-63fecfeedf,TK-PB-Drahi_13-d2-HOM-UHI-0300d9cc8f-r1,1,DETERMINISTIC_RH,STATIC_DEMAND_SHARE,pv,static_share_residual,5,473.65361461734966,0.19907404695148992,481.358404650806,-7.704790033456334,91066.2833191083,0.20827113746337353,88446.98033247107,2619.302986637238,473.65361461734926,3.979039320256561e-13,3,2,485.6116502937009,93509.98225908855,2379.283597589036,437248.6962343651,470.5792436617595,70006.02407137209,5.277475856047715,17443.715175500925
oos_experiment,shared_battery_mode_node_level_v1,SI-Drahi_13-d2-HOM-UHI-BHI-63fecfeedf,TK-PB-Drahi_13-d2-HOM-UHI-0300d9cc8f-r1,1,MULTISTAGE_RH,LEXMMFPEA,pv,lexicographic_pv,1,425.75542269707233,0.17894269650263517,472.4649321964121,-46.70950949933979,88061.57782239004,0.2013992919379436,86811.92655107753,1249.651271312512,470.57924366175905,-44.82382096468672,1,3,425.75542269707233,82567.96427572414,425.75542269707233,82567.96427572414,425.75542269707233,82567.96427572414,50.101296820734376,4881.774971148814
oos_experiment,shared_battery_mode_node_level_v1,SI-Drahi_13-d2-HOM-UHI-BHI-63fecfeedf,TK-PB-Drahi_13-d2-HOM-UHI-0300d9cc8f-r1,1,MULTISTAGE_RH,LEXMMFPEA,pv,lexicographic_pv,2,491.1181011929451,0.20641427599912976,473.5564585944849,17.561642598460196,84199.59529282487,0.19256682985669554,86998.88685159618,-2799.291558771307,473.5670633013758,17.551037891569308,5,2,484.9799143495887,84199.59529282487,910.735337046661,166767.559568549,425.75542269707233,82567.96427572414,50.101296820734376,4881.774971148814
oos_experiment,shared_battery_mode_node_level_v1,SI-Drahi_13-d2-HOM-UHI-BHI-63fecfeedf,TK-PB-Drahi_13-d2-HOM-UHI-0300d9cc8f-r1,1,MULTISTAGE_RH,LEXMMFPEA,pv,lexicographic_pv,3,488.25777624241897,0.20521209692580508,472.89640851185123,15.361367730567736,88617.13346219645,0.20266986322744293,86810.34058332085,1806.7928788755962,485.6116502937004,2.646125948718577,3,4,488.25777624241897,88061.57782239004,1398.99311328908,254829.13739093905,425.75542269707233,82567.96427572414,50.101296820734376,4881.774971148814
oos_experiment,shared_battery_mode_node_level_v1,SI-Drahi_13-d2-HOM-UHI-BHI-63fecfeedf,TK-PB-Drahi_13-d2-HOM-UHI-0300d9cc8f-r1,1,MULTISTAGE_RH,LEXMMFPEA,pv,lexicographic_pv,4,484.9799143495887,0.20383442933874157,479.0073936354798,5.972520714108896,93802.42538122926,0.21452877090101435,88180.56191589919,5621.863465330069,475.87202571484914,9.107888634739538,2,5,489.1723831070085,88617.13346219645,1888.1654963960887,343446.2708531355,425.75542269707233,82567.96427572414,50.101296820734376,4881.774971148814
oos_experiment,shared_battery_mode_node_level_v1,SI-Drahi_13-d2-HOM-UHI-BHI-63fecfeedf,TK-PB-Drahi_13-d2-HOM-UHI-0300d9cc8f-r1,1,MULTISTAGE_RH,LEXMMFPEA,pv,lexicographic_pv,5,489.1723831070085,0.2055965012336885,481.3584046508055,7.813978456203017,82567.96427572414,0.18883524407690358,88446.98033247101,-5879.01605674687,473.65361461734926,15.518768489659237,4,1,491.1181011929451,93802.42538122926,2379.283597589034,437248.69623436476,425.75542269707233,82567.96427572414,50.101296820734376,4881.774971148814
oos_experiment,shared_battery_mode_node_level_v1,SI-Drahi_13-d2-HOM-UHI-BHI-63fecfeedf,TK-PB-Drahi_13-d2-HOM-UHI-0300d9cc8f-r1,1,MULTISTAGE_RH,LEXMMFSA,savings,lexicographic_savings,1,486.0429833516602,0.20428123147832206,472.4649321964121,13.57805115524809,84494.16867062257,0.19324052741219336,86811.92655107753,-2317.7578804549557,470.57924366175905,15.46373968990116,4,1,434.6391325053963,84494.16867062257,434.6391325053963,84494.16867062257,434.6391325053963,84494.16867062257,41.21758701241043,2955.5705762503785
oos_experiment,shared_battery_mode_node_level_v1,SI-Drahi_13-d2-HOM-UHI-BHI-63fecfeedf,TK-PB-Drahi_13-d2-HOM-UHI-0300d9cc8f-r1,1,MULTISTAGE_RH,LEXMMFSA,savings,lexicographic_savings,2,479.79059777365285,0.201653387708734,473.5564585944849,6.234139179167926,91400.6007509965,0.20903573078238727,86998.88685159618,4401.713899400318,473.5670633013758,6.223534472277038,3,5,479.2036277276597,85372.16224973221,913.842760233056,169866.33092035478,434.6391325053963,84494.16867062257,41.21758701241043,2955.5705762503785
oos_experiment,shared_battery_mode_node_level_v1,SI-Drahi_13-d2-HOM-UHI-BHI-63fecfeedf,TK-PB-Drahi_13-d2-HOM-UHI-0300d9cc8f-r1,1,MULTISTAGE_RH,LEXMMFSA,savings,lexicographic_savings,3,434.6391325053963,0.18267647158406133,472.89640851185123,-38.25727600645496,87298.17496037282,0.1996533682368743,86810.34058332085,487.8343770519714,485.6116502937004,-50.97251778830412,1,3,479.79059777365285,87298.17496037282,1393.6333580067087,257164.5058807276,434.6391325053963,84494.16867062257,41.21758701241043,2955.5705762503785
oos_experiment,shared_battery_mode_node_level_v1,SI-Drahi_13-d2-HOM-UHI-BHI-63fecfeedf,TK-PB-Drahi_13-d2-HOM-UHI-0300d9cc8f-r1,1,MULTISTAGE_RH,LEXMMFSA,savings,lexicographic_savings,4,479.2036277276597,0.20140668737986697,479.0073936354798,0.19623409217990684,88683.58960264066,0.20282185027970068,88180.56191589919,503.027686741465,475.87202571484914,3.3316020128105492,2,4,486.0429833516602,88683.58960264066,1879.676341358369,345848.09548336826,434.6391325053963,84494.16867062257,41.21758701241043,2955.5705762503785
oos_experiment,shared_battery_mode_node_level_v1,SI-Drahi_13-d2-HOM-UHI-BHI-63fecfeedf,TK-PB-Drahi_13-d2-HOM-UHI-0300d9cc8f-r1,1,MULTISTAGE_RH,LEXMMFSA,savings,lexicographic_savings,5,499.6072562306646,0.2099822218490157,481.3584046508055,18.248851579859092,85372.16224973221,0.19524852328884437,88446.98033247101,-3074.8180827387987,473.65361461734926,25.953641613315312,5,2,499.6072562306646,91400.6007509965,2379.283597589034,437248.69623436476,434.6391325053963,84494.16867062257,41.21758701241043,2955.5705762503785
oos_experiment,shared_battery_mode_node_level_v1,SI-Drahi_13-d2-HOM-UHI-BHI-63fecfeedf,TK-PB-Drahi_13-d2-HOM-UHI-0300d9cc8f-r1,1,MULTISTAGE_RH,NONE,none,descriptive_only,1,486.5116674862155,0.20447821687973877,472.4649321964121,14.046735289803394,71535.00615453182,0.16360256021481456,86811.92655107753,-15276.920396545713,470.57924366175905,15.932423824456464,3,2,401.64555080297976,71259.72735946707,401.64555080297976,71259.72735946707,401.64555080297976,71259.72735946707,74.21116871482695,16190.011887405883
oos_experiment,shared_battery_mode_node_level_v1,SI-Drahi_13-d2-HOM-UHI-BHI-63fecfeedf,TK-PB-Drahi_13-d2-HOM-UHI-0300d9cc8f-r1,1,MULTISTAGE_RH,NONE,none,descriptive_only,2,443.2506317930429,0.18629583805906783,473.5564585944849,-30.305826801442038,92597.19076516459,0.21177236561851887,86998.88685159618,5598.3039135684085,473.5670633013758,-30.316431508332926,2,3,443.2506317930429,71535.00615453182,844.8961825960226,142794.7335139989,401.64555080297976,71259.72735946707,74.21116871482695,16190.011887405883
oos_experiment,shared_battery_mode_node_level_v1,SI-Drahi_13-d2-HOM-UHI-BHI-63fecfeedf,TK-PB-Drahi_13-d2-HOM-UHI-0300d9cc8f-r1,1,MULTISTAGE_RH,NONE,none,descriptive_only,3,555.1273500948017,0.2333170163730466,472.89640851185123,82.23094158295049,100714.44059148265,0.23033674304542656,86810.34058332085,13904.100008161797,485.6116502937004,69.51569980110133,5,4,486.5116674862155,92597.19076516459,1331.4078500822382,235391.92427916348,401.64555080297976,71259.72735946707,74.21116871482695,16190.011887405883
oos_experiment,shared_battery_mode_node_level_v1,SI-Drahi_13-d2-HOM-UHI-BHI-63fecfeedf,TK-PB-Drahi_13-d2-HOM-UHI-0300d9cc8f-r1,1,MULTISTAGE_RH,NONE,none,descriptive_only,4,492.7483974119937,0.20709948066355086,479.0073936354798,13.741003776513935,101142.33136371864,0.23131534121146122,88180.56191589919,12961.769447819446,475.87202571484914,16.876371697144577,4,5,492.7483974119937,100714.44059148265,1824.156247494232,336106.36487064615,401.64555080297976,71259.72735946707,74.21116871482695,16190.011887405883
oos_experiment,shared_battery_mode_node_level_v1,SI-Drahi_13-d2-HOM-UHI-BHI-63fecfeedf,TK-PB-Drahi_13-d2-HOM-UHI-0300d9cc8f-r1,1,MULTISTAGE_RH,NONE,none,descriptive_only,5,401.64555080297976,0.16880944802459602,481.3584046508055,-79.71285384782573,71259.72735946707,0.16297298990977882,88446.98033247101,-17187.25297300394,473.65361461734926,-72.0080638143695,1,1,555.1273500948017,101142.33136371864,2379.283597589034,437248.69623436476,401.64555080297976,71259.72735946707,74.21116871482695,16190.011887405883
oos_experiment,shared_battery_mode_node_level_v1,SI-Drahi_13-d2-HOM-UHI-BHI-63fecfeedf,TK-PB-Drahi_13-d2-HOM-UHI-0300d9cc8f-r1,1,MULTISTAGE_RH,PEA,pv,proportional_pv,1,447.08388651503367,0.18790693424191676,472.4649321964121,-25.381045681378453,81413.18401735369,0.18619422932187846,86811.92655107753,-5398.742533723838,470.57924366175905,-23.495357146725382,1,1,447.08388651503367,81413.18401735369,447.08388651503367,81413.18401735369,447.08388651503367,81413.18401735369,28.77283300277304,6036.555229519261
oos_experiment,shared_battery_mode_node_level_v1,SI-Drahi_13-d2-HOM-UHI-BHI-63fecfeedf,TK-PB-Drahi_13-d2-HOM-UHI-0300d9cc8f-r1,1,MULTISTAGE_RH,PEA,pv,proportional_pv,2,463.2743762216327,0.19471170931076737,473.5564585944849,-10.282082372852244,83373.7933294001,0.19067819766513802,86998.88685159618,-3625.0935221960826,473.5670633013758,-10.292687079743132,2,2,463.2743762216327,83373.7933294001,910.3582627366663,164786.9773467538,447.08388651503367,81413.18401735369,28.77283300277304,6036.555229519261
oos_experiment,shared_battery_mode_node_level_v1,SI-Drahi_13-d2-HOM-UHI-BHI-63fecfeedf,TK-PB-Drahi_13-d2-HOM-UHI-0300d9cc8f-r1,1,MULTISTAGE_RH,PEA,pv,proportional_pv,3,488.2044125392576,0.2051896684506055,472.89640851185123,15.308004027406355,99126.5181537479,0.22670512000936008,86810.34058332085,12316.17757042704,485.6116502937004,2.5927622455571964,4,5,484.54037752467536,84365.45149491227,1394.8986402613418,249152.42884166606,447.08388651503367,81413.18401735369,28.77283300277304,6036.555229519261
oos_experiment,shared_battery_mode_node_level_v1,SI-Drahi_13-d2-HOM-UHI-BHI-63fecfeedf,TK-PB-Drahi_13-d2-HOM-UHI-0300d9cc8f-r1,1,MULTISTAGE_RH,PEA,pv,proportional_pv,4,496.18054478843425,0.20854199360312575,479.0073936354798,17.17315115295446,88969.74923895075,0.20347630537304812,88180.56191589919,789.187323051563,475.87202571484914,20.308519073585103,5,4,488.2044125392576,88969.74923895075,1883.1030528005995,338122.1780806168,447.08388651503367,81413.18401735369,28.77283300277304,6036.555229519261
oos_experiment,shared_battery_mode_node_level_v1,SI-Drahi_13-d2-HOM-UHI-BHI-63fecfeedf,TK-PB-Drahi_13-d2-HOM-UHI-0300d9cc8f-r1,1,MULTISTAGE_RH,PEA,pv,proportional_pv,5,484.54037752467536,0.20364969439358468,481.3584046508055,3.1819728738698814,84365.45149491227,0.1929461476305752,88446.98033247101,-4081.5288375587406,473.65361461734926,10.886762907326101,3,3,496.18054478843425,99126.5181537479,2379.2835975890334,437248.6962343647,447.08388651503367,81413.18401735369,28.77283300277304,6036.555229519261
oos_experiment,shared_battery_mode_node_level_v1,SI-Drahi_13-d2-HOM-UHI-BHI-63fecfeedf,TK-PB-Drahi_13-d2-HOM-UHI-0300d9cc8f-r1,1,MULTISTAGE_RH,SA,savings,proportional_savings,1,457.6371199024544,0.1923424010345742,472.46493219641224,-14.827812293957834,77246.8833707739,0.17666578319394155,86811.92655107753,-9565.043180303634,470.57924366175905,-12.94212375930465,1,1,457.6371199024544,77246.8833707739,457.6371199024544,77246.8833707739,457.6371199024544,77246.8833707739,18.219599615352365,10202.855876099056
oos_experiment,shared_battery_mode_node_level_v1,SI-Drahi_13-d2-HOM-UHI-BHI-63fecfeedf,TK-PB-Drahi_13-d2-HOM-UHI-0300d9cc8f-r1,1,MULTISTAGE_RH,SA,savings,proportional_savings,2,488.66141948904146,0.20538174599455478,473.55645859448504,15.104960894556427,91001.50920469759,0.20812299725170796,86998.88685159618,4002.622353101411,473.5670633013758,15.094356187665653,4,4,467.706649668087,87571.59517248208,925.3437695705413,164818.47854325597,457.6371199024544,77246.8833707739,18.219599615352365,10202.855876099056
oos_experiment,shared_battery_mode_node_level_v1,SI-Drahi_13-d2-HOM-UHI-BHI-63fecfeedf,TK-PB-Drahi_13-d2-HOM-UHI-0300d9cc8f-r1,1,MULTISTAGE_RH,SA,savings,proportional_savings,3,467.706649668087,0.1965745698167388,472.8964085118513,-5.189758843764309,89367.55172201502,0.20438609078004918,86810.34058332085,2557.2111386941688,485.6116502937004,-17.90500062561341,2,3,471.69809455212635,89367.55172201502,1397.041864122668,254186.030265271,457.6371199024544,77246.8833707739,18.219599615352365,10202.855876099056
oos_experiment,shared_battery_mode_node_level_v1,SI-Drahi_13-d2-HOM-UHI-BHI-63fecfeedf,TK-PB-Drahi_13-d2-HOM-UHI-0300d9cc8f-r1,1,MULTISTAGE_RH,SA,savings,proportional_savings,4,493.5803139773248,0.20744913068684945,479.00739363547984,14.572920341844963,87571.59517248208,0.20027868791069833,88180.56191589919,-608.9667434171133,475.87202571484914,17.708288262475662,5,2,488.66141948904146,91001.50920469759,1885.7032836117091,345187.5394699685,457.6371199024544,77246.8833707739,18.219599615352365,10202.855876099056
oos_experiment,shared_battery_mode_node_level_v1,SI-Drahi_13-d2-HOM-UHI-BHI-63fecfeedf,TK-PB-Drahi_13-d2-HOM-UHI-0300d9cc8f-r1,1,MULTISTAGE_RH,SA,savings,proportional_savings,5,471.69809455212635,0.19825215246728284,481.35840465080554,-9.66031009867919,92061.15676439618,0.21054644086360297,88446.98033247101,3614.176431925167,473.65361461734926,-1.9555200652229132,3,5,493.5803139773248,92061.15676439618,2379.283597589034,437248.69623436476,457.6371199024544,77246.8833707739,18.219599615352365,10202.855876099056
oos_experiment,shared_battery_mode_node_level_v1,SI-Drahi_13-d2-HOM-UHI-BHI-63fecfeedf,TK-PB-Drahi_13-d2-HOM-UHI-0300d9cc8f-r1,1,MULTISTAGE_RH,STATIC_DEMAND_SHARE,pv,static_share_residual,1,470.57924366175905,0.19778190550239771,472.4649321964121,-1.8856885346530703,75093.19127137217,0.17174022911465087,86811.92655107751,-11718.735279705346,470.57924366175905,0.0,1,1,470.57924366175905,75093.19127137217,470.57924366175905,75093.19127137217,470.57924366175905,75093.19127137217,5.2774758560476585,12356.547975500755
oos_experiment,shared_battery_mode_node_level_v1,SI-Drahi_13-d2-HOM-UHI-BHI-63fecfeedf,TK-PB-Drahi_13-d2-HOM-UHI-0300d9cc8f-r1,1,MULTISTAGE_RH,STATIC_DEMAND_SHARE,pv,static_share_residual,2,473.5670633013758,0.1990376699025072,473.5564585944849,0.010604706890887883,91118.34086499657,0.20839019452709193,86998.88685159617,4119.4540134004055,473.5670633013758,0.0,2,3,473.5670633013758,86149.34571979946,944.1463069631349,161242.53699117163,470.57924366175905,75093.19127137217,5.2774758560476585,12356.547975500755
oos_experiment,shared_battery_mode_node_level_v1,SI-Drahi_13-d2-HOM-UHI-BHI-63fecfeedf,TK-PB-Drahi_13-d2-HOM-UHI-0300d9cc8f-r1,1,MULTISTAGE_RH,STATIC_DEMAND_SHARE,pv,static_share_residual,3,485.6116502937004,0.2040999445319501,472.89640851185123,12.715241781849159,93509.9822590886,0.2138599452997966,86810.34058332084,6699.641675767765,485.6116502937004,0.0,5,5,473.65361461734926,91118.34086499657,1417.7999215804841,252360.8778561682,470.57924366175905,75093.19127137217,5.2774758560476585,12356.547975500755
oos_experiment,shared_battery_mode_node_level_v1,SI-Drahi_13-d2-HOM-UHI-BHI-63fecfeedf,TK-PB-Drahi_13-d2-HOM-UHI-0300d9cc8f-r1,1,MULTISTAGE_RH,STATIC_DEMAND_SHARE,pv,static_share_residual,4,475.87202571484914,0.2000064331116551,479.0073936354798,-3.1353679206306424,86149.34571979946,0.19702596362602653,88180.56191589918,-2031.2161960997182,475.87202571484914,0.0,4,2,475.87202571484914,91377.83611910787,1893.6719472953332,343738.7139752761,470.57924366175905,75093.19127137217,5.2774758560476585,12356.547975500755
oos_experiment,shared_battery_mode_node_level_v1,SI-Drahi_13-d2-HOM-UHI-BHI-63fecfeedf,TK-PB-Drahi_13-d2-HOM-UHI-0300d9cc8f-r1,1,MULTISTAGE_RH,STATIC_DEMAND_SHARE,pv,static_share_residual,5,473.65361461734926,0.19907404695149,481.3584046508055,-7.70479003345622,91377.83611910787,0.20898366743243413,88446.980332471,2930.855786636879,473.65361461734926,0.0,3,4,485.6116502937004,93509.9822590886,2379.283597589034,437248.69623436464,470.57924366175905,75093.19127137217,5.2774758560476585,12356.547975500755
oos_experiment,shared_battery_mode_node_level_v1,SI-Drahi_13-d2-HOM-UHI-BHI-63fecfeedf,TK-PB-Drahi_13-d2-HOM-UHI-0300d9cc8f-r1,1,TWO_STAGE_RH,LEXMMFPEA,pv,lexicographic_pv,1,448.30076115039003,0.18841838005551773,472.4649321964121,-24.16417104602209,82832.63858444651,0.18944056162502157,86811.92655107753,-3979.287966631018,470.57924366175905,-22.27848251136902,1,2,448.30076115039003,81163.04029700329,448.30076115039003,81163.04029700329,448.30076115039003,81163.04029700329,27.55595836741668,6286.698949869664
oos_experiment,shared_battery_mode_node_level_v1,SI-Drahi_13-d2-HOM-UHI-BHI-63fecfeedf,TK-PB-Drahi_13-d2-HOM-UHI-0300d9cc8f-r1,1,TWO_STAGE_RH,LEXMMFPEA,pv,lexicographic_pv,2,478.3321246266757,0.20104039935019827,473.5564585944849,4.77566603219077,88808.20182644716,0.20310684192148185,86998.88685159618,1809.314974850975,473.5670633013758,4.765061325299882,2,3,478.3321246266757,82832.63858444651,926.6328857770657,163995.6788814498,448.30076115039003,81163.04029700329,27.55595836741668,6286.698949869664
oos_experiment,shared_battery_mode_node_level_v1,SI-Drahi_13-d2-HOM-UHI-BHI-63fecfeedf,TK-PB-Drahi_13-d2-HOM-UHI-0300d9cc8f-r1,1,TWO_STAGE_RH,LEXMMFPEA,pv,lexicographic_pv,3,484.4685267269609,0.20361949589274717,472.89640851185123,11.57211821510964,81163.04029700329,0.18562214363584975,86810.34058332085,-5647.300286317564,485.6116502937004,-1.1431235667395185,4,1,482.1651289008962,88808.20182644716,1408.7980146779619,252803.88070789695,448.30076115039003,81163.04029700329,27.55595836741668,6286.698949869664
oos_experiment,shared_battery_mode_node_level_v1,SI-Drahi_13-d2-HOM-UHI-BHI-63fecfeedf,TK-PB-Drahi_13-d2-HOM-UHI-0300d9cc8f-r1,1,TWO_STAGE_RH,LEXMMFPEA,pv,lexicographic_pv,4,486.01705618411074,0.20427033443033007,479.0073936354798,7.009662548630956,93823.63163251834,0.21457727019094183,88180.56191589919,5643.069716619153,475.87202571484914,10.145030469261599,5,5,484.4685267269609,90621.18389394946,1893.266541404923,343425.06460184645,448.30076115039003,81163.04029700329,27.55595836741668,6286.698949869664
oos_experiment,shared_battery_mode_node_level_v1,SI-Drahi_13-d2-HOM-UHI-BHI-63fecfeedf,TK-PB-Drahi_13-d2-HOM-UHI-0300d9cc8f-r1,1,TWO_STAGE_RH,LEXMMFPEA,pv,lexicographic_pv,5,482.1651289008962,0.20265139027120682,481.3584046508055,0.8067242500907241,90621.18389394946,0.207253182626705,88446.98033247101,2174.2035614784545,473.65361461734926,8.511514283546944,3,4,486.01705618411074,93823.63163251834,2379.2835975890334,437248.6962343648,448.30076115039003,81163.04029700329,27.55595836741668,6286.698949869664
oos_experiment,shared_battery_mode_node_level_v1,SI-Drahi_13-d2-HOM-UHI-BHI-63fecfeedf,TK-PB-Drahi_13-d2-HOM-UHI-0300d9cc8f-r1,1,TWO_STAGE_RH,LEXMMFSA,savings,lexicographic_savings,1,502.9080856439209,0.2113695425604269,472.46493219641224,30.443153447508678,88854.18285263565,0.20321200181466048,86811.92655107753,2042.2563015581254,470.57924366175905,32.32884198216186,4,4,433.1068644727014,85373.4154141898,433.1068644727014,85373.4154141898,433.1068644727014,85373.4154141898,42.74985504510539,2076.3238326831342
oos_experiment,shared_battery_mode_node_level_v1,SI-Drahi_13-d2-HOM-UHI-BHI-63fecfeedf,TK-PB-Drahi_13-d2-HOM-UHI-0300d9cc8f-r1,1,TWO_STAGE_RH,LEXMMFSA,savings,lexicographic_savings,2,520.8233678276791,0.21889923855879886,473.55645859448504,47.2669092331941,89569.02545091396,0.20484686683412107,86998.88685159618,2570.138599317783,473.5670633013758,47.256304526303325,5,5,454.41068077989314,86307.49107104307,887.5175452525946,171680.90648523287,433.1068644727014,85373.4154141898,42.74985504510539,2076.3238326831342
oos_experiment,shared_battery_mode_node_level_v1,SI-Drahi_13-d2-HOM-UHI-BHI-63fecfeedf,TK-PB-Drahi_13-d2-HOM-UHI-0300d9cc8f-r1,1,TWO_STAGE_RH,LEXMMFSA,savings,lexicographic_savings,3,433.1068644727014,0.1820324676350375,472.8964085118513,-39.789544039149916,85373.4154141898,0.19525138931101527,86810.34058332085,-1436.9251691310492,485.6116502937004,-52.50478582099902,1,1,468.0345988648389,87144.58144558221,1355.5521441174335,258825.48793081508,433.1068644727014,85373.4154141898,42.74985504510539,2076.3238326831342
oos_experiment,shared_battery_mode_node_level_v1,SI-Drahi_13-d2-HOM-UHI-BHI-63fecfeedf,TK-PB-Drahi_13-d2-HOM-UHI-0300d9cc8f-r1,1,TWO_STAGE_RH,LEXMMFSA,savings,lexicographic_savings,4,454.41068077989314,0.1909863461591358,479.00739363547984,-24.596712855586702,87144.58144558221,0.19930209557188214,88180.56191589919,-1035.9804703169793,475.87202571484914,-21.461344934956003,2,3,502.9080856439209,88854.18285263565,1858.4602297613544,347679.6707834507,433.1068644727014,85373.4154141898,42.74985504510539,2076.3238326831342
oos_experiment,shared_battery_mode_node_level_v1,SI-Drahi_13-d2-HOM-UHI-BHI-63fecfeedf,TK-PB-Drahi_13-d2-HOM-UHI-0300d9cc8f-r1,1,TWO_STAGE_RH,LEXMMFSA,savings,lexicographic_savings,5,468.0345988648389,0.1967124050866008,481.35840465080554,-13.323805785966613,86307.49107104307,0.19738764646832102,88446.98033247101,-2139.489261427938,473.65361461734926,-5.619015752510336,3,2,520.8233678276791,89569.02545091396,2379.283597589034,437248.69623436464,433.1068644727014,85373.4154141898,42.74985504510539,2076.3238326831342
oos_experiment,shared_battery_mode_node_level_v1,SI-Drahi_13-d2-HOM-UHI-BHI-63fecfeedf,TK-PB-Drahi_13-d2-HOM-UHI-0300d9cc8f-r1,1,TWO_STAGE_RH,NONE,none,descriptive_only,1,519.2757047043739,0.2182487641366352,472.46493219641224,46.810772507961644,82124.28305732139,0.18782053271875937,86811.92655107753,-4687.643493756143,470.57924366175905,48.69646104261483,4,2,401.64555080297976,71842.04815946709,401.64555080297976,71842.04815946709,401.64555080297976,71842.04815946709,74.21116871482701,15607.691087405867
oos_experiment,shared_battery_mode_node_level_v1,SI-Drahi_13-d2-HOM-UHI-BHI-63fecfeedf,TK-PB-Drahi_13-d2-HOM-UHI-0300d9cc8f-r1,1,TWO_STAGE_RH,NONE,none,descriptive_only,2,460.941960111393,0.19373140746167158,473.55645859448504,-12.614498483092063,90349.63402677243,0.2066321404840625,86998.88685159618,3350.7471751762496,473.5670633013758,-12.625103189982838,3,4,442.87866058002277,82124.28305732139,844.5242113830025,153966.33121678847,401.64555080297976,71842.04815946709,74.21116871482701,15607.691087405867
oos_experiment,shared_battery_mode_node_level_v1,SI-Drahi_13-d2-HOM-UHI-BHI-63fecfeedf,TK-PB-Drahi_13-d2-HOM-UHI-0300d9cc8f-r1,1,TWO_STAGE_RH,NONE,none,descriptive_only,3,401.64555080297976,0.168809448024596,472.8964085118513,-71.25085770887154,71842.04815946709,0.1643047738693767,86810.34058332085,-14968.292423853767,485.6116502937004,-83.96609949072064,1,1,460.941960111393,85180.25157890652,1305.4661714943954,239146.582795695,401.64555080297976,71842.04815946709,74.21116871482701,15607.691087405867
oos_experiment,shared_battery_mode_node_level_v1,SI-Drahi_13-d2-HOM-UHI-BHI-63fecfeedf,TK-PB-Drahi_13-d2-HOM-UHI-0300d9cc8f-r1,1,TWO_STAGE_RH,NONE,none,descriptive_only,4,442.87866058002277,0.18613950057437406,479.00739363547984,-36.128733055457076,85180.25157890652,0.1948096182161056,88180.56191589919,-3000.3103369926685,475.87202571484914,-32.99336513482638,2,3,519.2757047043739,90349.63402677243,1824.7418761987697,329496.2168224674,401.64555080297976,71842.04815946709,74.21116871482701,15607.691087405867
oos_experiment,shared_battery_mode_node_level_v1,SI-Drahi_13-d2-HOM-UHI-BHI-63fecfeedf,TK-PB-Drahi_13-d2-HOM-UHI-0300d9cc8f-r1,1,TWO_STAGE_RH,NONE,none,descriptive_only,5,554.5417213902642,0.23307087980272306,481.35840465080554,73.18331673945869,107752.47941189737,0.24643293471169592,88446.98033247101,19305.499079426358,473.65361461734926,80.88810677291497,5,5,554.5417213902642,107752.47941189737,2379.283597589034,437248.69623436476,401.64555080297976,71842.04815946709,74.21116871482701,15607.691087405867
oos_experiment,shared_battery_mode_node_level_v1,SI-Drahi_13-d2-HOM-UHI-BHI-63fecfeedf,TK-PB-Drahi_13-d2-HOM-UHI-0300d9cc8f-r1,1,TWO_STAGE_RH,PEA,pv,proportional_pv,1,459.4649679965586,0.193110635681321,472.4649321964121,-12.999964199853537,88211.56309655213,0.20174231245568047,86811.92655107753,1399.6365454745974,470.57924366175905,-11.114275665200466,1,3,459.4649679965586,85289.65792442745,459.4649679965586,85289.65792442745,459.4649679965586,85289.65792442745,16.391751521248125,2160.0813224454905
oos_experiment,shared_battery_mode_node_level_v1,SI-Drahi_13-d2-HOM-UHI-BHI-63fecfeedf,TK-PB-Drahi_13-d2-HOM-UHI-0300d9cc8f-r1,1,TWO_STAGE_RH,PEA,pv,proportional_pv,2,469.56775746858665,0.19735678333781112,473.5564585944849,-3.988701125898274,88228.0078874504,0.2017799221524958,86998.88685159618,1229.1210358542157,473.5670633013758,-3.9993058327891617,2,4,469.56775746858665,86691.66557108477,929.0327254651452,171981.32349551222,459.4649679965586,85289.65792442745,16.391751521248125,2160.0813224454905
oos_experiment,shared_battery_mode_node_level_v1,SI-Drahi_13-d2-HOM-UHI-BHI-63fecfeedf,TK-PB-Drahi_13-d2-HOM-UHI-0300d9cc8f-r1,1,TWO_STAGE_RH,PEA,pv,proportional_pv,3,487.08803817651227,0.20472046235685668,472.89640851185123,14.191629664661036,88827.80175484996,0.20315166750603272,86810.34058332085,2017.4611715291103,485.6116502937004,1.4763878828118777,5,5,476.7646300326502,88211.56309655213,1405.7973554977953,260192.88659206434,459.4649679965586,85289.65792442745,16.391751521248125,2160.0813224454905
oos_experiment,shared_battery_mode_node_level_v1,SI-Drahi_13-d2-HOM-UHI-BHI-63fecfeedf,TK-PB-Drahi_13-d2-HOM-UHI-0300d9cc8f-r1,1,TWO_STAGE_RH,PEA,pv,proportional_pv,4,486.39820391472585,0.20443052875563092,479.0073936354798,7.390810279246068,85289.65792442745,0.19505983358887435,88180.56191589919,-2890.903991471743,475.87202571484914,10.52617819987671,4,1,486.39820391472585,88228.0078874504,1892.195559412521,348420.8944795147,459.4649679965586,85289.65792442745,16.391751521248125,2160.0813224454905
oos_experiment,shared_battery_mode_node_level_v1,SI-Drahi_13-d2-HOM-UHI-BHI-63fecfeedf,TK-PB-Drahi_13-d2-HOM-UHI-0300d9cc8f-r1,1,TWO_STAGE_RH,PEA,pv,proportional_pv,5,476.7646300326502,0.20038158986838034,481.3584046508055,-4.593774618155294,86691.66557108477,0.19826626429691663,88446.98033247101,-1755.3147613862384,473.65361461734926,3.111015415300926,3,2,487.08803817651227,88827.80175484996,2379.2835975890334,437248.69623436464,459.4649679965586,85289.65792442745,16.391751521248125,2160.0813224454905
oos_experiment,shared_battery_mode_node_level_v1,SI-Drahi_13-d2-HOM-UHI-BHI-63fecfeedf,TK-PB-Drahi_13-d2-HOM-UHI-0300d9cc8f-r1,1,TWO_STAGE_RH,SA,savings,proportional_savings,1,441.8922527060499,0.18572491869141886,472.46493219641224,-30.57267949036236,77553.57878238405,0.17736720417987345,86811.92655107754,-9258.347768693493,470.57924366175905,-28.686990955709177,1,1,441.8922527060499,77553.57878238405,441.8922527060499,77553.57878238405,441.8922527060499,77553.57878238405,33.96446681175689,9896.160464488916
oos_experiment,shared_battery_mode_node_level_v1,SI-Drahi_13-d2-HOM-UHI-BHI-63fecfeedf,TK-PB-Drahi_13-d2-HOM-UHI-0300d9cc8f-r1,1,TWO_STAGE_RH,SA,savings,proportional_savings,2,491.7788213636785,0.20669197310568854,473.55645859448504,18.222362769193467,88067.93769967661,0.20141383715521083,86998.8868515962,1069.0508480804128,473.5670633013758,18.211758062302692,4,2,467.20327304085504,88067.93769967661,909.095525746905,165621.51648206066,441.8922527060499,77553.57878238405,33.96446681175689,9896.160464488916
oos_experiment,shared_battery_mode_node_level_v1,SI-Drahi_13-d2-HOM-UHI-BHI-63fecfeedf,TK-PB-Drahi_13-d2-HOM-UHI-0300d9cc8f-r1,1,TWO_STAGE_RH,SA,savings,proportional_savings,3,467.20327304085504,0.19636300334868848,472.8964085118513,-5.693135470996253,90014.87204865235,0.20586653047538073,86810.34058332087,3204.5314653314854,485.6116502937004,-18.408377252845355,2,4,485.87243885450056,89375.46581932442,1394.9679646014056,254996.98230138508,441.8922527060499,77553.57878238405,33.96446681175689,9896.160464488916
oos_experiment,shared_battery_mode_node_level_v1,SI-Drahi_13-d2-HOM-UHI-BHI-63fecfeedf,TK-PB-Drahi_13-d2-HOM-UHI-0300d9cc8f-r1,1,TWO_STAGE_RH,SA,savings,proportional_savings,4,485.87243885450056,0.20420955255054205,479.00739363547984,6.865045219020715,92236.84188432738,0.21094823764754816,88180.5619158992,4056.279968428178,475.87202571484914,10.000413139651414,3,5,491.7788213636785,90014.87204865235,1886.7467859650842,345011.8543500374,441.8922527060499,77553.57878238405,33.96446681175689,9896.160464488916
oos_experiment,shared_battery_mode_node_level_v1,SI-Drahi_13-d2-HOM-UHI-BHI-63fecfeedf,TK-PB-Drahi_13-d2-HOM-UHI-0300d9cc8f-r1,1,TWO_STAGE_RH,SA,savings,proportional_savings,5,492.53681162394975,0.20701055230366197,481.35840465080554,11.178406973144206,89375.46581932442,0.20440419054198683,88446.98033247101,928.4854868534167,473.65361461734926,18.883197006600483,5,3,492.53681162394975,92236.84188432738,2379.283597589034,437248.69623436476,441.8922527060499,77553.57878238405,33.96446681175689,9896.160464488916
oos_experiment,shared_battery_mode_node_level_v1,SI-Drahi_13-d2-HOM-UHI-BHI-63fecfeedf,TK-PB-Drahi_13-d2-HOM-UHI-0300d9cc8f-r1,1,TWO_STAGE_RH,STATIC_DEMAND_SHARE,pv,static_share_residual,1,470.57924366175905,0.19778190550239771,472.4649321964121,-1.8856885346530703,63473.43047137218,0.14516551111075354,86811.92655107753,-23338.49607970535,470.57924366175905,0.0,1,1,470.57924366175905,63473.43047137218,470.57924366175905,63473.43047137218,470.57924366175905,63473.43047137218,5.2774758560476585,23976.308775500773
oos_experiment,shared_battery_mode_node_level_v1,SI-Drahi_13-d2-HOM-UHI-BHI-63fecfeedf,TK-PB-Drahi_13-d2-HOM-UHI-0300d9cc8f-r1,1,TWO_STAGE_RH,STATIC_DEMAND_SHARE,pv,static_share_residual,2,473.5670633013758,0.1990376699025072,473.5564585944849,0.010604706890887883,85457.22086499658,0.19544305472140644,86998.88685159618,-1541.6659865996044,473.5670633013758,0.0,2,2,473.5670633013758,85457.22086499658,944.1463069631349,148930.65133636876,470.57924366175905,63473.43047137218,5.2774758560476585,23976.308775500773
oos_experiment,shared_battery_mode_node_level_v1,SI-Drahi_13-d2-HOM-UHI-BHI-63fecfeedf,TK-PB-Drahi_13-d2-HOM-UHI-0300d9cc8f-r1,1,TWO_STAGE_RH,STATIC_DEMAND_SHARE,pv,static_share_residual,3,485.6116502937004,0.2040999445319501,472.89640851185123,12.715241781849159,99482.6550590886,0.22751961507454335,86810.34058332085,12672.314475767751,485.6116502937004,0.0,5,5,473.65361461734926,91548.06571979946,1417.7999215804841,240478.7170561682,470.57924366175905,63473.43047137218,5.2774758560476585,23976.308775500773
oos_experiment,shared_battery_mode_node_level_v1,SI-Drahi_13-d2-HOM-UHI-BHI-63fecfeedf,TK-PB-Drahi_13-d2-HOM-UHI-0300d9cc8f-r1,1,TWO_STAGE_RH,STATIC_DEMAND_SHARE,pv,static_share_residual,4,475.87202571484914,0.2000064331116551,479.0073936354798,-3.1353679206306424,91548.06571979946,0.2093729872912641,88180.56191589919,3367.5038039002684,475.87202571484914,0.0,4,3,475.87202571484914,97287.32411910789,1893.6719472953332,337766.04117527616,470.57924366175905,63473.43047137218,5.2774758560476585,23976.308775500773
oos_experiment,shared_battery_mode_node_level_v1,SI-Drahi_13-d2-HOM-UHI-BHI-63fecfeedf,TK-PB-Drahi_13-d2-HOM-UHI-0300d9cc8f-r1,1,TWO_STAGE_RH,STATIC_DEMAND_SHARE,pv,static_share_residual,5,473.65361461734926,0.19907404695149,481.3584046508055,-7.70479003345622,97287.32411910789,0.2224988318020324,88446.98033247101,8840.343786636877,473.65361461734926,0.0,3,4,485.6116502937004,99482.6550590886,2379.283597589034,437248.69623436476,470.57924366175905,63473.43047137218,5.2774758560476585,23976.308775500773
oos_experiment,shared_battery_mode_node_level_v1,SI-Drahi_13-d2-HOM-UHI-BLO-34797638a1,TK-PB-Drahi_13-d2-HOM-UHI-0300d9cc8f-r1,1,DETERMINISTIC_RH,LEXMMFPEA,pv,lexicographic_pv,1,484.10671951780466,0.20346743028378683,472.46493219641263,11.64178732139203,91330.64979072992,0.2017753800262366,89866.79321317447,1463.8565775554453,470.57924366175905,13.527475856045612,4,3,468.10671951780716,87591.92406473367,468.10671951780716,87591.92406473367,468.10671951780716,87591.92406473367,7.75,2935.126142139241
oos_experiment,shared_battery_mode_node_level_v1,SI-Drahi_13-d2-HOM-UHI-BLO-34797638a1,TK-PB-Drahi_13-d2-HOM-UHI-0300d9cc8f-r1,1,DETERMINISTIC_RH,LEXMMFPEA,pv,lexicographic_pv,2,468.10671951780716,0.19674271700613866,473.55645859448543,-5.44973907667827,87591.92406473367,0.19351547159565705,90060.33254968369,-2468.4084849500214,473.5670633013758,-5.460343783568646,1,1,468.1067195178072,89774.48064943243,936.2134390356143,177366.4047141661,468.10671951780716,87591.92406473367,7.75,2935.126142139241
oos_experiment,shared_battery_mode_node_level_v1,SI-Drahi_13-d2-HOM-UHI-BLO-34797638a1,TK-PB-Drahi_13-d2-HOM-UHI-0300d9cc8f-r1,1,DETERMINISTIC_RH,LEXMMFPEA,pv,lexicographic_pv,3,468.1067195178072,0.19674271700613868,472.8964085118517,-4.789688994044468,91909.232464734,0.20305363370330198,89865.15143603516,2044.0810286988417,485.6116502937004,-17.504930775893172,2,4,474.85671951780944,91330.64979072992,1411.0701585534239,268697.05450489605,468.10671951780716,87591.92406473367,7.75,2935.126142139241
oos_experiment,shared_battery_mode_node_level_v1,SI-Drahi_13-d2-HOM-UHI-BLO-34797638a1,TK-PB-Drahi_13-d2-HOM-UHI-0300d9cc8f-r1,1,DETERMINISTIC_RH,LEXMMFPEA,pv,lexicographic_pv,4,474.85671951780944,0.19957970542014788,479.0073936354803,-4.15067411767086,89774.48064943243,0.1983373598151697,91283.59014651173,-1509.1094970793056,475.87202571484914,-1.0153061970397061,3,2,484.10671951780466,91909.232464734,1895.1768780712282,360606.28696963005,468.10671951780716,87591.92406473367,7.75,2935.126142139241
oos_experiment,shared_battery_mode_node_level_v1,SI-Drahi_13-d2-HOM-UHI-BLO-34797638a1,TK-PB-Drahi_13-d2-HOM-UHI-0300d9cc8f-r1,1,DETERMINISTIC_RH,LEXMMFPEA,pv,lexicographic_pv,5,484.1067195178072,0.20346743028378791,481.35840465080594,2.748314867001284,92028.96406473452,0.20331815485963461,91559.38368895954,469.5803757749818,473.65361461734926,10.453104900457959,5,5,484.1067195178072,92028.96406473452,2379.2835975890357,452635.25103436457,468.10671951780716,87591.92406473367,7.75,2935.126142139241
oos_experiment,shared_battery_mode_node_level_v1,SI-Drahi_13-d2-HOM-UHI-BLO-34797638a1,TK-PB-Drahi_13-d2-HOM-UHI-0300d9cc8f-r1,1,DETERMINISTIC_RH,LEXMMFSA,savings,lexicographic_savings,1,496.7308424379794,0.20877328072253526,472.46493219641263,24.265910241566758,90310.55032687302,0.19952169019203608,89866.79321317453,443.7571136984916,470.57924366175905,26.15159877622034,5,2,448.5178279309587,85934.32972687314,448.5178279309587,85934.32972687314,448.5178279309587,85934.32972687314,27.33889158684849,4592.720479999829
oos_experiment,shared_battery_mode_node_level_v1,SI-Drahi_13-d2-HOM-UHI-BLO-34797638a1,TK-PB-Drahi_13-d2-HOM-UHI-0300d9cc8f-r1,1,DETERMINISTIC_RH,LEXMMFSA,savings,lexicographic_savings,2,475.4041398270212,0.19980978320901108,473.55645859448543,1.8476812325357628,91695.43032687303,0.20258128397496675,90060.33254968375,1635.0977771892794,473.5670633013758,1.8370765256453865,2,4,475.4041398270212,90310.55032687302,923.9219677579799,176244.88005374616,448.5178279309587,85934.32972687314,27.33889158684849,4592.720479999829
oos_experiment,shared_battery_mode_node_level_v1,SI-Drahi_13-d2-HOM-UHI-BLO-34797638a1,TK-PB-Drahi_13-d2-HOM-UHI-0300d9cc8f-r1,1,DETERMINISTIC_RH,LEXMMFSA,savings,lexicographic_savings,3,477.28610153718927,0.20060076151528575,472.8964085118517,4.3896930253375785,90357.75032687292,0.1996259684158201,89865.1514360352,492.5988908377185,485.6116502937004,-8.325548756511125,3,3,477.28610153718927,90357.75032687292,1401.208069295169,266602.6303806191,448.5178279309587,85934.32972687314,27.33889158684849,4592.720479999829
oos_experiment,shared_battery_mode_node_level_v1,SI-Drahi_13-d2-HOM-UHI-BLO-34797638a1,TK-PB-Drahi_13-d2-HOM-UHI-0300d9cc8f-r1,1,DETERMINISTIC_RH,LEXMMFSA,savings,lexicographic_savings,4,481.34468585588735,0.20230656250631124,479.0073936354803,2.3372922204070505,94337.19032687272,0.20841768313734468,91283.59014651178,3053.6001803609397,475.87202571484914,5.4726601410382045,4,5,481.34468585588735,91695.43032687303,1882.5527551510565,358298.0607074921,448.5178279309587,85934.32972687314,27.33889158684849,4592.720479999829
oos_experiment,shared_battery_mode_node_level_v1,SI-Drahi_13-d2-HOM-UHI-BLO-34797638a1,TK-PB-Drahi_13-d2-HOM-UHI-0300d9cc8f-r1,1,DETERMINISTIC_RH,LEXMMFSA,savings,lexicographic_savings,5,448.5178279309587,0.1885096120468567,481.35840465080594,-32.84057671984726,85934.32972687314,0.18985337427983234,91559.38368895958,-5625.053962086444,473.65361461734926,-25.13578668639059,1,1,496.7308424379794,94337.19032687272,2379.2835975890357,452635.25103436486,448.5178279309587,85934.32972687314,27.33889158684849,4592.720479999829
oos_experiment,shared_battery_mode_node_level_v1,SI-Drahi_13-d2-HOM-UHI-BLO-34797638a1,TK-PB-Drahi_13-d2-HOM-UHI-0300d9cc8f-r1,1,DETERMINISTIC_RH,NONE,none,descriptive_only,1,474.1972713644586,0.1993025429356004,472.46493219641263,1.7323391680459395,85532.03090513678,0.18896458176794317,89866.79321317459,-4334.762308037811,470.57924366175905,3.6180277026995213,3,3,401.6455508029808,76920.84735946744,401.6455508029808,76920.84735946744,401.6455508029808,76920.84735946744,74.21116871482639,13606.202847405584
oos_experiment,shared_battery_mode_node_level_v1,SI-Drahi_13-d2-HOM-UHI-BLO-34797638a1,TK-PB-Drahi_13-d2-HOM-UHI-0300d9cc8f-r1,1,DETERMINISTIC_RH,NONE,none,descriptive_only,2,478.06561273547203,0.20092838584685876,473.55645859448543,4.509154140986595,93021.34996516455,0.20551061755042616,90060.33254968381,2961.0174154807464,473.5670633013758,4.498549434096219,4,4,410.40690398376574,78566.31710035037,812.0524547867465,155487.1644598178,401.6455508029808,76920.84735946744,74.21116871482639,13606.202847405584
oos_experiment,shared_battery_mode_node_level_v1,SI-Drahi_13-d2-HOM-UHI-BLO-34797638a1,TK-PB-Drahi_13-d2-HOM-UHI-0300d9cc8f-r1,1,DETERMINISTIC_RH,NONE,none,descriptive_only,3,410.40690398376574,0.1724917972786587,472.8964085118517,-62.489504528085945,78566.31710035037,0.17357533890877938,89865.15143603527,-11298.834335684907,485.6116502937004,-75.20474630993465,2,2,474.1972713644586,85532.03090513678,1286.249726151205,241019.1953649546,401.6455508029808,76920.84735946744,74.21116871482639,13606.202847405584
oos_experiment,shared_battery_mode_node_level_v1,SI-Drahi_13-d2-HOM-UHI-BLO-34797638a1,TK-PB-Drahi_13-d2-HOM-UHI-0300d9cc8f-r1,1,DETERMINISTIC_RH,NONE,none,descriptive_only,4,614.9682587023588,0.2584678259142859,479.0073936354803,135.96086506687845,118594.70570424596,0.2620094334969107,91283.59014651185,27311.115557734112,475.87202571484914,139.0962329875096,5,5,478.06561273547203,93021.34996516455,1764.3153388866772,334040.54533011914,401.6455508029808,76920.84735946744,74.21116871482639,13606.202847405584
oos_experiment,shared_battery_mode_node_level_v1,SI-Drahi_13-d2-HOM-UHI-BLO-34797638a1,TK-PB-Drahi_13-d2-HOM-UHI-0300d9cc8f-r1,1,DETERMINISTIC_RH,NONE,none,descriptive_only,5,401.6455508029808,0.16880944802459627,481.35840465080594,-79.71285384782516,76920.84735946744,0.1699400282759405,91559.38368895966,-14638.536329492214,473.65361461734926,-72.00806381436848,1,1,614.9682587023588,118594.70570424596,2379.2835975890357,452635.25103436515,401.6455508029808,76920.84735946744,74.21116871482639,13606.202847405584
oos_experiment,shared_battery_mode_node_level_v1,SI-Drahi_13-d2-HOM-UHI-BLO-34797638a1,TK-PB-Drahi_13-d2-HOM-UHI-0300d9cc8f-r1,1,DETERMINISTIC_RH,PEA,pv,proportional_pv,1,467.0103483852912,0.19628191816163482,472.46493219641263,-5.454583811121438,88699.93802331519,0.19596338955178041,89866.79321317458,-1166.8551898593869,470.57924366175905,-3.568895276467856,2,2,465.3247492132852,88613.9475930352,465.3247492132852,88613.9475930352,465.3247492132852,88613.9475930352,10.531970304521963,1913.1026138378074
oos_experiment,shared_battery_mode_node_level_v1,SI-Drahi_13-d2-HOM-UHI-BLO-34797638a1,TK-PB-Drahi_13-d2-HOM-UHI-0300d9cc8f-r1,1,DETERMINISTIC_RH,PEA,pv,proportional_pv,2,474.9574603466408,0.1996220462444756,473.55645859448543,1.4010017521553664,91751.25175498152,0.20270460938539578,90060.33254968378,1690.919205297745,473.5670633013758,1.39039704526499,3,4,467.0103483852912,88699.93802331519,932.3350975985763,177313.8856163504,465.3247492132852,88613.9475930352,10.531970304521963,1913.1026138378074
oos_experiment,shared_battery_mode_node_level_v1,SI-Drahi_13-d2-HOM-UHI-BLO-34797638a1,TK-PB-Drahi_13-d2-HOM-UHI-0300d9cc8f-r1,1,DETERMINISTIC_RH,PEA,pv,proportional_pv,3,465.3247492132852,0.19557346996583588,472.8964085118517,-7.5716592985664875,88613.9475930352,0.19577341223542363,89865.15143603524,-1251.2038430000393,485.6116502937004,-20.28690108041519,1,1,474.9574603466408,90783.67904423739,1407.2925579452171,268097.5646605878,465.3247492132852,88613.9475930352,10.531970304521963,1913.1026138378074
oos_experiment,shared_battery_mode_node_level_v1,SI-Drahi_13-d2-HOM-UHI-BLO-34797638a1,TK-PB-Drahi_13-d2-HOM-UHI-0300d9cc8f-r1,1,DETERMINISTIC_RH,PEA,pv,proportional_pv,4,491.1403205550403,0.20642361467658596,479.0073936354803,12.13292691956002,90783.67904423739,0.20056696608754607,91283.59014651182,-499.9111022744328,475.87202571484914,15.268294840191174,5,3,480.8507190887783,91751.25175498152,1888.1432770339954,359848.8164155693,465.3247492132852,88613.9475930352,10.531970304521963,1913.1026138378074
oos_experiment,shared_battery_mode_node_level_v1,SI-Drahi_13-d2-HOM-UHI-BLO-34797638a1,TK-PB-Drahi_13-d2-HOM-UHI-0300d9cc8f-r1,1,DETERMINISTIC_RH,PEA,pv,proportional_pv,5,480.8507190887783,0.20209895095146777,481.35840465080594,-0.5076855620276319,92786.43461879573,0.20499162273985413,91559.38368895963,1227.0509298360994,473.65361461734926,7.197104471429043,4,5,491.1403205550403,92786.43461879573,2379.2835975890357,452635.25103436504,465.3247492132852,88613.9475930352,10.531970304521963,1913.1026138378074
oos_experiment,shared_battery_mode_node_level_v1,SI-Drahi_13-d2-HOM-UHI-BLO-34797638a1,TK-PB-Drahi_13-d2-HOM-UHI-0300d9cc8f-r1,1,DETERMINISTIC_RH,SA,savings,proportional_savings,1,437.87483827236514,0.1840364211799175,472.46493219641263,-34.590093924047494,85079.0043324595,0.18796371722714128,89866.79321317458,-4787.788880715074,470.57924366175905,-32.70440538939391,1,1,437.87483827236514,85079.0043324595,437.87483827236514,85079.0043324595,437.87483827236514,85079.0043324595,37.981881245442025,5448.04587441351
oos_experiment,shared_battery_mode_node_level_v1,SI-Drahi_13-d2-HOM-UHI-BLO-34797638a1,TK-PB-Drahi_13-d2-HOM-UHI-0300d9cc8f-r1,1,DETERMINISTIC_RH,SA,savings,proportional_savings,2,490.5396721328373,0.20617116540033675,473.55645859448543,16.98321353835189,91493.81343065371,0.20213585491092761,90060.33254968378,1433.4808809699316,473.5670633013758,16.972608831461514,5,3,477.2515361556574,91120.4074685536,915.1263744280225,176199.4118010131,437.87483827236514,85079.0043324595,37.981881245442025,5448.04587441351
oos_experiment,shared_battery_mode_node_level_v1,SI-Drahi_13-d2-HOM-UHI-BLO-34797638a1,TK-PB-Drahi_13-d2-HOM-UHI-0300d9cc8f-r1,1,DETERMINISTIC_RH,SA,savings,proportional_savings,3,477.2515361556574,0.20058623387277735,472.8964085118517,4.355127643805702,91120.4074685536,0.20131089494316814,89865.15143603524,1255.2560325183586,485.6116502937004,-8.360114138043002,2,2,486.43134197512313,91493.81343065371,1401.5577164031456,267693.2252316668,437.87483827236514,85079.0043324595,37.981881245442025,5448.04587441351
oos_experiment,shared_battery_mode_node_level_v1,SI-Drahi_13-d2-HOM-UHI-BLO-34797638a1,TK-PB-Drahi_13-d2-HOM-UHI-0300d9cc8f-r1,1,DETERMINISTIC_RH,SA,savings,proportional_savings,4,486.43134197512313,0.20444445650280252,479.0073936354803,7.423948339642834,92301.80918915887,0.20392094733724378,91283.59014651182,1018.2190426470479,475.87202571484914,10.559316260273988,3,4,487.1862090530528,92301.80918915887,1888.7439254561984,359995.03442082566,437.87483827236514,85079.0043324595,37.981881245442025,5448.04587441351
oos_experiment,shared_battery_mode_node_level_v1,SI-Drahi_13-d2-HOM-UHI-BLO-34797638a1,TK-PB-Drahi_13-d2-HOM-UHI-0300d9cc8f-r1,1,DETERMINISTIC_RH,SA,savings,proportional_savings,5,487.1862090530528,0.2047617230441659,481.35840465080594,5.827804402246841,92640.21661353935,0.20466858558151915,91559.38368895963,1080.8329245797213,473.65361461734926,13.532594435703516,4,5,490.5396721328373,92640.21661353935,2379.2835975890357,452635.25103436504,437.87483827236514,85079.0043324595,37.981881245442025,5448.04587441351
oos_experiment,shared_battery_mode_node_level_v1,SI-Drahi_13-d2-HOM-UHI-BLO-34797638a1,TK-PB-Drahi_13-d2-HOM-UHI-0300d9cc8f-r1,1,DETERMINISTIC_RH,STATIC_DEMAND_SHARE,pv,static_share_residual,1,470.5792436617595,0.19778190550239766,472.4649321964127,-1.885688534653184,85392.5788713721,0.18865649256489062,89866.79321317458,-4474.214341802479,470.57924366175905,4.547473508864641e-13,1,1,470.5792436617595,85392.5788713721,470.5792436617595,85392.5788713721,470.5792436617595,85392.5788713721,5.277475856047715,5134.471335500915
oos_experiment,shared_battery_mode_node_level_v1,SI-Drahi_13-d2-HOM-UHI-BLO-34797638a1,TK-PB-Drahi_13-d2-HOM-UHI-0300d9cc8f-r1,1,DETERMINISTIC_RH,STATIC_DEMAND_SHARE,pv,static_share_residual,2,473.5670633013763,0.19903766990250718,473.5564585944855,0.01060470689083104,91118.34086499657,0.20130632922816402,90060.3325496838,1058.008315312778,473.5670633013758,5.115907697472721e-13,2,3,473.5670633013763,91066.2833191083,944.1463069631359,176458.8621904804,470.5792436617595,85392.5788713721,5.277475856047715,5134.471335500915
oos_experiment,shared_battery_mode_node_level_v1,SI-Drahi_13-d2-HOM-UHI-BLO-34797638a1,TK-PB-Drahi_13-d2-HOM-UHI-0300d9cc8f-r1,1,DETERMINISTIC_RH,STATIC_DEMAND_SHARE,pv,static_share_residual,3,485.6116502937009,0.20409994453195007,472.8964085118518,12.715241781849102,93509.98225908855,0.20659014525580788,89865.15143603526,3644.8308230532857,485.6116502937004,5.115907697472721e-13,5,5,473.65361461734966,91118.34086499657,1417.7999215804855,267577.203055477,470.5792436617595,85392.5788713721,5.277475856047715,5134.471335500915
oos_experiment,shared_battery_mode_node_level_v1,SI-Drahi_13-d2-HOM-UHI-BLO-34797638a1,TK-PB-Drahi_13-d2-HOM-UHI-0300d9cc8f-r1,1,DETERMINISTIC_RH,STATIC_DEMAND_SHARE,pv,static_share_residual,4,475.8720257148496,0.20000643311165506,479.00739363548035,-3.135367920630756,91548.06571979955,0.2022557136471216,91283.59014651184,264.47557328770927,475.87202571484914,4.547473508864641e-13,4,4,475.8720257148496,91548.06571979955,1893.671947295335,359125.26877527655,470.5792436617595,85392.5788713721,5.277475856047715,5134.471335500915
oos_experiment,shared_battery_mode_node_level_v1,SI-Drahi_13-d2-HOM-UHI-BLO-34797638a1,TK-PB-Drahi_13-d2-HOM-UHI-0300d9cc8f-r1,1,DETERMINISTIC_RH,STATIC_DEMAND_SHARE,pv,static_share_residual,5,473.65361461734966,0.19907404695148992,481.358404650806,-7.704790033456334,91066.2833191083,0.20119131930401582,91559.38368895964,-493.10036985133775,473.65361461734926,3.979039320256561e-13,3,2,485.6116502937009,93509.98225908855,2379.283597589036,452635.2510343651,470.5792436617595,85392.5788713721,5.277475856047715,5134.471335500915
oos_experiment,shared_battery_mode_node_level_v1,SI-Drahi_13-d2-HOM-UHI-BLO-34797638a1,TK-PB-Drahi_13-d2-HOM-UHI-0300d9cc8f-r1,1,MULTISTAGE_RH,LEXMMFPEA,pv,lexicographic_pv,1,448.35671951780654,0.1884418990540403,472.46493219641224,-24.108212678605696,86331.72419278,0.19073133167488449,89866.7932131745,-3535.069020394498,470.57924366175905,-22.222524143952512,1,1,448.35671951780654,86331.72419278,448.35671951780654,86331.72419278,448.35671951780654,86331.72419278,27.500000000000227,4195.326014092934
oos_experiment,shared_battery_mode_node_level_v1,SI-Drahi_13-d2-HOM-UHI-BLO-34797638a1,TK-PB-Drahi_13-d2-HOM-UHI-0300d9cc8f-r1,1,MULTISTAGE_RH,LEXMMFPEA,pv,lexicographic_pv,2,479.356719517807,0.20147103102948585,473.55645859448504,5.800260923321957,91149.49156473408,0.20137514998321218,90060.33254968372,1089.1590150503616,473.5670633013758,5.789656216431183,3,3,474.85671951780665,89779.07214738254,923.2134390356132,176110.79634016255,448.35671951780654,86331.72419278,27.500000000000227,4195.326014092934
oos_experiment,shared_battery_mode_node_level_v1,SI-Drahi_13-d2-HOM-UHI-BLO-34797638a1,TK-PB-Drahi_13-d2-HOM-UHI-0300d9cc8f-r1,1,MULTISTAGE_RH,LEXMMFPEA,pv,lexicographic_pv,3,494.35671951780665,0.20777544972728187,472.8964085118513,21.46031100595536,93889.34156473403,0.20742825785260333,89865.15143603519,4024.190128698843,485.6116502937004,8.74506922410626,5,5,479.356719517807,91149.49156473408,1402.5701585534202,267260.28790489666,448.35671951780654,86331.72419278,27.500000000000227,4195.326014092934
oos_experiment,shared_battery_mode_node_level_v1,SI-Drahi_13-d2-HOM-UHI-BLO-34797638a1,TK-PB-Drahi_13-d2-HOM-UHI-0300d9cc8f-r1,1,MULTISTAGE_RH,LEXMMFPEA,pv,lexicographic_pv,4,482.3567195178068,0.202731914769045,479.00739363547984,3.34932588232698,91485.62156473406,0.2021177567493265,91283.59014651175,202.03141822230828,475.87202571484914,6.484693802957679,4,4,482.3567195178068,91485.62156473406,1884.926878071227,358745.9094696307,448.35671951780654,86331.72419278,27.500000000000227,4195.326014092934
oos_experiment,shared_battery_mode_node_level_v1,SI-Drahi_13-d2-HOM-UHI-BLO-34797638a1,TK-PB-Drahi_13-d2-HOM-UHI-0300d9cc8f-r1,1,MULTISTAGE_RH,LEXMMFPEA,pv,lexicographic_pv,5,474.85671951780665,0.19957970542014686,481.35840465080554,-6.501685132998887,89779.07214738254,0.1983475037399736,91559.38368895957,-1780.3115415770299,473.65361461734926,1.2031049004573902,2,2,494.35671951780665,93889.34156473403,2379.2835975890334,452635.2510343647,448.35671951780654,86331.72419278,27.500000000000227,4195.326014092934
oos_experiment,shared_battery_mode_node_level_v1,SI-Drahi_13-d2-HOM-UHI-BLO-34797638a1,TK-PB-Drahi_13-d2-HOM-UHI-0300d9cc8f-r1,1,MULTISTAGE_RH,LEXMMFSA,savings,lexicographic_savings,1,468.30131446762647,0.19682450420881464,472.46493219641224,-4.163617728785766,89785.83849093516,0.19836245251724433,89866.79321317453,-80.95472223937395,470.57924366175905,-2.2779291941325823,1,2,468.30131446762647,88316.74011895468,468.30131446762647,88316.74011895468,468.30131446762647,88316.74011895468,7.555405050180298,2210.310087918275
oos_experiment,shared_battery_mode_node_level_v1,SI-Drahi_13-d2-HOM-UHI-BLO-34797638a1,TK-PB-Drahi_13-d2-HOM-UHI-0300d9cc8f-r1,1,MULTISTAGE_RH,LEXMMFSA,savings,lexicographic_savings,2,479.93625090251277,0.20171460492933244,473.55645859448504,6.3797923080277315,91187.97749640449,0.20146017635175603,90060.33254968375,1127.6449467207422,473.5670633013758,6.369187601136957,4,3,472.5566336313619,89785.83849093516,940.8579480989883,178102.57860988984,468.30131446762647,88316.74011895468,7.555405050180298,2210.310087918275
oos_experiment,shared_battery_mode_node_level_v1,SI-Drahi_13-d2-HOM-UHI-BLO-34797638a1,TK-PB-Drahi_13-d2-HOM-UHI-0300d9cc8f-r1,1,MULTISTAGE_RH,LEXMMFSA,savings,lexicographic_savings,3,473.3925842052181,0.1989643372840944,472.8964085118513,0.49617569336680845,88316.74011895468,0.19511679639871782,89865.1514360352,-1548.4113170805213,485.6116502937004,-12.219066088482293,3,1,473.3925842052181,91187.97749640449,1414.2505323042064,269290.55610629433,468.30131446762647,88316.74011895468,7.555405050180298,2210.310087918275
oos_experiment,shared_battery_mode_node_level_v1,SI-Drahi_13-d2-HOM-UHI-BLO-34797638a1,TK-PB-Drahi_13-d2-HOM-UHI-0300d9cc8f-r1,1,MULTISTAGE_RH,LEXMMFSA,savings,lexicographic_savings,4,472.5566336313619,0.19861299178887756,479.00739363547984,-6.450760004117967,91641.42206213501,0.20246196435809072,91283.59014651178,357.8319156232319,475.87202571484914,-3.315392083487268,2,4,479.93625090251277,91641.42206213501,1894.1867832067192,360931.97816842934,468.30131446762647,88316.74011895468,7.555405050180298,2210.310087918275
oos_experiment,shared_battery_mode_node_level_v1,SI-Drahi_13-d2-HOM-UHI-BLO-34797638a1,TK-PB-Drahi_13-d2-HOM-UHI-0300d9cc8f-r1,1,MULTISTAGE_RH,LEXMMFSA,savings,lexicographic_savings,5,485.0968143823149,0.203883561788881,481.35840465080554,3.738409731509364,91703.27286593543,0.20259861037419105,91559.38368895958,143.8891769758484,473.65361461734926,11.443199764965641,5,5,485.0968143823149,91703.27286593543,2379.283597589034,452635.2510343648,468.30131446762647,88316.74011895468,7.555405050180298,2210.310087918275
oos_experiment,shared_battery_mode_node_level_v1,SI-Drahi_13-d2-HOM-UHI-BLO-34797638a1,TK-PB-Drahi_13-d2-HOM-UHI-0300d9cc8f-r1,1,MULTISTAGE_RH,NONE,none,descriptive_only,1,417.6455508029797,0.1755341613022452,472.46493219641224,-54.819381393432536,75661.05555946709,0.16715678990216953,89866.79321317453,-14205.737653707445,470.57924366175905,-52.93369285877935,2,1,393.64555080297976,75661.05555946709,393.64555080297976,75661.05555946709,393.64555080297976,75661.05555946709,82.21116871482701,14865.994647405867
oos_experiment,shared_battery_mode_node_level_v1,SI-Drahi_13-d2-HOM-UHI-BLO-34797638a1,TK-PB-Drahi_13-d2-HOM-UHI-0300d9cc8f-r1,1,MULTISTAGE_RH,NONE,none,descriptive_only,2,393.64555080297976,0.16544709138577138,473.55645859448504,-79.91090779150528,75811.14755946709,0.16748838581666584,90060.33254968375,-14249.184990216658,473.5670633013758,-79.92151249839605,1,2,417.6455508029797,75811.14755946709,811.2911016059595,151472.20311893418,393.64555080297976,75661.05555946709,82.21116871482701,14865.994647405867
oos_experiment,shared_battery_mode_node_level_v1,SI-Drahi_13-d2-HOM-UHI-BLO-34797638a1,TK-PB-Drahi_13-d2-HOM-UHI-0300d9cc8f-r1,1,MULTISTAGE_RH,NONE,none,descriptive_only,3,499.9522904968936,0.2101272378809753,472.8964085118513,27.055881985042333,95202.99038755495,0.2103304817068412,89865.1514360352,5337.838951519749,485.6116502937004,14.340640203193232,4,4,484.7483974119937,93819.97856371864,1296.0394990179532,245292.18168265282,393.64555080297976,75661.05555946709,82.21116871482701,14865.994647405867
oos_experiment,shared_battery_mode_node_level_v1,SI-Drahi_13-d2-HOM-UHI-BLO-34797638a1,TK-PB-Drahi_13-d2-HOM-UHI-0300d9cc8f-r1,1,MULTISTAGE_RH,NONE,none,descriptive_only,4,484.7483974119937,0.20373712402472618,479.00739363547984,5.741003776513878,93819.97856371864,0.2072750152563696,91283.59014651178,2536.3884172068647,475.87202571484914,8.876371697144577,3,3,499.9522904968936,95202.99038755495,1795.991789514847,340495.1720702078,393.64555080297976,75661.05555946709,82.21116871482701,14865.994647405867
oos_experiment,shared_battery_mode_node_level_v1,SI-Drahi_13-d2-HOM-UHI-BLO-34797638a1,TK-PB-Drahi_13-d2-HOM-UHI-0300d9cc8f-r1,1,MULTISTAGE_RH,NONE,none,descriptive_only,5,583.2918080741867,0.24515438540628182,481.35840465080554,101.93340342338121,112140.07896415702,0.24774932731795377,91559.38368895958,20580.69527519743,473.65361461734926,109.63819345683748,5,5,583.2918080741867,112140.07896415702,2379.2835975890334,452635.2510343648,393.64555080297976,75661.05555946709,82.21116871482701,14865.994647405867
oos_experiment,shared_battery_mode_node_level_v1,SI-Drahi_13-d2-HOM-UHI-BLO-34797638a1,TK-PB-Drahi_13-d2-HOM-UHI-0300d9cc8f-r1,1,MULTISTAGE_RH,PEA,pv,proportional_pv,1,454.613113413554,0.19107142749784886,472.4649321964121,-17.851818782858118,87273.55298843479,0.19281209934267549,89866.79321317452,-2593.240224739726,470.57924366175905,-15.966130248205047,1,1,454.613113413554,87273.55298843479,454.613113413554,87273.55298843479,454.613113413554,87273.55298843479,21.243606104252706,3253.4972184381622
oos_experiment,shared_battery_mode_node_level_v1,SI-Drahi_13-d2-HOM-UHI-BLO-34797638a1,TK-PB-Drahi_13-d2-HOM-UHI-0300d9cc8f-r1,1,MULTISTAGE_RH,PEA,pv,proportional_pv,2,475.46568194589327,0.19983564902800588,473.5564585944849,1.9092233514083432,93263.01802870407,0.20604453103371617,90060.33254968374,3202.685479020336,473.5670633013758,1.8986186445174553,3,5,473.16117784105563,89213.70669243438,927.7742912546096,176487.25968086917,454.613113413554,87273.55298843479,21.243606104252706,3253.4972184381622
oos_experiment,shared_battery_mode_node_level_v1,SI-Drahi_13-d2-HOM-UHI-BLO-34797638a1,TK-PB-Drahi_13-d2-HOM-UHI-0300d9cc8f-r1,1,MULTISTAGE_RH,PEA,pv,proportional_pv,3,492.45349829984895,0.2069755361651129,472.89640851185123,19.55708978799771,89751.43611856058,0.19828644789255823,89865.15143603519,-113.7153174746054,485.6116502937004,6.8418480061485525,5,3,475.46568194589327,89751.43611856058,1403.2399732005028,266238.6957994298,454.613113413554,87273.55298843479,21.243606104252706,3253.4972184381622
oos_experiment,shared_battery_mode_node_level_v1,SI-Drahi_13-d2-HOM-UHI-BLO-34797638a1,TK-PB-Drahi_13-d2-HOM-UHI-0300d9cc8f-r1,1,MULTISTAGE_RH,PEA,pv,proportional_pv,4,483.59012608868176,0.20325030886553896,479.0073936354798,4.58273245320197,89213.70669243438,0.19709845065880904,91283.59014651176,-2069.8834540773823,475.87202571484914,7.718100373832613,4,2,483.59012608868176,93133.53720623092,1886.8300992891845,359372.2330056607,454.613113413554,87273.55298843479,21.243606104252706,3253.4972184381622
oos_experiment,shared_battery_mode_node_level_v1,SI-Drahi_13-d2-HOM-UHI-BLO-34797638a1,TK-PB-Drahi_13-d2-HOM-UHI-0300d9cc8f-r1,1,MULTISTAGE_RH,PEA,pv,proportional_pv,5,473.16117784105563,0.19886707844349347,481.3584046508055,-8.19722680974985,93133.53720623092,0.20575847107224107,91559.38368895957,1574.1535172713484,473.65361461734926,-0.4924367762936299,2,4,492.45349829984895,93263.01802870407,2379.2835975890334,452635.2510343648,454.613113413554,87273.55298843479,21.243606104252706,3253.4972184381622
oos_experiment,shared_battery_mode_node_level_v1,SI-Drahi_13-d2-HOM-UHI-BLO-34797638a1,TK-PB-Drahi_13-d2-HOM-UHI-0300d9cc8f-r1,1,MULTISTAGE_RH,SA,savings,proportional_savings,1,465.6705284654064,0.19571879911132825,472.4649321964121,-6.79440373100573,86785.06811038882,0.19173289732089377,89866.7932131745,-3081.7251027856837,470.57924366175905,-4.908715196352659,1,1,465.6705284654064,86785.06811038882,465.6705284654064,86785.06811038882,465.6705284654064,86785.06811038882,10.186191052400318,3741.98209648412
oos_experiment,shared_battery_mode_node_level_v1,SI-Drahi_13-d2-HOM-UHI-BLO-34797638a1,TK-PB-Drahi_13-d2-HOM-UHI-0300d9cc8f-r1,1,MULTISTAGE_RH,SA,savings,proportional_savings,2,471.6245492084708,0.198221241757971,473.5564585944849,-1.9319093860141265,90974.32452489474,0.20098815617431406,90060.33254968372,913.9919752110145,473.5670633013758,-1.9425140929050144,2,3,471.6245492084708,90626.24395081072,937.2950776738771,177411.31206119954,465.6705284654064,86785.06811038882,10.186191052400318,3741.98209648412
oos_experiment,shared_battery_mode_node_level_v1,SI-Drahi_13-d2-HOM-UHI-BLO-34797638a1,TK-PB-Drahi_13-d2-HOM-UHI-0300d9cc8f-r1,1,MULTISTAGE_RH,SA,savings,proportional_savings,3,474.41907792684395,0.19939576703154702,472.89640851185123,1.5226694149927198,90626.24395081072,0.20021914719127842,89865.15143603519,761.0925147755333,485.6116502937004,-11.192572366856439,3,2,474.41907792684395,90974.32452489474,1411.7141556007211,268385.6365860943,465.6705284654064,86785.06811038882,10.186191052400318,3741.98209648412
oos_experiment,shared_battery_mode_node_level_v1,SI-Drahi_13-d2-HOM-UHI-BLO-34797638a1,TK-PB-Drahi_13-d2-HOM-UHI-0300d9cc8f-r1,1,MULTISTAGE_RH,SA,savings,proportional_savings,4,482.1456564023922,0.20264320608562938,479.0073936354798,3.138262766912419,92149.62887943257,0.20358473775264233,91283.59014651175,866.038732920817,475.87202571484914,6.273630687543061,4,5,482.1456564023922,92099.98556883787,1893.8598120031133,360485.6221549321,465.6705284654064,86785.06811038882,10.186191052400318,3741.98209648412
oos_experiment,shared_battery_mode_node_level_v1,SI-Drahi_13-d2-HOM-UHI-BLO-34797638a1,TK-PB-Drahi_13-d2-HOM-UHI-0300d9cc8f-r1,1,MULTISTAGE_RH,SA,savings,proportional_savings,5,485.4237855859202,0.2040209860135244,481.3584046508055,4.065380935114717,92099.98556883787,0.20347506156087147,91559.38368895957,540.6018798783043,473.65361461734926,11.770170968570937,5,4,485.4237855859202,92149.62887943257,2379.2835975890334,452635.2510343647,465.6705284654064,86785.06811038882,10.186191052400318,3741.98209648412
oos_experiment,shared_battery_mode_node_level_v1,SI-Drahi_13-d2-HOM-UHI-BLO-34797638a1,TK-PB-Drahi_13-d2-HOM-UHI-0300d9cc8f-r1,1,MULTISTAGE_RH,STATIC_DEMAND_SHARE,pv,static_share_residual,1,470.57924366175905,0.19778190550239771,472.4649321964121,-1.8856885346530703,88157.53887137218,0.19476507556562164,89866.79321317452,-1709.2543418023415,470.57924366175905,0.0,1,1,470.57924366175905,88157.53887137218,470.57924366175905,88157.53887137218,470.57924366175905,88157.53887137218,5.2774758560476585,2369.511335500778
oos_experiment,shared_battery_mode_node_level_v1,SI-Drahi_13-d2-HOM-UHI-BLO-34797638a1,TK-PB-Drahi_13-d2-HOM-UHI-0300d9cc8f-r1,1,MULTISTAGE_RH,STATIC_DEMAND_SHARE,pv,static_share_residual,2,473.5670633013758,0.1990376699025072,473.5564585944849,0.010604706890887883,89703.06086499657,0.19817957319940638,90060.33254968374,-357.27168468716263,473.5670633013758,0.0,2,2,473.5670633013758,89703.06086499657,944.1463069631349,177860.59973636875,470.57924366175905,88157.53887137218,5.2774758560476585,2369.511335500778
oos_experiment,shared_battery_mode_node_level_v1,SI-Drahi_13-d2-HOM-UHI-BLO-34797638a1,TK-PB-Drahi_13-d2-HOM-UHI-0300d9cc8f-r1,1,MULTISTAGE_RH,STATIC_DEMAND_SHARE,pv,static_share_residual,3,485.6116502937004,0.2040999445319501,472.89640851185123,12.715241781849159,93509.9822590886,0.20659014525580816,89865.15143603519,3644.8308230534167,485.6116502937004,0.0,5,5,473.65361461734926,90198.38571979947,1417.7999215804841,268058.9854561682,470.57924366175905,88157.53887137218,5.2774758560476585,2369.511335500778
oos_experiment,shared_battery_mode_node_level_v1,SI-Drahi_13-d2-HOM-UHI-BLO-34797638a1,TK-PB-Drahi_13-d2-HOM-UHI-0300d9cc8f-r1,1,MULTISTAGE_RH,STATIC_DEMAND_SHARE,pv,static_share_residual,4,475.87202571484914,0.2000064331116551,479.0073936354798,-3.1353679206306424,90198.38571979947,0.19927388667514867,91283.59014651176,-1085.2044267122983,475.87202571484914,0.0,4,3,475.87202571484914,91066.2833191079,1893.6719472953332,359125.2687752761,470.57924366175905,88157.53887137218,5.2774758560476585,2369.511335500778
oos_experiment,shared_battery_mode_node_level_v1,SI-Drahi_13-d2-HOM-UHI-BLO-34797638a1,TK-PB-Drahi_13-d2-HOM-UHI-0300d9cc8f-r1,1,MULTISTAGE_RH,STATIC_DEMAND_SHARE,pv,static_share_residual,5,473.65361461734926,0.19907404695149,481.3584046508055,-7.70479003345622,91066.2833191079,0.20119131930401507,91559.38368895957,-493.10036985167244,473.65361461734926,0.0,3,4,485.6116502937004,93509.9822590886,2379.283597589034,452635.2510343647,470.57924366175905,88157.53887137218,5.2774758560476585,2369.511335500778
oos_experiment,shared_battery_mode_node_level_v1,SI-Drahi_13-d2-HOM-UHI-BLO-34797638a1,TK-PB-Drahi_13-d2-HOM-UHI-0300d9cc8f-r1,1,TWO_STAGE_RH,LEXMMFPEA,pv,lexicographic_pv,1,459.0754695178099,0.19294693158184187,472.46493219641224,-13.389462678602342,88816.07558488319,0.1962199704550633,89866.7932131745,-1050.7176282913133,470.57924366175905,-11.503774143949158,1,1,459.0754695178099,88816.07558488319,459.0754695178099,88816.07558488319,459.0754695178099,88816.07558488319,16.781249999996874,1710.9746219897497
oos_experiment,shared_battery_mode_node_level_v1,SI-Drahi_13-d2-HOM-UHI-BLO-34797638a1,TK-PB-Drahi_13-d2-HOM-UHI-0300d9cc8f-r1,1,TWO_STAGE_RH,LEXMMFPEA,pv,lexicographic_pv,2,489.07546951781154,0.20555576897743486,473.55645859448504,15.519010923326505,91228.97437723499,0.2015507501211141,90060.33254968372,1168.6418275512697,473.5670633013758,15.50840621643573,5,4,473.3254695178111,89244.38068028091,932.4009390356209,178060.4562651641,459.0754695178099,88816.07558488319,16.781249999996874,1710.9746219897497
oos_experiment,shared_battery_mode_node_level_v1,SI-Drahi_13-d2-HOM-UHI-BLO-34797638a1,TK-PB-Drahi_13-d2-HOM-UHI-0300d9cc8f-r1,1,TWO_STAGE_RH,LEXMMFPEA,pv,lexicographic_pv,3,473.3254695178111,0.19893612934474872,472.8964085118513,0.42906100595979524,89244.38068028091,0.19716621822171193,89865.15143603519,-620.7707557542744,485.6116502937004,-12.286180775889306,2,2,474.91921951779574,90260.61593973186,1407.3201585534166,268321.07220489596,459.0754695178099,88816.07558488319,16.781249999996874,1710.9746219897497
oos_experiment,shared_battery_mode_node_level_v1,SI-Drahi_13-d2-HOM-UHI-BLO-34797638a1,TK-PB-Drahi_13-d2-HOM-UHI-0300d9cc8f-r1,1,TWO_STAGE_RH,LEXMMFPEA,pv,lexicographic_pv,4,482.8879695178054,0.20295519626459138,479.00739363547984,3.8805758823255587,93085.20445223377,0.20565169027271943,91283.59014651175,1801.614305722018,475.87202571484914,7.015943802956258,4,5,482.8879695178054,91228.97437723499,1890.2081280712223,359550.04658213095,459.0754695178099,88816.07558488319,16.781249999996874,1710.9746219897497
oos_experiment,shared_battery_mode_node_level_v1,SI-Drahi_13-d2-HOM-UHI-BLO-34797638a1,TK-PB-Drahi_13-d2-HOM-UHI-0300d9cc8f-r1,1,TWO_STAGE_RH,LEXMMFPEA,pv,lexicographic_pv,5,474.91921951779574,0.1996059738313831,481.35840465080554,-6.439185133009801,90260.61593973186,0.19941137092939132,91559.38368895957,-1298.7677492277144,473.65361461734926,1.2656049004464762,3,3,489.07546951781154,93085.20445223377,2379.283597589034,452635.2510343647,459.0754695178099,88816.07558488319,16.781249999996874,1710.9746219897497
oos_experiment,shared_battery_mode_node_level_v1,SI-Drahi_13-d2-HOM-UHI-BLO-34797638a1,TK-PB-Drahi_13-d2-HOM-UHI-0300d9cc8f-r1,1,TWO_STAGE_RH,LEXMMFSA,savings,lexicographic_savings,1,475.14886890533404,0.19970249422423203,472.46493219641224,2.683936708921806,91057.56988256582,0.201172068844573,89866.79321317453,1190.7766693912854,470.57924366175905,4.56962524357499,3,3,472.98017147254643,87855.27390147652,472.98017147254643,87855.27390147652,472.98017147254643,87855.27390147652,2.8765480452603356,2671.77630539643
oos_experiment,shared_battery_mode_node_level_v1,SI-Drahi_13-d2-HOM-UHI-BLO-34797638a1,TK-PB-Drahi_13-d2-HOM-UHI-0300d9cc8f-r1,1,TWO_STAGE_RH,LEXMMFSA,savings,lexicographic_savings,2,476.0359160270396,0.20007531532155914,473.55645859448504,2.479457432554568,91712.66961749847,0.20261937047085068,90060.33254968375,1652.3370678147185,473.5670633013758,2.468852725663794,4,5,475.07321083896727,90768.35375254383,948.0533823115137,178623.62765402035,472.98017147254643,87855.27390147652,2.8765480452603356,2671.77630539643
oos_experiment,shared_battery_mode_node_level_v1,SI-Drahi_13-d2-HOM-UHI-BLO-34797638a1,TK-PB-Drahi_13-d2-HOM-UHI-0300d9cc8f-r1,1,TWO_STAGE_RH,LEXMMFSA,savings,lexicographic_savings,3,475.07321083896727,0.1996706955490159,472.8964085118513,2.176802327115979,90768.35375254383,0.20053310815964828,89865.1514360352,903.2023165086284,485.6116502937004,-10.538439454733123,2,2,475.14886890533404,91057.56988256582,1423.2022512168478,269681.1975365862,472.98017147254643,87855.27390147652,2.8765480452603356,2671.77630539643
oos_experiment,shared_battery_mode_node_level_v1,SI-Drahi_13-d2-HOM-UHI-BLO-34797638a1,TK-PB-Drahi_13-d2-HOM-UHI-0300d9cc8f-r1,1,TWO_STAGE_RH,LEXMMFSA,savings,lexicographic_savings,4,480.04543034514654,0.2017604924573028,479.00739363547984,1.0380367096666987,91241.38388028016,0.20157816624263092,91283.59014651178,-42.20626623161661,475.87202571484914,4.173404630297398,5,4,476.0359160270396,91241.38388028016,1899.2381672438873,360922.58141686633,472.98017147254643,87855.27390147652,2.8765480452603356,2671.77630539643
oos_experiment,shared_battery_mode_node_level_v1,SI-Drahi_13-d2-HOM-UHI-BLO-34797638a1,TK-PB-Drahi_13-d2-HOM-UHI-0300d9cc8f-r1,1,TWO_STAGE_RH,LEXMMFSA,savings,lexicographic_savings,5,472.98017147254643,0.1987910024478901,481.35840465080554,-8.378233178259109,87855.27390147652,0.1940972862822971,91559.38368895958,-3704.1097874830593,473.65361461734926,-0.6734431448028317,1,1,480.04543034514654,91712.66961749847,2379.283597589034,452635.2510343648,472.98017147254643,87855.27390147652,2.8765480452603356,2671.77630539643
oos_experiment,shared_battery_mode_node_level_v1,SI-Drahi_13-d2-HOM-UHI-BLO-34797638a1,TK-PB-Drahi_13-d2-HOM-UHI-0300d9cc8f-r1,1,TWO_STAGE_RH,NONE,none,descriptive_only,1,609.7259496147485,0.256264511818849,472.4649321964121,137.2610174183364,111541.32433859403,0.24642650806294727,89866.7932131745,21674.531125419526,470.57924366175905,139.14670595298946,5,5,401.64555080297976,75511.16735946704,401.64555080297976,75511.16735946704,401.64555080297976,75511.16735946704,74.21116871482695,15015.882847405897
oos_experiment,shared_battery_mode_node_level_v1,SI-Drahi_13-d2-HOM-UHI-BLO-34797638a1,TK-PB-Drahi_13-d2-HOM-UHI-0300d9cc8f-r1,1,TWO_STAGE_RH,NONE,none,descriptive_only,2,469.0971671169193,0.19715899676367418,473.5564585944849,-4.459291477565614,92710.1375159075,0.20482306074050963,90060.33254968372,2649.8049662237754,473.5670633013758,-4.469896184456502,3,3,401.64555080297976,76920.84735946706,803.2911016059595,152432.0147189341,401.64555080297976,75511.16735946704,74.21116871482695,15015.882847405897
oos_experiment,shared_battery_mode_node_level_v1,SI-Drahi_13-d2-HOM-UHI-BLO-34797638a1,TK-PB-Drahi_13-d2-HOM-UHI-0300d9cc8f-r1,1,TWO_STAGE_RH,NONE,none,descriptive_only,3,401.64555080297976,0.16880944802459602,472.89640851185123,-71.25085770887148,76920.84735946706,0.16994002827593985,89865.15143603519,-12944.304076568122,485.6116502937004,-83.96609949072064,1,2,469.0971671169193,92710.1375159075,1272.3882687228788,245142.1522348416,401.64555080297976,75511.16735946704,74.21116871482695,15015.882847405897
oos_experiment,shared_battery_mode_node_level_v1,SI-Drahi_13-d2-HOM-UHI-BLO-34797638a1,TK-PB-Drahi_13-d2-HOM-UHI-0300d9cc8f-r1,1,TWO_STAGE_RH,NONE,none,descriptive_only,4,497.16937925140616,0.2089575953682848,479.0073936354798,18.16198561592637,95951.7744609291,0.211984758680769,91283.59014651175,4668.184314417347,475.87202571484914,21.29735353655701,4,4,497.16937925140616,95951.7744609291,1769.557647974285,341093.9266957707,401.64555080297976,75511.16735946704,74.21116871482695,15015.882847405897
oos_experiment,shared_battery_mode_node_level_v1,SI-Drahi_13-d2-HOM-UHI-BLO-34797638a1,TK-PB-Drahi_13-d2-HOM-UHI-0300d9cc8f-r1,1,TWO_STAGE_RH,NONE,none,descriptive_only,5,401.64555080297976,0.16880944802459602,481.3584046508055,-79.71285384782573,75511.16735946704,0.16682564423983437,91559.38368895957,-16048.216329492527,473.65361461734926,-72.0080638143695,2,1,609.7259496147485,111541.32433859403,2379.2835975890334,452635.2510343648,401.64555080297976,75511.16735946704,74.21116871482695,15015.882847405897
oos_experiment,shared_battery_mode_node_level_v1,SI-Drahi_13-d2-HOM-UHI-BLO-34797638a1,TK-PB-Drahi_13-d2-HOM-UHI-0300d9cc8f-r1,1,TWO_STAGE_RH,PEA,pv,proportional_pv,1,447.41557781542866,0.18804634229765718,472.46493219641224,-25.049354380983573,84594.4361326751,0.18689316826155142,89866.79321317452,-5272.357080499423,470.57924366175905,-23.16366584633039,1,1,447.41557781542866,84594.4361326751,447.41557781542866,84594.4361326751,447.41557781542866,84594.4361326751,28.441141702378104,5932.61407419786
oos_experiment,shared_battery_mode_node_level_v1,SI-Drahi_13-d2-HOM-UHI-BLO-34797638a1,TK-PB-Drahi_13-d2-HOM-UHI-0300d9cc8f-r1,1,TWO_STAGE_RH,PEA,pv,proportional_pv,2,474.6531819458959,0.1994941596818763,473.55645859448504,1.0967233514108443,91628.49415370458,0.20243340293164222,90060.33254968374,1568.1616040208464,473.5670633013758,1.0861186445200701,2,3,474.6531819458959,90074.41424356116,922.0687597613246,174668.85037623625,447.41557781542866,84594.4361326751,28.441141702378104,5932.61407419786
oos_experiment,shared_battery_mode_node_level_v1,SI-Drahi_13-d2-HOM-UHI-BLO-34797638a1,TK-PB-Drahi_13-d2-HOM-UHI-0300d9cc8f-r1,1,TWO_STAGE_RH,PEA,pv,proportional_pv,3,487.6493633374548,0.20495638427953594,472.8964085118513,14.752954825603524,90074.41424356116,0.19899999842637658,89865.15143603519,209.26280752597086,485.6116502937004,2.0377130437544224,5,2,483.0933520692233,91628.49415370458,1405.1621118305477,266297.34452994086,447.41557781542866,84594.4361326751,28.441141702378104,5932.61407419786
oos_experiment,shared_battery_mode_node_level_v1,SI-Drahi_13-d2-HOM-UHI-BLO-34797638a1,TK-PB-Drahi_13-d2-HOM-UHI-0300d9cc8f-r1,1,TWO_STAGE_RH,PEA,pv,proportional_pv,4,483.0933520692233,0.2030415174377487,479.00739363547984,4.0859584337434285,93875.37382645137,0.20739739914628127,91283.59014651176,2591.7836799396027,475.87202571484914,7.221326354374128,3,5,486.472122421031,92462.53267797251,1891.6342342515786,358759.8772079134,447.41557781542866,84594.4361326751,28.441141702378104,5932.61407419786
oos_experiment,shared_battery_mode_node_level_v1,SI-Drahi_13-d2-HOM-UHI-BLO-34797638a1,TK-PB-Drahi_13-d2-HOM-UHI-0300d9cc8f-r1,1,TWO_STAGE_RH,PEA,pv,proportional_pv,5,486.472122421031,0.20446159630318175,481.35840465080554,5.113717770225435,92462.53267797251,0.20427603123414845,91559.38368895957,903.1489890129451,473.65361461734926,12.818507803681712,4,4,487.6493633374548,93875.37382645137,2379.2835975890334,452635.25103436474,447.41557781542866,84594.4361326751,28.441141702378104,5932.61407419786
oos_experiment,shared_battery_mode_node_level_v1,SI-Drahi_13-d2-HOM-UHI-BLO-34797638a1,TK-PB-Drahi_13-d2-HOM-UHI-0300d9cc8f-r1,1,TWO_STAGE_RH,SA,savings,proportional_savings,1,455.15733346316347,0.19130016023494706,472.46493219641224,-17.307598733248767,86130.55099328244,0.19028688286309206,89866.79321317452,-3736.242219892083,470.57924366175905,-15.421910198595583,1,1,455.15733346316347,86130.55099328244,455.15733346316347,86130.55099328244,455.15733346316347,86130.55099328244,20.6993860546433,4396.4992135905195
oos_experiment,shared_battery_mode_node_level_v1,SI-Drahi_13-d2-HOM-UHI-BLO-34797638a1,TK-PB-Drahi_13-d2-HOM-UHI-0300d9cc8f-r1,1,TWO_STAGE_RH,SA,savings,proportional_savings,2,481.53726902424273,0.2023875041681421,473.55645859448504,7.980810429757696,91362.94952740279,0.20184673933066336,90060.33254968374,1302.6169777190516,473.5670633013758,7.970205722866922,4,3,473.83749960883955,90940.84045627946,928.9948330720031,177071.3914495619,455.15733346316347,86130.55099328244,20.6993860546433,4396.4992135905195
oos_experiment,shared_battery_mode_node_level_v1,SI-Drahi_13-d2-HOM-UHI-BLO-34797638a1,TK-PB-Drahi_13-d2-HOM-UHI-0300d9cc8f-r1,1,TWO_STAGE_RH,SA,savings,proportional_savings,3,473.83749960883955,0.19915133281672964,472.8964085118513,0.9410910969882593,90940.84045627946,0.20091418034379982,89865.15143603519,1075.6890202442737,485.6116502937004,-11.774150684860842,2,2,476.8393261023709,91362.94952740279,1405.8341591743738,268434.3409769647,455.15733346316347,86130.55099328244,20.6993860546433,4396.4992135905195
oos_experiment,shared_battery_mode_node_level_v1,SI-Drahi_13-d2-HOM-UHI-BLO-34797638a1,TK-PB-Drahi_13-d2-HOM-UHI-0300d9cc8f-r1,1,TWO_STAGE_RH,SA,savings,proportional_savings,4,476.8393261023709,0.20041298422162024,479.00739363547984,-2.1680675331089674,92122.89268968807,0.2035256699056653,91283.59014651176,839.302543176309,475.87202571484914,0.9673003875217319,3,5,481.53726902424273,92078.01736771199,1887.3714281986167,360512.3583446767,455.15733346316347,86130.55099328244,20.6993860546433,4396.4992135905195
oos_experiment,shared_battery_mode_node_level_v1,SI-Drahi_13-d2-HOM-UHI-BLO-34797638a1,TK-PB-Drahi_13-d2-HOM-UHI-0300d9cc8f-r1,1,TWO_STAGE_RH,SA,savings,proportional_savings,5,491.91216939041703,0.20674801855856087,481.35840465080554,10.553764739611495,92078.01736771199,0.20342652755677945,91559.38368895957,518.6336787524197,473.65361461734926,18.25855477306777,5,4,491.91216939041703,92122.89268968807,2379.283597589034,452635.2510343647,455.15733346316347,86130.55099328244,20.6993860546433,4396.4992135905195
oos_experiment,shared_battery_mode_node_level_v1,SI-Drahi_13-d2-HOM-UHI-BLO-34797638a1,TK-PB-Drahi_13-d2-HOM-UHI-0300d9cc8f-r1,1,TWO_STAGE_RH,STATIC_DEMAND_SHARE,pv,static_share_residual,1,470.57924366175905,0.19778190550239771,472.4649321964121,-1.8856885346530703,85252.59867137216,0.1883472364924129,89866.7932131745,-4614.194541802339,470.57924366175905,0.0,1,1,470.57924366175905,85252.59867137216,470.57924366175905,85252.59867137216,470.57924366175905,85252.59867137216,5.2774758560476585,5274.451535500775
oos_experiment,shared_battery_mode_node_level_v1,SI-Drahi_13-d2-HOM-UHI-BLO-34797638a1,TK-PB-Drahi_13-d2-HOM-UHI-0300d9cc8f-r1,1,TWO_STAGE_RH,STATIC_DEMAND_SHARE,pv,static_share_residual,2,473.5670633013758,0.1990376699025072,473.5564585944849,0.010604706890887883,91118.34086499657,0.20130632922816422,90060.33254968372,1058.0083153128508,473.5670633013758,0.0,2,3,473.5670633013758,90132.78571979946,944.1463069631349,175385.38439117162,470.57924366175905,85252.59867137216,5.2774758560476585,5274.451535500775
oos_experiment,shared_battery_mode_node_level_v1,SI-Drahi_13-d2-HOM-UHI-BLO-34797638a1,TK-PB-Drahi_13-d2-HOM-UHI-0300d9cc8f-r1,1,TWO_STAGE_RH,STATIC_DEMAND_SHARE,pv,static_share_residual,3,485.6116502937004,0.2040999445319501,472.89640851185123,12.715241781849159,93509.9822590886,0.20659014525580818,89865.15143603519,3644.8308230534167,485.6116502937004,0.0,5,5,473.65361461734926,91118.34086499657,1417.7999215804841,266503.72525616817,470.57924366175905,85252.59867137216,5.2774758560476585,5274.451535500775
oos_experiment,shared_battery_mode_node_level_v1,SI-Drahi_13-d2-HOM-UHI-BLO-34797638a1,TK-PB-Drahi_13-d2-HOM-UHI-0300d9cc8f-r1,1,TWO_STAGE_RH,STATIC_DEMAND_SHARE,pv,static_share_residual,4,475.87202571484914,0.2000064331116551,479.0073936354798,-3.1353679206306424,90132.78571979946,0.1991289576183638,91283.59014651175,-1150.8044267122896,475.87202571484914,0.0,4,2,475.87202571484914,92621.54351910789,1893.6719472953332,359125.2687752761,470.57924366175905,85252.59867137216,5.2774758560476585,5274.451535500775
oos_experiment,shared_battery_mode_node_level_v1,SI-Drahi_13-d2-HOM-UHI-BLO-34797638a1,TK-PB-Drahi_13-d2-HOM-UHI-0300d9cc8f-r1,1,TWO_STAGE_RH,STATIC_DEMAND_SHARE,pv,static_share_residual,5,473.65361461734926,0.19907404695149,481.3584046508055,-7.70479003345622,92621.54351910789,0.2046273314052509,91559.38368895957,1062.1598301483173,473.65361461734926,0.0,3,4,485.6116502937004,93509.9822590886,2379.283597589034,452635.2510343647,470.57924366175905,85252.59867137216,5.2774758560476585,5274.451535500775
