ExperimentID,ParallelTaskID,Replication,Controller,Fairness,Period,Phase,PhaseLabel,BuildTimeSec,SolveWallTimeSec,SolverTimeSec,PeakMemoryMB
oos_experiment,TK-PB-Drahi_1-d1-HOM-UHI-79830456b8-r5,5,DETERMINISTIC_RH,LEXMMFPEA,1,1,lex_phase_1,0.0026907920837402344,0.004698991775512695,0.002268075942993164,1927.3125
oos_experiment,TK-PB-Drahi_1-d1-HOM-UHI-79830456b8-r5,5,DETERMINISTIC_RH,LEXMMFPEA,1,1,lex_phase_1,0.0032651424407958984,0.004967927932739258,0.0022978782653808594,1947.515625
oos_experiment,TK-PB-Drahi_1-d1-HOM-UHI-79830456b8-r5,5,DETERMINISTIC_RH,LEXMMFPEA,1,2,lex_phase_2,0.0026907920837402344,0.0009751319885253906,0.0009360313415527344,1927.3125
oos_experiment,TK-PB-Drahi_1-d1-HOM-UHI-79830456b8-r5,5,DETERMINISTIC_RH,LEXMMFPEA,1,2,lex_phase_2,0.0032651424407958984,0.0010509490966796875,0.001001119613647461,1947.515625
oos_experiment,TK-PB-Drahi_1-d1-HOM-UHI-79830456b8-r5,5,DETERMINISTIC_RH,LEXMMFPEA,1,3,lex_phase_3,0.0026907920837402344,0.0009710788726806641,0.0009319782257080078,1927.3125
oos_experiment,TK-PB-Drahi_1-d1-HOM-UHI-79830456b8-r5,5,DETERMINISTIC_RH,LEXMMFPEA,1,3,lex_phase_3,0.0032651424407958984,0.0010249614715576172,0.00096893310546875,1947.515625
oos_experiment,TK-PB-Drahi_1-d1-HOM-UHI-79830456b8-r5,5,DETERMINISTIC_RH,LEXMMFPEA,1,4,lex_phase_4,0.0026907920837402344,0.001065969467163086,0.0010221004486083984,1927.3125
oos_experiment,TK-PB-Drahi_1-d1-HOM-UHI-79830456b8-r5,5,DETERMINISTIC_RH,LEXMMFPEA,1,4,lex_phase_4,0.0032651424407958984,0.001010894775390625,0.0009620189666748047,1947.515625
oos_experiment,TK-PB-Drahi_1-d1-HOM-UHI-79830456b8-r5,5,DETERMINISTIC_RH,LEXMMFPEA,1,5,lex_phase_5,0.0026907920837402344,0.0009059906005859375,0.0008728504180908203,1927.3125
oos_experiment,TK-PB-Drahi_1-d1-HOM-UHI-79830456b8-r5,5,DETERMINISTIC_RH,LEXMMFPEA,1,5,lex_phase_5,0.0032651424407958984,0.000843048095703125,0.0008070468902587891,1947.515625
oos_experiment,TK-PB-Drahi_1-d1-HOM-UHI-79830456b8-r5,5,DETERMINISTIC_RH,LEXMMFPEA,1,6,economic_tie_break,0.0026907920837402344,0.002928018569946289,0.0028917789459228516,1927.3125
oos_experiment,TK-PB-Drahi_1-d1-HOM-UHI-79830456b8-r5,5,DETERMINISTIC_RH,LEXMMFPEA,1,6,economic_tie_break,0.0032651424407958984,0.0035240650177001953,0.003482818603515625,1947.515625
oos_experiment,TK-PB-Drahi_1-d1-HOM-UHI-79830456b8-r5,5,DETERMINISTIC_RH,LEXMMFPEA,2,1,lex_phase_1,0.0026907920837402344,0.004698991775512695,0.002268075942993164,1927.3125
oos_experiment,TK-PB-Drahi_1-d1-HOM-UHI-79830456b8-r5,5,DETERMINISTIC_RH,LEXMMFPEA,2,1,lex_phase_1,0.0032651424407958984,0.004967927932739258,0.0022978782653808594,1947.515625
oos_experiment,TK-PB-Drahi_1-d1-HOM-UHI-79830456b8-r5,5,DETERMINISTIC_RH,LEXMMFPEA,2,2,lex_phase_2,0.0026907920837402344,0.0009751319885253906,0.0009360313415527344,1927.3125
oos_experiment,TK-PB-Drahi_1-d1-HOM-UHI-79830456b8-r5,5,DETERMINISTIC_RH,LEXMMFPEA,2,2,lex_phase_2,0.0032651424407958984,0.0010509490966796875,0.001001119613647461,1947.515625
oos_experiment,TK-PB-Drahi_1-d1-HOM-UHI-79830456b8-r5,5,DETERMINISTIC_RH,LEXMMFPEA,2,3,lex_phase_3,0.0026907920837402344,0.0009710788726806641,0.0009319782257080078,1927.3125
oos_experiment,TK-PB-Drahi_1-d1-HOM-UHI-79830456b8-r5,5,DETERMINISTIC_RH,LEXMMFPEA,2,3,lex_phase_3,0.0032651424407958984,0.0010249614715576172,0.00096893310546875,1947.515625
oos_experiment,TK-PB-Drahi_1-d1-HOM-UHI-79830456b8-r5,5,DETERMINISTIC_RH,LEXMMFPEA,2,4,lex_phase_4,0.0026907920837402344,0.001065969467163086,0.0010221004486083984,1927.3125
oos_experiment,TK-PB-Drahi_1-d1-HOM-UHI-79830456b8-r5,5,DETERMINISTIC_RH,LEXMMFPEA,2,4,lex_phase_4,0.0032651424407958984,0.001010894775390625,0.0009620189666748047,1947.515625
oos_experiment,TK-PB-Drahi_1-d1-HOM-UHI-79830456b8-r5,5,DETERMINISTIC_RH,LEXMMFPEA,2,5,lex_phase_5,0.0026907920837402344,0.0009059906005859375,0.0008728504180908203,1927.3125
oos_experiment,TK-PB-Drahi_1-d1-HOM-UHI-79830456b8-r5,5,DETERMINISTIC_RH,LEXMMFPEA,2,5,lex_phase_5,0.0032651424407958984,0.000843048095703125,0.0008070468902587891,1947.515625
oos_experiment,TK-PB-Drahi_1-d1-HOM-UHI-79830456b8-r5,5,DETERMINISTIC_RH,LEXMMFPEA,2,6,economic_tie_break,0.0026907920837402344,0.002928018569946289,0.0028917789459228516,1927.3125
oos_experiment,TK-PB-Drahi_1-d1-HOM-UHI-79830456b8-r5,5,DETERMINISTIC_RH,LEXMMFPEA,2,6,economic_tie_break,0.0032651424407958984,0.0035240650177001953,0.003482818603515625,1947.515625
oos_experiment,TK-PB-Drahi_1-d1-HOM-UHI-79830456b8-r5,5,DETERMINISTIC_RH,LEXMMFPEA,3,1,lex_phase_1,0.0026907920837402344,0.004698991775512695,0.002268075942993164,1927.3125
oos_experiment,TK-PB-Drahi_1-d1-HOM-UHI-79830456b8-r5,5,DETERMINISTIC_RH,LEXMMFPEA,3,1,lex_phase_1,0.0032651424407958984,0.004967927932739258,0.0022978782653808594,1947.515625
oos_experiment,TK-PB-Drahi_1-d1-HOM-UHI-79830456b8-r5,5,DETERMINISTIC_RH,LEXMMFPEA,3,2,lex_phase_2,0.0026907920837402344,0.0009751319885253906,0.0009360313415527344,1927.3125
oos_experiment,TK-PB-Drahi_1-d1-HOM-UHI-79830456b8-r5,5,DETERMINISTIC_RH,LEXMMFPEA,3,2,lex_phase_2,0.0032651424407958984,0.0010509490966796875,0.001001119613647461,1947.515625
oos_experiment,TK-PB-Drahi_1-d1-HOM-UHI-79830456b8-r5,5,DETERMINISTIC_RH,LEXMMFPEA,3,3,lex_phase_3,0.0026907920837402344,0.0009710788726806641,0.0009319782257080078,1927.3125
oos_experiment,TK-PB-Drahi_1-d1-HOM-UHI-79830456b8-r5,5,DETERMINISTIC_RH,LEXMMFPEA,3,3,lex_phase_3,0.0032651424407958984,0.0010249614715576172,0.00096893310546875,1947.515625
oos_experiment,TK-PB-Drahi_1-d1-HOM-UHI-79830456b8-r5,5,DETERMINISTIC_RH,LEXMMFPEA,3,4,lex_phase_4,0.0026907920837402344,0.001065969467163086,0.0010221004486083984,1927.3125
oos_experiment,TK-PB-Drahi_1-d1-HOM-UHI-79830456b8-r5,5,DETERMINISTIC_RH,LEXMMFPEA,3,4,lex_phase_4,0.0032651424407958984,0.001010894775390625,0.0009620189666748047,1947.515625
oos_experiment,TK-PB-Drahi_1-d1-HOM-UHI-79830456b8-r5,5,DETERMINISTIC_RH,LEXMMFPEA,3,5,lex_phase_5,0.0026907920837402344,0.0009059906005859375,0.0008728504180908203,1927.3125
oos_experiment,TK-PB-Drahi_1-d1-HOM-UHI-79830456b8-r5,5,DETERMINISTIC_RH,LEXMMFPEA,3,5,lex_phase_5,0.0032651424407958984,0.000843048095703125,0.0008070468902587891,1947.515625
oos_experiment,TK-PB-Drahi_1-d1-HOM-UHI-79830456b8-r5,5,DETERMINISTIC_RH,LEXMMFPEA,3,6,economic_tie_break,0.0026907920837402344,0.002928018569946289,0.0028917789459228516,1927.3125
oos_experiment,TK-PB-Drahi_1-d1-HOM-UHI-79830456b8-r5,5,DETERMINISTIC_RH,LEXMMFPEA,3,6,economic_tie_break,0.0032651424407958984,0.0035240650177001953,0.003482818603515625,1947.515625
oos_experiment,TK-PB-Drahi_1-d1-HOM-UHI-79830456b8-r5,5,DETERMINISTIC_RH,LEXMMFPEA,4,1,lex_phase_1,0.0026907920837402344,0.004698991775512695,0.002268075942993164,1927.3125
oos_experiment,TK-PB-Drahi_1-d1-HOM-UHI-79830456b8-r5,5,DETERMINISTIC_RH,LEXMMFPEA,4,1,lex_phase_1,0.0032651424407958984,0.004967927932739258,0.0022978782653808594,1947.515625
oos_experiment,TK-PB-Drahi_1-d1-HOM-UHI-79830456b8-r5,5,DETERMINISTIC_RH,LEXMMFPEA,4,2,lex_phase_2,0.0026907920837402344,0.0009751319885253906,0.0009360313415527344,1927.3125
oos_experiment,TK-PB-Drahi_1-d1-HOM-UHI-79830456b8-r5,5,DETERMINISTIC_RH,LEXMMFPEA,4,2,lex_phase_2,0.0032651424407958984,0.0010509490966796875,0.001001119613647461,1947.515625
oos_experiment,TK-PB-Drahi_1-d1-HOM-UHI-79830456b8-r5,5,DETERMINISTIC_RH,LEXMMFPEA,4,3,lex_phase_3,0.0026907920837402344,0.0009710788726806641,0.0009319782257080078,1927.3125
oos_experiment,TK-PB-Drahi_1-d1-HOM-UHI-79830456b8-r5,5,DETERMINISTIC_RH,LEXMMFPEA,4,3,lex_phase_3,0.0032651424407958984,0.0010249614715576172,0.00096893310546875,1947.515625
oos_experiment,TK-PB-Drahi_1-d1-HOM-UHI-79830456b8-r5,5,DETERMINISTIC_RH,LEXMMFPEA,4,4,lex_phase_4,0.0026907920837402344,0.001065969467163086,0.0010221004486083984,1927.3125
oos_experiment,TK-PB-Drahi_1-d1-HOM-UHI-79830456b8-r5,5,DETERMINISTIC_RH,LEXMMFPEA,4,4,lex_phase_4,0.0032651424407958984,0.001010894775390625,0.0009620189666748047,1947.515625
oos_experiment,TK-PB-Drahi_1-d1-HOM-UHI-79830456b8-r5,5,DETERMINISTIC_RH,LEXMMFPEA,4,5,lex_phase_5,0.0026907920837402344,0.0009059906005859375,0.0008728504180908203,1927.3125
oos_experiment,TK-PB-Drahi_1-d1-HOM-UHI-79830456b8-r5,5,DETERMINISTIC_RH,LEXMMFPEA,4,5,lex_phase_5,0.0032651424407958984,0.000843048095703125,0.0008070468902587891,1947.515625
oos_experiment,TK-PB-Drahi_1-d1-HOM-UHI-79830456b8-r5,5,DETERMINISTIC_RH,LEXMMFPEA,4,6,economic_tie_break,0.0026907920837402344,0.002928018569946289,0.0028917789459228516,1927.3125
oos_experiment,TK-PB-Drahi_1-d1-HOM-UHI-79830456b8-r5,5,DETERMINISTIC_RH,LEXMMFPEA,4,6,economic_tie_break,0.0032651424407958984,0.0035240650177001953,0.003482818603515625,1947.515625
oos_experiment,TK-PB-Drahi_1-d1-HOM-UHI-79830456b8-r5,5,DETERMINISTIC_RH,LEXMMFPEA,5,1,lex_phase_1,0.002763986587524414,0.004316091537475586,0.002001047134399414,1927.3125
oos_experiment,TK-PB-Drahi_1-d1-HOM-UHI-79830456b8-r5,5,DETERMINISTIC_RH,LEXMMFPEA,5,1,lex_phase_1,0.0032830238342285156,0.0047910213470458984,0.0021338462829589844,1947.515625
oos_experiment,TK-PB-Drahi_1-d1-HOM-UHI-79830456b8-r5,5,DETERMINISTIC_RH,LEXMMFPEA,5,2,lex_phase_2,0.002763986587524414,0.0008549690246582031,0.0008270740509033203,1927.3125
oos_experiment,TK-PB-Drahi_1-d1-HOM-UHI-79830456b8-r5,5,DETERMINISTIC_RH,LEXMMFPEA,5,2,lex_phase_2,0.0032830238342285156,0.0010650157928466797,0.0010209083557128906,1947.515625
oos_experiment,TK-PB-Drahi_1-d1-HOM-UHI-79830456b8-r5,5,DETERMINISTIC_RH,LEXMMFPEA,5,3,lex_phase_3,0.002763986587524414,0.0009279251098632812,0.0009000301361083984,1927.3125
oos_experiment,TK-PB-Drahi_1-d1-HOM-UHI-79830456b8-r5,5,DETERMINISTIC_RH,LEXMMFPEA,5,3,lex_phase_3,0.0032830238342285156,0.0010101795196533203,0.0009639263153076172,1947.515625
oos_experiment,TK-PB-Drahi_1-d1-HOM-UHI-79830456b8-r5,5,DETERMINISTIC_RH,LEXMMFPEA,5,4,lex_phase_4,0.002763986587524414,0.0012722015380859375,0.0012280941009521484,1927.3125
oos_experiment,TK-PB-Drahi_1-d1-HOM-UHI-79830456b8-r5,5,DETERMINISTIC_RH,LEXMMFPEA,5,4,lex_phase_4,0.0032830238342285156,0.001004934310913086,0.0009598731994628906,1947.515625
oos_experiment,TK-PB-Drahi_1-d1-HOM-UHI-79830456b8-r5,5,DETERMINISTIC_RH,LEXMMFPEA,5,5,lex_phase_5,0.002763986587524414,0.0009081363677978516,0.0008718967437744141,1927.3125
oos_experiment,TK-PB-Drahi_1-d1-HOM-UHI-79830456b8-r5,5,DETERMINISTIC_RH,LEXMMFPEA,5,5,lex_phase_5,0.0032830238342285156,0.0008308887481689453,0.0007870197296142578,1947.515625
oos_experiment,TK-PB-Drahi_1-d1-HOM-UHI-79830456b8-r5,5,DETERMINISTIC_RH,LEXMMFPEA,5,6,economic_tie_break,0.002763986587524414,0.0030710697174072266,0.0030279159545898438,1927.3125
oos_experiment,TK-PB-Drahi_1-d1-HOM-UHI-79830456b8-r5,5,DETERMINISTIC_RH,LEXMMFPEA,5,6,economic_tie_break,0.0032830238342285156,0.003095865249633789,0.003056049346923828,1947.515625
oos_experiment,TK-PB-Drahi_1-d1-HOM-UHI-79830456b8-r5,5,DETERMINISTIC_RH,LEXMMFPEA,6,1,lex_phase_1,0.002763986587524414,0.004316091537475586,0.002001047134399414,1927.3125
oos_experiment,TK-PB-Drahi_1-d1-HOM-UHI-79830456b8-r5,5,DETERMINISTIC_RH,LEXMMFPEA,6,1,lex_phase_1,0.0032830238342285156,0.0047910213470458984,0.0021338462829589844,1947.515625
oos_experiment,TK-PB-Drahi_1-d1-HOM-UHI-79830456b8-r5,5,DETERMINISTIC_RH,LEXMMFPEA,6,2,lex_phase_2,0.002763986587524414,0.0008549690246582031,0.0008270740509033203,1927.3125
oos_experiment,TK-PB-Drahi_1-d1-HOM-UHI-79830456b8-r5,5,DETERMINISTIC_RH,LEXMMFPEA,6,2,lex_phase_2,0.0032830238342285156,0.0010650157928466797,0.0010209083557128906,1947.515625
oos_experiment,TK-PB-Drahi_1-d1-HOM-UHI-79830456b8-r5,5,DETERMINISTIC_RH,LEXMMFPEA,6,3,lex_phase_3,0.002763986587524414,0.0009279251098632812,0.0009000301361083984,1927.3125
oos_experiment,TK-PB-Drahi_1-d1-HOM-UHI-79830456b8-r5,5,DETERMINISTIC_RH,LEXMMFPEA,6,3,lex_phase_3,0.0032830238342285156,0.0010101795196533203,0.0009639263153076172,1947.515625
oos_experiment,TK-PB-Drahi_1-d1-HOM-UHI-79830456b8-r5,5,DETERMINISTIC_RH,LEXMMFPEA,6,4,lex_phase_4,0.002763986587524414,0.0012722015380859375,0.0012280941009521484,1927.3125
oos_experiment,TK-PB-Drahi_1-d1-HOM-UHI-79830456b8-r5,5,DETERMINISTIC_RH,LEXMMFPEA,6,4,lex_phase_4,0.0032830238342285156,0.001004934310913086,0.0009598731994628906,1947.515625
oos_experiment,TK-PB-Drahi_1-d1-HOM-UHI-79830456b8-r5,5,DETERMINISTIC_RH,LEXMMFPEA,6,5,lex_phase_5,0.002763986587524414,0.0009081363677978516,0.0008718967437744141,1927.3125
oos_experiment,TK-PB-Drahi_1-d1-HOM-UHI-79830456b8-r5,5,DETERMINISTIC_RH,LEXMMFPEA,6,5,lex_phase_5,0.0032830238342285156,0.0008308887481689453,0.0007870197296142578,1947.515625
oos_experiment,TK-PB-Drahi_1-d1-HOM-UHI-79830456b8-r5,5,DETERMINISTIC_RH,LEXMMFPEA,6,6,economic_tie_break,0.002763986587524414,0.0030710697174072266,0.0030279159545898438,1927.3125
oos_experiment,TK-PB-Drahi_1-d1-HOM-UHI-79830456b8-r5,5,DETERMINISTIC_RH,LEXMMFPEA,6,6,economic_tie_break,0.0032830238342285156,0.003095865249633789,0.003056049346923828,1947.515625
oos_experiment,TK-PB-Drahi_1-d1-HOM-UHI-79830456b8-r5,5,DETERMINISTIC_RH,LEXMMFPEA,7,1,lex_phase_1,0.002763986587524414,0.004316091537475586,0.002001047134399414,1927.3125
oos_experiment,TK-PB-Drahi_1-d1-HOM-UHI-79830456b8-r5,5,DETERMINISTIC_RH,LEXMMFPEA,7,1,lex_phase_1,0.0032830238342285156,0.0047910213470458984,0.0021338462829589844,1947.515625
oos_experiment,TK-PB-Drahi_1-d1-HOM-UHI-79830456b8-r5,5,DETERMINISTIC_RH,LEXMMFPEA,7,2,lex_phase_2,0.002763986587524414,0.0008549690246582031,0.0008270740509033203,1927.3125
oos_experiment,TK-PB-Drahi_1-d1-HOM-UHI-79830456b8-r5,5,DETERMINISTIC_RH,LEXMMFPEA,7,2,lex_phase_2,0.0032830238342285156,0.0010650157928466797,0.0010209083557128906,1947.515625
oos_experiment,TK-PB-Drahi_1-d1-HOM-UHI-79830456b8-r5,5,DETERMINISTIC_RH,LEXMMFPEA,7,3,lex_phase_3,0.002763986587524414,0.0009279251098632812,0.0009000301361083984,1927.3125
oos_experiment,TK-PB-Drahi_1-d1-HOM-UHI-79830456b8-r5,5,DETERMINISTIC_RH,LEXMMFPEA,7,3,lex_phase_3,0.0032830238342285156,0.0010101795196533203,0.0009639263153076172,1947.515625
oos_experiment,TK-PB-Drahi_1-d1-HOM-UHI-79830456b8-r5,5,DETERMINISTIC_RH,LEXMMFPEA,7,4,lex_phase_4,0.002763986587524414,0.0012722015380859375,0.0012280941009521484,1927.3125
oos_experiment,TK-PB-Drahi_1-d1-HOM-UHI-79830456b8-r5,5,DETERMINISTIC_RH,LEXMMFPEA,7,4,lex_phase_4,0.0032830238342285156,0.001004934310913086,0.0009598731994628906,1947.515625
oos_experiment,TK-PB-Drahi_1-d1-HOM-UHI-79830456b8-r5,5,DETERMINISTIC_RH,LEXMMFPEA,7,5,lex_phase_5,0.002763986587524414,0.0009081363677978516,0.0008718967437744141,1927.3125
oos_experiment,TK-PB-Drahi_1-d1-HOM-UHI-79830456b8-r5,5,DETERMINISTIC_RH,LEXMMFPEA,7,5,lex_phase_5,0.0032830238342285156,0.0008308887481689453,0.0007870197296142578,1947.515625
oos_experiment,TK-PB-Drahi_1-d1-HOM-UHI-79830456b8-r5,5,DETERMINISTIC_RH,LEXMMFPEA,7,6,economic_tie_break,0.002763986587524414,0.0030710697174072266,0.0030279159545898438,1927.3125
oos_experiment,TK-PB-Drahi_1-d1-HOM-UHI-79830456b8-r5,5,DETERMINISTIC_RH,LEXMMFPEA,7,6,economic_tie_break,0.0032830238342285156,0.003095865249633789,0.003056049346923828,1947.515625
oos_experiment,TK-PB-Drahi_1-d1-HOM-UHI-79830456b8-r5,5,DETERMINISTIC_RH,LEXMMFPEA,8,1,lex_phase_1,0.002763986587524414,0.004316091537475586,0.002001047134399414,1927.3125
oos_experiment,TK-PB-Drahi_1-d1-HOM-UHI-79830456b8-r5,5,DETERMINISTIC_RH,LEXMMFPEA,8,1,lex_phase_1,0.0032830238342285156,0.0047910213470458984,0.0021338462829589844,1947.515625
oos_experiment,TK-PB-Drahi_1-d1-HOM-UHI-79830456b8-r5,5,DETERMINISTIC_RH,LEXMMFPEA,8,2,lex_phase_2,0.002763986587524414,0.0008549690246582031,0.0008270740509033203,1927.3125
oos_experiment,TK-PB-Drahi_1-d1-HOM-UHI-79830456b8-r5,5,DETERMINISTIC_RH,LEXMMFPEA,8,2,lex_phase_2,0.0032830238342285156,0.0010650157928466797,0.0010209083557128906,1947.515625
oos_experiment,TK-PB-Drahi_1-d1-HOM-UHI-79830456b8-r5,5,DETERMINISTIC_RH,LEXMMFPEA,8,3,lex_phase_3,0.002763986587524414,0.0009279251098632812,0.0009000301361083984,1927.3125
oos_experiment,TK-PB-Drahi_1-d1-HOM-UHI-79830456b8-r5,5,DETERMINISTIC_RH,LEXMMFPEA,8,3,lex_phase_3,0.0032830238342285156,0.0010101795196533203,0.0009639263153076172,1947.515625
oos_experiment,TK-PB-Drahi_1-d1-HOM-UHI-79830456b8-r5,5,DETERMINISTIC_RH,LEXMMFPEA,8,4,lex_phase_4,0.002763986587524414,0.0012722015380859375,0.0012280941009521484,1927.3125
oos_experiment,TK-PB-Drahi_1-d1-HOM-UHI-79830456b8-r5,5,DETERMINISTIC_RH,LEXMMFPEA,8,4,lex_phase_4,0.0032830238342285156,0.001004934310913086,0.0009598731994628906,1947.515625
oos_experiment,TK-PB-Drahi_1-d1-HOM-UHI-79830456b8-r5,5,DETERMINISTIC_RH,LEXMMFPEA,8,5,lex_phase_5,0.002763986587524414,0.0009081363677978516,0.0008718967437744141,1927.3125
oos_experiment,TK-PB-Drahi_1-d1-HOM-UHI-79830456b8-r5,5,DETERMINISTIC_RH,LEXMMFPEA,8,5,lex_phase_5,0.0032830238342285156,0.0008308887481689453,0.0007870197296142578,1947.515625
oos_experiment,TK-PB-Drahi_1-d1-HOM-UHI-79830456b8-r5,5,DETERMINISTIC_RH,LEXMMFPEA,8,6,economic_tie_break,0.002763986587524414,0.0030710697174072266,0.0030279159545898438,1927.3125
oos_experiment,TK-PB-Drahi_1-d1-HOM-UHI-79830456b8-r5,5,DETERMINISTIC_RH,LEXMMFPEA,8,6,economic_tie_break,0.0032830238342285156,0.003095865249633789,0.003056049346923828,1947.515625
oos_experiment,TK-PB-Drahi_1-d1-HOM-UHI-79830456b8-r5,5,DETERMINISTIC_RH,LEXMMFPEA,9,1,lex_phase_1,0.002893209457397461,0.0040891170501708984,0.0018999576568603516,1927.3125
oos_experiment,TK-PB-Drahi_1-d1-HOM-UHI-79830456b8-r5,5,DETERMINISTIC_RH,LEXMMFPEA,9,1,lex_phase_1,0.0030851364135742188,0.004631996154785156,0.0021419525146484375,1947.515625
oos_experiment,TK-PB-Drahi_1-d1-HOM-UHI-79830456b8-r5,5,DETERMINISTIC_RH,LEXMMFPEA,9,2,lex_phase_2,0.002893209457397461,0.0008070468902587891,0.0007789134979248047,1927.3125
oos_experiment,TK-PB-Drahi_1-d1-HOM-UHI-79830456b8-r5,5,DETERMINISTIC_RH,LEXMMFPEA,9,2,lex_phase_2,0.0030851364135742188,0.0010190010070800781,0.0009770393371582031,1947.515625
oos_experiment,TK-PB-Drahi_1-d1-HOM-UHI-79830456b8-r5,5,DETERMINISTIC_RH,LEXMMFPEA,9,3,lex_phase_3,0.002893209457397461,0.0007581710815429688,0.0007309913635253906,1927.3125
oos_experiment,TK-PB-Drahi_1-d1-HOM-UHI-79830456b8-r5,5,DETERMINISTIC_RH,LEXMMFPEA,9,3,lex_phase_3,0.0030851364135742188,0.0009698867797851562,0.0009310245513916016,1947.515625
oos_experiment,TK-PB-Drahi_1-d1-HOM-UHI-79830456b8-r5,5,DETERMINISTIC_RH,LEXMMFPEA,9,4,lex_phase_4,0.002893209457397461,0.0008521080017089844,0.0008249282836914062,1927.3125
oos_experiment,TK-PB-Drahi_1-d1-HOM-UHI-79830456b8-r5,5,DETERMINISTIC_RH,LEXMMFPEA,9,4,lex_phase_4,0.0030851364135742188,0.0009658336639404297,0.00092315673828125,1947.515625
oos_experiment,TK-PB-Drahi_1-d1-HOM-UHI-79830456b8-r5,5,DETERMINISTIC_RH,LEXMMFPEA,9,5,lex_phase_5,0.002893209457397461,0.0009260177612304688,0.0008809566497802734,1927.3125
oos_experiment,TK-PB-Drahi_1-d1-HOM-UHI-79830456b8-r5,5,DETERMINISTIC_RH,LEXMMFPEA,9,5,lex_phase_5,0.0030851364135742188,0.0007979869842529297,0.0007500648498535156,1947.515625
oos_experiment,TK-PB-Drahi_1-d1-HOM-UHI-79830456b8-r5,5,DETERMINISTIC_RH,LEXMMFPEA,9,6,economic_tie_break,0.002893209457397461,0.003052949905395508,0.003013134002685547,1927.3125
oos_experiment,TK-PB-Drahi_1-d1-HOM-UHI-79830456b8-r5,5,DETERMINISTIC_RH,LEXMMFPEA,9,6,economic_tie_break,0.0030851364135742188,0.002962827682495117,0.0029249191284179688,1947.515625
oos_experiment,TK-PB-Drahi_1-d1-HOM-UHI-79830456b8-r5,5,DETERMINISTIC_RH,LEXMMFPEA,10,1,lex_phase_1,0.002893209457397461,0.0040891170501708984,0.0018999576568603516,1927.3125
oos_experiment,TK-PB-Drahi_1-d1-HOM-UHI-79830456b8-r5,5,DETERMINISTIC_RH,LEXMMFPEA,10,1,lex_phase_1,0.0030851364135742188,0.004631996154785156,0.0021419525146484375,1947.515625
oos_experiment,TK-PB-Drahi_1-d1-HOM-UHI-79830456b8-r5,5,DETERMINISTIC_RH,LEXMMFPEA,10,2,lex_phase_2,0.002893209457397461,0.0008070468902587891,0.0007789134979248047,1927.3125
oos_experiment,TK-PB-Drahi_1-d1-HOM-UHI-79830456b8-r5,5,DETERMINISTIC_RH,LEXMMFPEA,10,2,lex_phase_2,0.0030851364135742188,0.0010190010070800781,0.0009770393371582031,1947.515625
oos_experiment,TK-PB-Drahi_1-d1-HOM-UHI-79830456b8-r5,5,DETERMINISTIC_RH,LEXMMFPEA,10,3,lex_phase_3,0.002893209457397461,0.0007581710815429688,0.0007309913635253906,1927.3125
oos_experiment,TK-PB-Drahi_1-d1-HOM-UHI-79830456b8-r5,5,DETERMINISTIC_RH,LEXMMFPEA,10,3,lex_phase_3,0.0030851364135742188,0.0009698867797851562,0.0009310245513916016,1947.515625
oos_experiment,TK-PB-Drahi_1-d1-HOM-UHI-79830456b8-r5,5,DETERMINISTIC_RH,LEXMMFPEA,10,4,lex_phase_4,0.002893209457397461,0.0008521080017089844,0.0008249282836914062,1927.3125
oos_experiment,TK-PB-Drahi_1-d1-HOM-UHI-79830456b8-r5,5,DETERMINISTIC_RH,LEXMMFPEA,10,4,lex_phase_4,0.0030851364135742188,0.0009658336639404297,0.00092315673828125,1947.515625
oos_experiment,TK-PB-Drahi_1-d1-HOM-UHI-79830456b8-r5,5,DETERMINISTIC_RH,LEXMMFPEA,10,5,lex_phase_5,0.002893209457397461,0.0009260177612304688,0.0008809566497802734,1927.3125
oos_experiment,TK-PB-Drahi_1-d1-HOM-UHI-79830456b8-r5,5,DETERMINISTIC_RH,LEXMMFPEA,10,5,lex_phase_5,0.0030851364135742188,0.0007979869842529297,0.0007500648498535156,1947.515625
oos_experiment,TK-PB-Drahi_1-d1-HOM-UHI-79830456b8-r5,5,DETERMINISTIC_RH,LEXMMFPEA,10,6,economic_tie_break,0.002893209457397461,0.003052949905395508,0.003013134002685547,1927.3125
oos_experiment,TK-PB-Drahi_1-d1-HOM-UHI-79830456b8-r5,5,DETERMINISTIC_RH,LEXMMFPEA,10,6,economic_tie_break,0.0030851364135742188,0.002962827682495117,0.0029249191284179688,1947.515625
oos_experiment,TK-PB-Drahi_1-d1-HOM-UHI-79830456b8-r5,5,DETERMINISTIC_RH,LEXMMFPEA,11,1,lex_phase_1,0.002893209457397461,0.0040891170501708984,0.0018999576568603516,1927.3125
oos_experiment,TK-PB-Drahi_1-d1-HOM-UHI-79830456b8-r5,5,DETERMINISTIC_RH,LEXMMFPEA,11,1,lex_phase_1,0.0030851364135742188,0.004631996154785156,0.0021419525146484375,1947.515625
oos_experiment,TK-PB-Drahi_1-d1-HOM-UHI-79830456b8-r5,5,DETERMINISTIC_RH,LEXMMFPEA,11,2,lex_phase_2,0.002893209457397461,0.0008070468902587891,0.0007789134979248047,1927.3125
oos_experiment,TK-PB-Drahi_1-d1-HOM-UHI-79830456b8-r5,5,DETERMINISTIC_RH,LEXMMFPEA,11,2,lex_phase_2,0.0030851364135742188,0.0010190010070800781,0.0009770393371582031,1947.515625
oos_experiment,TK-PB-Drahi_1-d1-HOM-UHI-79830456b8-r5,5,DETERMINISTIC_RH,LEXMMFPEA,11,3,lex_phase_3,0.002893209457397461,0.0007581710815429688,0.0007309913635253906,1927.3125
oos_experiment,TK-PB-Drahi_1-d1-HOM-UHI-79830456b8-r5,5,DETERMINISTIC_RH,LEXMMFPEA,11,3,lex_phase_3,0.0030851364135742188,0.0009698867797851562,0.0009310245513916016,1947.515625
oos_experiment,TK-PB-Drahi_1-d1-HOM-UHI-79830456b8-r5,5,DETERMINISTIC_RH,LEXMMFPEA,11,4,lex_phase_4,0.002893209457397461,0.0008521080017089844,0.0008249282836914062,1927.3125
oos_experiment,TK-PB-Drahi_1-d1-HOM-UHI-79830456b8-r5,5,DETERMINISTIC_RH,LEXMMFPEA,11,4,lex_phase_4,0.0030851364135742188,0.0009658336639404297,0.00092315673828125,1947.515625
oos_experiment,TK-PB-Drahi_1-d1-HOM-UHI-79830456b8-r5,5,DETERMINISTIC_RH,LEXMMFPEA,11,5,lex_phase_5,0.002893209457397461,0.0009260177612304688,0.0008809566497802734,1927.3125
oos_experiment,TK-PB-Drahi_1-d1-HOM-UHI-79830456b8-r5,5,DETERMINISTIC_RH,LEXMMFPEA,11,5,lex_phase_5,0.0030851364135742188,0.0007979869842529297,0.0007500648498535156,1947.515625
oos_experiment,TK-PB-Drahi_1-d1-HOM-UHI-79830456b8-r5,5,DETERMINISTIC_RH,LEXMMFPEA,11,6,economic_tie_break,0.002893209457397461,0.003052949905395508,0.003013134002685547,1927.3125
oos_experiment,TK-PB-Drahi_1-d1-HOM-UHI-79830456b8-r5,5,DETERMINISTIC_RH,LEXMMFPEA,11,6,economic_tie_break,0.0030851364135742188,0.002962827682495117,0.0029249191284179688,1947.515625
oos_experiment,TK-PB-Drahi_1-d1-HOM-UHI-79830456b8-r5,5,DETERMINISTIC_RH,LEXMMFPEA,12,1,lex_phase_1,0.002893209457397461,0.0040891170501708984,0.0018999576568603516,1927.3125
oos_experiment,TK-PB-Drahi_1-d1-HOM-UHI-79830456b8-r5,5,DETERMINISTIC_RH,LEXMMFPEA,12,1,lex_phase_1,0.0030851364135742188,0.004631996154785156,0.0021419525146484375,1947.515625
oos_experiment,TK-PB-Drahi_1-d1-HOM-UHI-79830456b8-r5,5,DETERMINISTIC_RH,LEXMMFPEA,12,2,lex_phase_2,0.002893209457397461,0.0008070468902587891,0.0007789134979248047,1927.3125
oos_experiment,TK-PB-Drahi_1-d1-HOM-UHI-79830456b8-r5,5,DETERMINISTIC_RH,LEXMMFPEA,12,2,lex_phase_2,0.0030851364135742188,0.0010190010070800781,0.0009770393371582031,1947.515625
oos_experiment,TK-PB-Drahi_1-d1-HOM-UHI-79830456b8-r5,5,DETERMINISTIC_RH,LEXMMFPEA,12,3,lex_phase_3,0.002893209457397461,0.0007581710815429688,0.0007309913635253906,1927.3125
oos_experiment,TK-PB-Drahi_1-d1-HOM-UHI-79830456b8-r5,5,DETERMINISTIC_RH,LEXMMFPEA,12,3,lex_phase_3,0.0030851364135742188,0.0009698867797851562,0.0009310245513916016,1947.515625
oos_experiment,TK-PB-Drahi_1-d1-HOM-UHI-79830456b8-r5,5,DETERMINISTIC_RH,LEXMMFPEA,12,4,lex_phase_4,0.002893209457397461,0.0008521080017089844,0.0008249282836914062,1927.3125
oos_experiment,TK-PB-Drahi_1-d1-HOM-UHI-79830456b8-r5,5,DETERMINISTIC_RH,LEXMMFPEA,12,4,lex_phase_4,0.0030851364135742188,0.0009658336639404297,0.00092315673828125,1947.515625
oos_experiment,TK-PB-Drahi_1-d1-HOM-UHI-79830456b8-r5,5,DETERMINISTIC_RH,LEXMMFPEA,12,5,lex_phase_5,0.002893209457397461,0.0009260177612304688,0.0008809566497802734,1927.3125
oos_experiment,TK-PB-Drahi_1-d1-HOM-UHI-79830456b8-r5,5,DETERMINISTIC_RH,LEXMMFPEA,12,5,lex_phase_5,0.0030851364135742188,0.0007979869842529297,0.0007500648498535156,1947.515625
oos_experiment,TK-PB-Drahi_1-d1-HOM-UHI-79830456b8-r5,5,DETERMINISTIC_RH,LEXMMFPEA,12,6,economic_tie_break,0.002893209457397461,0.003052949905395508,0.003013134002685547,1927.3125
oos_experiment,TK-PB-Drahi_1-d1-HOM-UHI-79830456b8-r5,5,DETERMINISTIC_RH,LEXMMFPEA,12,6,economic_tie_break,0.0030851364135742188,0.002962827682495117,0.0029249191284179688,1947.515625
oos_experiment,TK-PB-Drahi_1-d1-HOM-UHI-79830456b8-r5,5,DETERMINISTIC_RH,LEXMMFPEA,13,1,lex_phase_1,0.0031130313873291016,0.005154848098754883,0.0022640228271484375,1927.3125
oos_experiment,TK-PB-Drahi_1-d1-HOM-UHI-79830456b8-r5,5,DETERMINISTIC_RH,LEXMMFPEA,13,1,lex_phase_1,0.003039121627807617,0.004576921463012695,0.0020890235900878906,1947.515625
oos_experiment,TK-PB-Drahi_1-d1-HOM-UHI-79830456b8-r5,5,DETERMINISTIC_RH,LEXMMFPEA,13,2,lex_phase_2,0.0031130313873291016,0.0011920928955078125,0.0011548995971679688,1927.3125
oos_experiment,TK-PB-Drahi_1-d1-HOM-UHI-79830456b8-r5,5,DETERMINISTIC_RH,LEXMMFPEA,13,2,lex_phase_2,0.003039121627807617,0.0009710788726806641,0.0009279251098632812,1947.515625
oos_experiment,TK-PB-Drahi_1-d1-HOM-UHI-79830456b8-r5,5,DETERMINISTIC_RH,LEXMMFPEA,13,3,lex_phase_3,0.0031130313873291016,0.0008339881896972656,0.0008070468902587891,1927.3125
oos_experiment,TK-PB-Drahi_1-d1-HOM-UHI-79830456b8-r5,5,DETERMINISTIC_RH,LEXMMFPEA,13,3,lex_phase_3,0.003039121627807617,0.0009291172027587891,0.000888824462890625,1947.515625
oos_experiment,TK-PB-Drahi_1-d1-HOM-UHI-79830456b8-r5,5,DETERMINISTIC_RH,LEXMMFPEA,13,4,lex_phase_4,0.0031130313873291016,0.0009098052978515625,0.0008730888366699219,1927.3125
oos_experiment,TK-PB-Drahi_1-d1-HOM-UHI-79830456b8-r5,5,DETERMINISTIC_RH,LEXMMFPEA,13,4,lex_phase_4,0.003039121627807617,0.0008139610290527344,0.000782012939453125,1947.515625
oos_experiment,TK-PB-Drahi_1-d1-HOM-UHI-79830456b8-r5,5,DETERMINISTIC_RH,LEXMMFPEA,13,5,lex_phase_5,0.0031130313873291016,0.0008101463317871094,0.0007789134979248047,1927.3125
oos_experiment,TK-PB-Drahi_1-d1-HOM-UHI-79830456b8-r5,5,DETERMINISTIC_RH,LEXMMFPEA,13,5,lex_phase_5,0.003039121627807617,0.0007739067077636719,0.0007390975952148438,1947.515625
oos_experiment,TK-PB-Drahi_1-d1-HOM-UHI-79830456b8-r5,5,DETERMINISTIC_RH,LEXMMFPEA,13,6,economic_tie_break,0.0031130313873291016,0.0026788711547851562,0.002647876739501953,1927.3125
oos_experiment,TK-PB-Drahi_1-d1-HOM-UHI-79830456b8-r5,5,DETERMINISTIC_RH,LEXMMFPEA,13,6,economic_tie_break,0.003039121627807617,0.002626180648803711,0.0025870800018310547,1947.515625
oos_experiment,TK-PB-Drahi_1-d1-HOM-UHI-79830456b8-r5,5,DETERMINISTIC_RH,LEXMMFPEA,14,1,lex_phase_1,0.0031130313873291016,0.005154848098754883,0.0022640228271484375,1927.3125
oos_experiment,TK-PB-Drahi_1-d1-HOM-UHI-79830456b8-r5,5,DETERMINISTIC_RH,LEXMMFPEA,14,1,lex_phase_1,0.003039121627807617,0.004576921463012695,0.0020890235900878906,1947.515625
oos_experiment,TK-PB-Drahi_1-d1-HOM-UHI-79830456b8-r5,5,DETERMINISTIC_RH,LEXMMFPEA,14,2,lex_phase_2,0.0031130313873291016,0.0011920928955078125,0.0011548995971679688,1927.3125
oos_experiment,TK-PB-Drahi_1-d1-HOM-UHI-79830456b8-r5,5,DETERMINISTIC_RH,LEXMMFPEA,14,2,lex_phase_2,0.003039121627807617,0.0009710788726806641,0.0009279251098632812,1947.515625
oos_experiment,TK-PB-Drahi_1-d1-HOM-UHI-79830456b8-r5,5,DETERMINISTIC_RH,LEXMMFPEA,14,3,lex_phase_3,0.0031130313873291016,0.0008339881896972656,0.0008070468902587891,1927.3125
oos_experiment,TK-PB-Drahi_1-d1-HOM-UHI-79830456b8-r5,5,DETERMINISTIC_RH,LEXMMFPEA,14,3,lex_phase_3,0.003039121627807617,0.0009291172027587891,0.000888824462890625,1947.515625
oos_experiment,TK-PB-Drahi_1-d1-HOM-UHI-79830456b8-r5,5,DETERMINISTIC_RH,LEXMMFPEA,14,4,lex_phase_4,0.0031130313873291016,0.0009098052978515625,0.0008730888366699219,1927.3125
oos_experiment,TK-PB-Drahi_1-d1-HOM-UHI-79830456b8-r5,5,DETERMINISTIC_RH,LEXMMFPEA,14,4,lex_phase_4,0.003039121627807617,0.0008139610290527344,0.000782012939453125,1947.515625
oos_experiment,TK-PB-Drahi_1-d1-HOM-UHI-79830456b8-r5,5,DETERMINISTIC_RH,LEXMMFPEA,14,5,lex_phase_5,0.0031130313873291016,0.0008101463317871094,0.0007789134979248047,1927.3125
oos_experiment,TK-PB-Drahi_1-d1-HOM-UHI-79830456b8-r5,5,DETERMINISTIC_RH,LEXMMFPEA,14,5,lex_phase_5,0.003039121627807617,0.0007739067077636719,0.0007390975952148438,1947.515625
oos_experiment,TK-PB-Drahi_1-d1-HOM-UHI-79830456b8-r5,5,DETERMINISTIC_RH,LEXMMFPEA,14,6,economic_tie_break,0.0031130313873291016,0.0026788711547851562,0.002647876739501953,1927.3125
oos_experiment,TK-PB-Drahi_1-d1-HOM-UHI-79830456b8-r5,5,DETERMINISTIC_RH,LEXMMFPEA,14,6,economic_tie_break,0.003039121627807617,0.002626180648803711,0.0025870800018310547,1947.515625
oos_experiment,TK-PB-Drahi_1-d1-HOM-UHI-79830456b8-r5,5,DETERMINISTIC_RH,LEXMMFPEA,15,1,lex_phase_1,0.0031130313873291016,0.005154848098754883,0.0022640228271484375,1927.3125
oos_experiment,TK-PB-Drahi_1-d1-HOM-UHI-79830456b8-r5,5,DETERMINISTIC_RH,LEXMMFPEA,15,1,lex_phase_1,0.003039121627807617,0.004576921463012695,0.0020890235900878906,1947.515625
oos_experiment,TK-PB-Drahi_1-d1-HOM-UHI-79830456b8-r5,5,DETERMINISTIC_RH,LEXMMFPEA,15,2,lex_phase_2,0.0031130313873291016,0.0011920928955078125,0.0011548995971679688,1927.3125
oos_experiment,TK-PB-Drahi_1-d1-HOM-UHI-79830456b8-r5,5,DETERMINISTIC_RH,LEXMMFPEA,15,2,lex_phase_2,0.003039121627807617,0.0009710788726806641,0.0009279251098632812,1947.515625
oos_experiment,TK-PB-Drahi_1-d1-HOM-UHI-79830456b8-r5,5,DETERMINISTIC_RH,LEXMMFPEA,15,3,lex_phase_3,0.0031130313873291016,0.0008339881896972656,0.0008070468902587891,1927.3125
oos_experiment,TK-PB-Drahi_1-d1-HOM-UHI-79830456b8-r5,5,DETERMINISTIC_RH,LEXMMFPEA,15,3,lex_phase_3,0.003039121627807617,0.0009291172027587891,0.000888824462890625,1947.515625
oos_experiment,TK-PB-Drahi_1-d1-HOM-UHI-79830456b8-r5,5,DETERMINISTIC_RH,LEXMMFPEA,15,4,lex_phase_4,0.0031130313873291016,0.0009098052978515625,0.0008730888366699219,1927.3125
oos_experiment,TK-PB-Drahi_1-d1-HOM-UHI-79830456b8-r5,5,DETERMINISTIC_RH,LEXMMFPEA,15,4,lex_phase_4,0.003039121627807617,0.0008139610290527344,0.000782012939453125,1947.515625
oos_experiment,TK-PB-Drahi_1-d1-HOM-UHI-79830456b8-r5,5,DETERMINISTIC_RH,LEXMMFPEA,15,5,lex_phase_5,0.0031130313873291016,0.0008101463317871094,0.0007789134979248047,1927.3125
oos_experiment,TK-PB-Drahi_1-d1-HOM-UHI-79830456b8-r5,5,DETERMINISTIC_RH,LEXMMFPEA,15,5,lex_phase_5,0.003039121627807617,0.0007739067077636719,0.0007390975952148438,1947.515625
oos_experiment,TK-PB-Drahi_1-d1-HOM-UHI-79830456b8-r5,5,DETERMINISTIC_RH,LEXMMFPEA,15,6,economic_tie_break,0.0031130313873291016,0.0026788711547851562,0.002647876739501953,1927.3125
oos_experiment,TK-PB-Drahi_1-d1-HOM-UHI-79830456b8-r5,5,DETERMINISTIC_RH,LEXMMFPEA,15,6,economic_tie_break,0.003039121627807617,0.002626180648803711,0.0025870800018310547,1947.515625
oos_experiment,TK-PB-Drahi_1-d1-HOM-UHI-79830456b8-r5,5,DETERMINISTIC_RH,LEXMMFPEA,16,1,lex_phase_1,0.0031130313873291016,0.005154848098754883,0.0022640228271484375,1927.3125
oos_experiment,TK-PB-Drahi_1-d1-HOM-UHI-79830456b8-r5,5,DETERMINISTIC_RH,LEXMMFPEA,16,1,lex_phase_1,0.003039121627807617,0.004576921463012695,0.0020890235900878906,1947.515625
oos_experiment,TK-PB-Drahi_1-d1-HOM-UHI-79830456b8-r5,5,DETERMINISTIC_RH,LEXMMFPEA,16,2,lex_phase_2,0.0031130313873291016,0.0011920928955078125,0.0011548995971679688,1927.3125
oos_experiment,TK-PB-Drahi_1-d1-HOM-UHI-79830456b8-r5,5,DETERMINISTIC_RH,LEXMMFPEA,16,2,lex_phase_2,0.003039121627807617,0.0009710788726806641,0.0009279251098632812,1947.515625
oos_experiment,TK-PB-Drahi_1-d1-HOM-UHI-79830456b8-r5,5,DETERMINISTIC_RH,LEXMMFPEA,16,3,lex_phase_3,0.0031130313873291016,0.0008339881896972656,0.0008070468902587891,1927.3125
oos_experiment,TK-PB-Drahi_1-d1-HOM-UHI-79830456b8-r5,5,DETERMINISTIC_RH,LEXMMFPEA,16,3,lex_phase_3,0.003039121627807617,0.0009291172027587891,0.000888824462890625,1947.515625
oos_experiment,TK-PB-Drahi_1-d1-HOM-UHI-79830456b8-r5,5,DETERMINISTIC_RH,LEXMMFPEA,16,4,lex_phase_4,0.0031130313873291016,0.0009098052978515625,0.0008730888366699219,1927.3125
oos_experiment,TK-PB-Drahi_1-d1-HOM-UHI-79830456b8-r5,5,DETERMINISTIC_RH,LEXMMFPEA,16,4,lex_phase_4,0.003039121627807617,0.0008139610290527344,0.000782012939453125,1947.515625
oos_experiment,TK-PB-Drahi_1-d1-HOM-UHI-79830456b8-r5,5,DETERMINISTIC_RH,LEXMMFPEA,16,5,lex_phase_5,0.0031130313873291016,0.0008101463317871094,0.0007789134979248047,1927.3125
oos_experiment,TK-PB-Drahi_1-d1-HOM-UHI-79830456b8-r5,5,DETERMINISTIC_RH,LEXMMFPEA,16,5,lex_phase_5,0.003039121627807617,0.0007739067077636719,0.0007390975952148438,1947.515625
oos_experiment,TK-PB-Drahi_1-d1-HOM-UHI-79830456b8-r5,5,DETERMINISTIC_RH,LEXMMFPEA,16,6,economic_tie_break,0.0031130313873291016,0.0026788711547851562,0.002647876739501953,1927.3125
oos_experiment,TK-PB-Drahi_1-d1-HOM-UHI-79830456b8-r5,5,DETERMINISTIC_RH,LEXMMFPEA,16,6,economic_tie_break,0.003039121627807617,0.002626180648803711,0.0025870800018310547,1947.515625
oos_experiment,TK-PB-Drahi_1-d1-HOM-UHI-79830456b8-r5,5,DETERMINISTIC_RH,LEXMMFPEA,17,1,lex_phase_1,0.0026509761810302734,0.004371166229248047,0.0020079612731933594,1927.3125
oos_experiment,TK-PB-Drahi_1-d1-HOM-UHI-79830456b8-r5,5,DETERMINISTIC_RH,LEXMMFPEA,17,1,lex_phase_1,0.003053903579711914,0.00462794303894043,0.0021390914916992188,1947.515625
oos_experiment,TK-PB-Drahi_1-d1-HOM-UHI-79830456b8-r5,5,DETERMINISTIC_RH,LEXMMFPEA,17,2,lex_phase_2,0.0026509761810302734,0.0008509159088134766,0.0008189678192138672,1927.3125
oos_experiment,TK-PB-Drahi_1-d1-HOM-UHI-79830456b8-r5,5,DETERMINISTIC_RH,LEXMMFPEA,17,2,lex_phase_2,0.003053903579711914,0.0008718967437744141,0.0008370876312255859,1947.515625
oos_experiment,TK-PB-Drahi_1-d1-HOM-UHI-79830456b8-r5,5,DETERMINISTIC_RH,LEXMMFPEA,17,3,lex_phase_3,0.0026509761810302734,0.0008730888366699219,0.0008418560028076172,1927.3125
oos_experiment,TK-PB-Drahi_1-d1-HOM-UHI-79830456b8-r5,5,DETERMINISTIC_RH,LEXMMFPEA,17,3,lex_phase_3,0.003053903579711914,0.0009169578552246094,0.0008730888366699219,1947.515625
oos_experiment,TK-PB-Drahi_1-d1-HOM-UHI-79830456b8-r5,5,DETERMINISTIC_RH,LEXMMFPEA,17,4,lex_phase_4,0.0026509761810302734,0.0007970333099365234,0.0007700920104980469,1927.3125
oos_experiment,TK-PB-Drahi_1-d1-HOM-UHI-79830456b8-r5,5,DETERMINISTIC_RH,LEXMMFPEA,17,4,lex_phase_4,0.003053903579711914,0.0008559226989746094,0.0008218288421630859,1947.515625
oos_experiment,TK-PB-Drahi_1-d1-HOM-UHI-79830456b8-r5,5,DETERMINISTIC_RH,LEXMMFPEA,17,5,lex_phase_5,0.0026509761810302734,0.0008111000061035156,0.0007798671722412109,1927.3125
oos_experiment,TK-PB-Drahi_1-d1-HOM-UHI-79830456b8-r5,5,DETERMINISTIC_RH,LEXMMFPEA,17,5,lex_phase_5,0.003053903579711914,0.0008559226989746094,0.0008168220520019531,1947.515625
oos_experiment,TK-PB-Drahi_1-d1-HOM-UHI-79830456b8-r5,5,DETERMINISTIC_RH,LEXMMFPEA,17,6,economic_tie_break,0.0026509761810302734,0.0023860931396484375,0.0023589134216308594,1927.3125
oos_experiment,TK-PB-Drahi_1-d1-HOM-UHI-79830456b8-r5,5,DETERMINISTIC_RH,LEXMMFPEA,17,6,economic_tie_break,0.003053903579711914,0.002604961395263672,0.0025658607482910156,1947.515625
oos_experiment,TK-PB-Drahi_1-d1-HOM-UHI-79830456b8-r5,5,DETERMINISTIC_RH,LEXMMFPEA,18,1,lex_phase_1,0.0026509761810302734,0.004371166229248047,0.0020079612731933594,1927.3125
oos_experiment,TK-PB-Drahi_1-d1-HOM-UHI-79830456b8-r5,5,DETERMINISTIC_RH,LEXMMFPEA,18,1,lex_phase_1,0.003053903579711914,0.00462794303894043,0.0021390914916992188,1947.515625
oos_experiment,TK-PB-Drahi_1-d1-HOM-UHI-79830456b8-r5,5,DETERMINISTIC_RH,LEXMMFPEA,18,2,lex_phase_2,0.0026509761810302734,0.0008509159088134766,0.0008189678192138672,1927.3125
oos_experiment,TK-PB-Drahi_1-d1-HOM-UHI-79830456b8-r5,5,DETERMINISTIC_RH,LEXMMFPEA,18,2,lex_phase_2,0.003053903579711914,0.0008718967437744141,0.0008370876312255859,1947.515625
oos_experiment,TK-PB-Drahi_1-d1-HOM-UHI-79830456b8-r5,5,DETERMINISTIC_RH,LEXMMFPEA,18,3,lex_phase_3,0.0026509761810302734,0.0008730888366699219,0.0008418560028076172,1927.3125
oos_experiment,TK-PB-Drahi_1-d1-HOM-UHI-79830456b8-r5,5,DETERMINISTIC_RH,LEXMMFPEA,18,3,lex_phase_3,0.003053903579711914,0.0009169578552246094,0.0008730888366699219,1947.515625
oos_experiment,TK-PB-Drahi_1-d1-HOM-UHI-79830456b8-r5,5,DETERMINISTIC_RH,LEXMMFPEA,18,4,lex_phase_4,0.0026509761810302734,0.0007970333099365234,0.0007700920104980469,1927.3125
oos_experiment,TK-PB-Drahi_1-d1-HOM-UHI-79830456b8-r5,5,DETERMINISTIC_RH,LEXMMFPEA,18,4,lex_phase_4,0.003053903579711914,0.0008559226989746094,0.0008218288421630859,1947.515625
oos_experiment,TK-PB-Drahi_1-d1-HOM-UHI-79830456b8-r5,5,DETERMINISTIC_RH,LEXMMFPEA,18,5,lex_phase_5,0.0026509761810302734,0.0008111000061035156,0.0007798671722412109,1927.3125
oos_experiment,TK-PB-Drahi_1-d1-HOM-UHI-79830456b8-r5,5,DETERMINISTIC_RH,LEXMMFPEA,18,5,lex_phase_5,0.003053903579711914,0.0008559226989746094,0.0008168220520019531,1947.515625
oos_experiment,TK-PB-Drahi_1-d1-HOM-UHI-79830456b8-r5,5,DETERMINISTIC_RH,LEXMMFPEA,18,6,economic_tie_break,0.0026509761810302734,0.0023860931396484375,0.0023589134216308594,1927.3125
oos_experiment,TK-PB-Drahi_1-d1-HOM-UHI-79830456b8-r5,5,DETERMINISTIC_RH,LEXMMFPEA,18,6,economic_tie_break,0.003053903579711914,0.002604961395263672,0.0025658607482910156,1947.515625
oos_experiment,TK-PB-Drahi_1-d1-HOM-UHI-79830456b8-r5,5,DETERMINISTIC_RH,LEXMMFPEA,19,1,lex_phase_1,0.0026509761810302734,0.004371166229248047,0.0020079612731933594,1927.3125
oos_experiment,TK-PB-Drahi_1-d1-HOM-UHI-79830456b8-r5,5,DETERMINISTIC_RH,LEXMMFPEA,19,1,lex_phase_1,0.003053903579711914,0.00462794303894043,0.0021390914916992188,1947.515625
oos_experiment,TK-PB-Drahi_1-d1-HOM-UHI-79830456b8-r5,5,DETERMINISTIC_RH,LEXMMFPEA,19,2,lex_phase_2,0.0026509761810302734,0.0008509159088134766,0.0008189678192138672,1927.3125
oos_experiment,TK-PB-Drahi_1-d1-HOM-UHI-79830456b8-r5,5,DETERMINISTIC_RH,LEXMMFPEA,19,2,lex_phase_2,0.003053903579711914,0.0008718967437744141,0.0008370876312255859,1947.515625
oos_experiment,TK-PB-Drahi_1-d1-HOM-UHI-79830456b8-r5,5,DETERMINISTIC_RH,LEXMMFPEA,19,3,lex_phase_3,0.0026509761810302734,0.0008730888366699219,0.0008418560028076172,1927.3125
oos_experiment,TK-PB-Drahi_1-d1-HOM-UHI-79830456b8-r5,5,DETERMINISTIC_RH,LEXMMFPEA,19,3,lex_phase_3,0.003053903579711914,0.0009169578552246094,0.0008730888366699219,1947.515625
oos_experiment,TK-PB-Drahi_1-d1-HOM-UHI-79830456b8-r5,5,DETERMINISTIC_RH,LEXMMFPEA,19,4,lex_phase_4,0.0026509761810302734,0.0007970333099365234,0.0007700920104980469,1927.3125
oos_experiment,TK-PB-Drahi_1-d1-HOM-UHI-79830456b8-r5,5,DETERMINISTIC_RH,LEXMMFPEA,19,4,lex_phase_4,0.003053903579711914,0.0008559226989746094,0.0008218288421630859,1947.515625
oos_experiment,TK-PB-Drahi_1-d1-HOM-UHI-79830456b8-r5,5,DETERMINISTIC_RH,LEXMMFPEA,19,5,lex_phase_5,0.0026509761810302734,0.0008111000061035156,0.0007798671722412109,1927.3125
oos_experiment,TK-PB-Drahi_1-d1-HOM-UHI-79830456b8-r5,5,DETERMINISTIC_RH,LEXMMFPEA,19,5,lex_phase_5,0.003053903579711914,0.0008559226989746094,0.0008168220520019531,1947.515625
oos_experiment,TK-PB-Drahi_1-d1-HOM-UHI-79830456b8-r5,5,DETERMINISTIC_RH,LEXMMFPEA,19,6,economic_tie_break,0.0026509761810302734,0.0023860931396484375,0.0023589134216308594,1927.3125
oos_experiment,TK-PB-Drahi_1-d1-HOM-UHI-79830456b8-r5,5,DETERMINISTIC_RH,LEXMMFPEA,19,6,economic_tie_break,0.003053903579711914,0.002604961395263672,0.0025658607482910156,1947.515625
oos_experiment,TK-PB-Drahi_1-d1-HOM-UHI-79830456b8-r5,5,DETERMINISTIC_RH,LEXMMFPEA,20,1,lex_phase_1,0.0026509761810302734,0.004371166229248047,0.0020079612731933594,1927.3125
oos_experiment,TK-PB-Drahi_1-d1-HOM-UHI-79830456b8-r5,5,DETERMINISTIC_RH,LEXMMFPEA,20,1,lex_phase_1,0.003053903579711914,0.00462794303894043,0.0021390914916992188,1947.515625
oos_experiment,TK-PB-Drahi_1-d1-HOM-UHI-79830456b8-r5,5,DETERMINISTIC_RH,LEXMMFPEA,20,2,lex_phase_2,0.0026509761810302734,0.0008509159088134766,0.0008189678192138672,1927.3125
oos_experiment,TK-PB-Drahi_1-d1-HOM-UHI-79830456b8-r5,5,DETERMINISTIC_RH,LEXMMFPEA,20,2,lex_phase_2,0.003053903579711914,0.0008718967437744141,0.0008370876312255859,1947.515625
oos_experiment,TK-PB-Drahi_1-d1-HOM-UHI-79830456b8-r5,5,DETERMINISTIC_RH,LEXMMFPEA,20,3,lex_phase_3,0.0026509761810302734,0.0008730888366699219,0.0008418560028076172,1927.3125
oos_experiment,TK-PB-Drahi_1-d1-HOM-UHI-79830456b8-r5,5,DETERMINISTIC_RH,LEXMMFPEA,20,3,lex_phase_3,0.003053903579711914,0.0009169578552246094,0.0008730888366699219,1947.515625
oos_experiment,TK-PB-Drahi_1-d1-HOM-UHI-79830456b8-r5,5,DETERMINISTIC_RH,LEXMMFPEA,20,4,lex_phase_4,0.0026509761810302734,0.0007970333099365234,0.0007700920104980469,1927.3125
oos_experiment,TK-PB-Drahi_1-d1-HOM-UHI-79830456b8-r5,5,DETERMINISTIC_RH,LEXMMFPEA,20,4,lex_phase_4,0.003053903579711914,0.0008559226989746094,0.0008218288421630859,1947.515625
oos_experiment,TK-PB-Drahi_1-d1-HOM-UHI-79830456b8-r5,5,DETERMINISTIC_RH,LEXMMFPEA,20,5,lex_phase_5,0.0026509761810302734,0.0008111000061035156,0.0007798671722412109,1927.3125
oos_experiment,TK-PB-Drahi_1-d1-HOM-UHI-79830456b8-r5,5,DETERMINISTIC_RH,LEXMMFPEA,20,5,lex_phase_5,0.003053903579711914,0.0008559226989746094,0.0008168220520019531,1947.515625
oos_experiment,TK-PB-Drahi_1-d1-HOM-UHI-79830456b8-r5,5,DETERMINISTIC_RH,LEXMMFPEA,20,6,economic_tie_break,0.0026509761810302734,0.0023860931396484375,0.0023589134216308594,1927.3125
oos_experiment,TK-PB-Drahi_1-d1-HOM-UHI-79830456b8-r5,5,DETERMINISTIC_RH,LEXMMFPEA,20,6,economic_tie_break,0.003053903579711914,0.002604961395263672,0.0025658607482910156,1947.515625
oos_experiment,TK-PB-Drahi_1-d1-HOM-UHI-79830456b8-r5,5,DETERMINISTIC_RH,LEXMMFPEA,21,1,lex_phase_1,0.002889871597290039,0.004423856735229492,0.001920938491821289,1927.3125
oos_experiment,TK-PB-Drahi_1-d1-HOM-UHI-79830456b8-r5,5,DETERMINISTIC_RH,LEXMMFPEA,21,1,lex_phase_1,0.0029730796813964844,0.004410982131958008,0.0019979476928710938,1947.515625
oos_experiment,TK-PB-Drahi_1-d1-HOM-UHI-79830456b8-r5,5,DETERMINISTIC_RH,LEXMMFPEA,21,2,lex_phase_2,0.002889871597290039,0.0009779930114746094,0.0009400844573974609,1927.3125
oos_experiment,TK-PB-Drahi_1-d1-HOM-UHI-79830456b8-r5,5,DETERMINISTIC_RH,LEXMMFPEA,21,2,lex_phase_2,0.0029730796813964844,0.000982046127319336,0.0009348392486572266,1947.515625
oos_experiment,TK-PB-Drahi_1-d1-HOM-UHI-79830456b8-r5,5,DETERMINISTIC_RH,LEXMMFPEA,21,3,lex_phase_3,0.002889871597290039,0.0008409023284912109,0.000804901123046875,1927.3125
oos_experiment,TK-PB-Drahi_1-d1-HOM-UHI-79830456b8-r5,5,DETERMINISTIC_RH,LEXMMFPEA,21,3,lex_phase_3,0.0029730796813964844,0.0009379386901855469,0.0008962154388427734,1947.515625
oos_experiment,TK-PB-Drahi_1-d1-HOM-UHI-79830456b8-r5,5,DETERMINISTIC_RH,LEXMMFPEA,21,4,lex_phase_4,0.002889871597290039,0.0007920265197753906,0.0007641315460205078,1927.3125
oos_experiment,TK-PB-Drahi_1-d1-HOM-UHI-79830456b8-r5,5,DETERMINISTIC_RH,LEXMMFPEA,21,4,lex_phase_4,0.0029730796813964844,0.0009331703186035156,0.0008940696716308594,1947.515625
oos_experiment,TK-PB-Drahi_1-d1-HOM-UHI-79830456b8-r5,5,DETERMINISTIC_RH,LEXMMFPEA,21,5,lex_phase_5,0.002889871597290039,0.0007910728454589844,0.0007569789886474609,1927.3125
oos_experiment,TK-PB-Drahi_1-d1-HOM-UHI-79830456b8-r5,5,DETERMINISTIC_RH,LEXMMFPEA,21,5,lex_phase_5,0.0029730796813964844,0.0008080005645751953,0.0007750988006591797,1947.515625
oos_experiment,TK-PB-Drahi_1-d1-HOM-UHI-79830456b8-r5,5,DETERMINISTIC_RH,LEXMMFPEA,21,6,economic_tie_break,0.002889871597290039,0.0027191638946533203,0.002682924270629883,1927.3125
oos_experiment,TK-PB-Drahi_1-d1-HOM-UHI-79830456b8-r5,5,DETERMINISTIC_RH,LEXMMFPEA,21,6,economic_tie_break,0.0029730796813964844,0.0026319026947021484,0.0025959014892578125,1947.515625
oos_experiment,TK-PB-Drahi_1-d1-HOM-UHI-79830456b8-r5,5,DETERMINISTIC_RH,LEXMMFPEA,22,1,lex_phase_1,0.002889871597290039,0.004423856735229492,0.001920938491821289,1927.3125
oos_experiment,TK-PB-Drahi_1-d1-HOM-UHI-79830456b8-r5,5,DETERMINISTIC_RH,LEXMMFPEA,22,1,lex_phase_1,0.0029730796813964844,0.004410982131958008,0.0019979476928710938,1947.515625
oos_experiment,TK-PB-Drahi_1-d1-HOM-UHI-79830456b8-r5,5,DETERMINISTIC_RH,LEXMMFPEA,22,2,lex_phase_2,0.002889871597290039,0.0009779930114746094,0.0009400844573974609,1927.3125
oos_experiment,TK-PB-Drahi_1-d1-HOM-UHI-79830456b8-r5,5,DETERMINISTIC_RH,LEXMMFPEA,22,2,lex_phase_2,0.0029730796813964844,0.000982046127319336,0.0009348392486572266,1947.515625
oos_experiment,TK-PB-Drahi_1-d1-HOM-UHI-79830456b8-r5,5,DETERMINISTIC_RH,LEXMMFPEA,22,3,lex_phase_3,0.002889871597290039,0.0008409023284912109,0.000804901123046875,1927.3125
oos_experiment,TK-PB-Drahi_1-d1-HOM-UHI-79830456b8-r5,5,DETERMINISTIC_RH,LEXMMFPEA,22,3,lex_phase_3,0.0029730796813964844,0.0009379386901855469,0.0008962154388427734,1947.515625
oos_experiment,TK-PB-Drahi_1-d1-HOM-UHI-79830456b8-r5,5,DETERMINISTIC_RH,LEXMMFPEA,22,4,lex_phase_4,0.002889871597290039,0.0007920265197753906,0.0007641315460205078,1927.3125
oos_experiment,TK-PB-Drahi_1-d1-HOM-UHI-79830456b8-r5,5,DETERMINISTIC_RH,LEXMMFPEA,22,4,lex_phase_4,0.0029730796813964844,0.0009331703186035156,0.0008940696716308594,1947.515625
oos_experiment,TK-PB-Drahi_1-d1-HOM-UHI-79830456b8-r5,5,DETERMINISTIC_RH,LEXMMFPEA,22,5,lex_phase_5,0.002889871597290039,0.0007910728454589844,0.0007569789886474609,1927.3125
oos_experiment,TK-PB-Drahi_1-d1-HOM-UHI-79830456b8-r5,5,DETERMINISTIC_RH,LEXMMFPEA,22,5,lex_phase_5,0.0029730796813964844,0.0008080005645751953,0.0007750988006591797,1947.515625
oos_experiment,TK-PB-Drahi_1-d1-HOM-UHI-79830456b8-r5,5,DETERMINISTIC_RH,LEXMMFPEA,22,6,economic_tie_break,0.002889871597290039,0.0027191638946533203,0.002682924270629883,1927.3125
oos_experiment,TK-PB-Drahi_1-d1-HOM-UHI-79830456b8-r5,5,DETERMINISTIC_RH,LEXMMFPEA,22,6,economic_tie_break,0.0029730796813964844,0.0026319026947021484,0.0025959014892578125,1947.515625
oos_experiment,TK-PB-Drahi_1-d1-HOM-UHI-79830456b8-r5,5,DETERMINISTIC_RH,LEXMMFPEA,23,1,lex_phase_1,0.002889871597290039,0.004423856735229492,0.001920938491821289,1927.3125
oos_experiment,TK-PB-Drahi_1-d1-HOM-UHI-79830456b8-r5,5,DETERMINISTIC_RH,LEXMMFPEA,23,1,lex_phase_1,0.0029730796813964844,0.004410982131958008,0.0019979476928710938,1947.515625
oos_experiment,TK-PB-Drahi_1-d1-HOM-UHI-79830456b8-r5,5,DETERMINISTIC_RH,LEXMMFPEA,23,2,lex_phase_2,0.002889871597290039,0.0009779930114746094,0.0009400844573974609,1927.3125
oos_experiment,TK-PB-Drahi_1-d1-HOM-UHI-79830456b8-r5,5,DETERMINISTIC_RH,LEXMMFPEA,23,2,lex_phase_2,0.0029730796813964844,0.000982046127319336,0.0009348392486572266,1947.515625
oos_experiment,TK-PB-Drahi_1-d1-HOM-UHI-79830456b8-r5,5,DETERMINISTIC_RH,LEXMMFPEA,23,3,lex_phase_3,0.002889871597290039,0.0008409023284912109,0.000804901123046875,1927.3125
oos_experiment,TK-PB-Drahi_1-d1-HOM-UHI-79830456b8-r5,5,DETERMINISTIC_RH,LEXMMFPEA,23,3,lex_phase_3,0.0029730796813964844,0.0009379386901855469,0.0008962154388427734,1947.515625
oos_experiment,TK-PB-Drahi_1-d1-HOM-UHI-79830456b8-r5,5,DETERMINISTIC_RH,LEXMMFPEA,23,4,lex_phase_4,0.002889871597290039,0.0007920265197753906,0.0007641315460205078,1927.3125
oos_experiment,TK-PB-Drahi_1-d1-HOM-UHI-79830456b8-r5,5,DETERMINISTIC_RH,LEXMMFPEA,23,4,lex_phase_4,0.0029730796813964844,0.0009331703186035156,0.0008940696716308594,1947.515625
oos_experiment,TK-PB-Drahi_1-d1-HOM-UHI-79830456b8-r5,5,DETERMINISTIC_RH,LEXMMFPEA,23,5,lex_phase_5,0.002889871597290039,0.0007910728454589844,0.0007569789886474609,1927.3125
oos_experiment,TK-PB-Drahi_1-d1-HOM-UHI-79830456b8-r5,5,DETERMINISTIC_RH,LEXMMFPEA,23,5,lex_phase_5,0.0029730796813964844,0.0008080005645751953,0.0007750988006591797,1947.515625
oos_experiment,TK-PB-Drahi_1-d1-HOM-UHI-79830456b8-r5,5,DETERMINISTIC_RH,LEXMMFPEA,23,6,economic_tie_break,0.002889871597290039,0.0027191638946533203,0.002682924270629883,1927.3125
oos_experiment,TK-PB-Drahi_1-d1-HOM-UHI-79830456b8-r5,5,DETERMINISTIC_RH,LEXMMFPEA,23,6,economic_tie_break,0.0029730796813964844,0.0026319026947021484,0.0025959014892578125,1947.515625
oos_experiment,TK-PB-Drahi_1-d1-HOM-UHI-79830456b8-r5,5,DETERMINISTIC_RH,LEXMMFPEA,24,1,lex_phase_1,0.002889871597290039,0.004423856735229492,0.001920938491821289,1927.3125
oos_experiment,TK-PB-Drahi_1-d1-HOM-UHI-79830456b8-r5,5,DETERMINISTIC_RH,LEXMMFPEA,24,1,lex_phase_1,0.0029730796813964844,0.004410982131958008,0.0019979476928710938,1947.515625
oos_experiment,TK-PB-Drahi_1-d1-HOM-UHI-79830456b8-r5,5,DETERMINISTIC_RH,LEXMMFPEA,24,2,lex_phase_2,0.002889871597290039,0.0009779930114746094,0.0009400844573974609,1927.3125
oos_experiment,TK-PB-Drahi_1-d1-HOM-UHI-79830456b8-r5,5,DETERMINISTIC_RH,LEXMMFPEA,24,2,lex_phase_2,0.0029730796813964844,0.000982046127319336,0.0009348392486572266,1947.515625
oos_experiment,TK-PB-Drahi_1-d1-HOM-UHI-79830456b8-r5,5,DETERMINISTIC_RH,LEXMMFPEA,24,3,lex_phase_3,0.002889871597290039,0.0008409023284912109,0.000804901123046875,1927.3125
oos_experiment,TK-PB-Drahi_1-d1-HOM-UHI-79830456b8-r5,5,DETERMINISTIC_RH,LEXMMFPEA,24,3,lex_phase_3,0.0029730796813964844,0.0009379386901855469,0.0008962154388427734,1947.515625
oos_experiment,TK-PB-Drahi_1-d1-HOM-UHI-79830456b8-r5,5,DETERMINISTIC_RH,LEXMMFPEA,24,4,lex_phase_4,0.002889871597290039,0.0007920265197753906,0.0007641315460205078,1927.3125
oos_experiment,TK-PB-Drahi_1-d1-HOM-UHI-79830456b8-r5,5,DETERMINISTIC_RH,LEXMMFPEA,24,4,lex_phase_4,0.0029730796813964844,0.0009331703186035156,0.0008940696716308594,1947.515625
oos_experiment,TK-PB-Drahi_1-d1-HOM-UHI-79830456b8-r5,5,DETERMINISTIC_RH,LEXMMFPEA,24,5,lex_phase_5,0.002889871597290039,0.0007910728454589844,0.0007569789886474609,1927.3125
oos_experiment,TK-PB-Drahi_1-d1-HOM-UHI-79830456b8-r5,5,DETERMINISTIC_RH,LEXMMFPEA,24,5,lex_phase_5,0.0029730796813964844,0.0008080005645751953,0.0007750988006591797,1947.515625
oos_experiment,TK-PB-Drahi_1-d1-HOM-UHI-79830456b8-r5,5,DETERMINISTIC_RH,LEXMMFPEA,24,6,economic_tie_break,0.002889871597290039,0.0027191638946533203,0.002682924270629883,1927.3125
oos_experiment,TK-PB-Drahi_1-d1-HOM-UHI-79830456b8-r5,5,DETERMINISTIC_RH,LEXMMFPEA,24,6,economic_tie_break,0.0029730796813964844,0.0026319026947021484,0.0025959014892578125,1947.515625
oos_experiment,TK-PB-Drahi_1-d1-HOM-UHI-79830456b8-r5,5,DETERMINISTIC_RH,LEXMMFSA,1,1,lex_phase_1,0.0028638839721679688,0.00718998908996582,0.0044519901275634766,1927.3125
oos_experiment,TK-PB-Drahi_1-d1-HOM-UHI-79830456b8-r5,5,DETERMINISTIC_RH,LEXMMFSA,1,1,lex_phase_1,0.002925872802734375,0.007063865661621094,0.004389047622680664,1947.515625
oos_experiment,TK-PB-Drahi_1-d1-HOM-UHI-79830456b8-r5,5,DETERMINISTIC_RH,LEXMMFSA,1,2,lex_phase_2,0.0028638839721679688,0.0009920597076416016,0.0009529590606689453,1927.3125
oos_experiment,TK-PB-Drahi_1-d1-HOM-UHI-79830456b8-r5,5,DETERMINISTIC_RH,LEXMMFSA,1,2,lex_phase_2,0.002925872802734375,0.0009169578552246094,0.0008881092071533203,1947.515625
oos_experiment,TK-PB-Drahi_1-d1-HOM-UHI-79830456b8-r5,5,DETERMINISTIC_RH,LEXMMFSA,1,3,lex_phase_3,0.0028638839721679688,0.0007688999176025391,0.0007259845733642578,1927.3125
oos_experiment,TK-PB-Drahi_1-d1-HOM-UHI-79830456b8-r5,5,DETERMINISTIC_RH,LEXMMFSA,1,3,lex_phase_3,0.002925872802734375,0.0007810592651367188,0.00074005126953125,1947.515625
oos_experiment,TK-PB-Drahi_1-d1-HOM-UHI-79830456b8-r5,5,DETERMINISTIC_RH,LEXMMFSA,1,4,lex_phase_4,0.0028638839721679688,0.0006639957427978516,0.0006310939788818359,1927.3125
oos_experiment,TK-PB-Drahi_1-d1-HOM-UHI-79830456b8-r5,5,DETERMINISTIC_RH,LEXMMFSA,1,4,lex_phase_4,0.002925872802734375,0.0006539821624755859,0.0006229877471923828,1947.515625
oos_experiment,TK-PB-Drahi_1-d1-HOM-UHI-79830456b8-r5,5,DETERMINISTIC_RH,LEXMMFSA,1,5,lex_phase_5,0.0028638839721679688,0.000782012939453125,0.0007498264312744141,1927.3125
oos_experiment,TK-PB-Drahi_1-d1-HOM-UHI-79830456b8-r5,5,DETERMINISTIC_RH,LEXMMFSA,1,5,lex_phase_5,0.002925872802734375,0.0008320808410644531,0.0007939338684082031,1947.515625
oos_experiment,TK-PB-Drahi_1-d1-HOM-UHI-79830456b8-r5,5,DETERMINISTIC_RH,LEXMMFSA,1,6,economic_tie_break,0.0028638839721679688,0.0005781650543212891,0.0005419254302978516,1927.3125
oos_experiment,TK-PB-Drahi_1-d1-HOM-UHI-79830456b8-r5,5,DETERMINISTIC_RH,LEXMMFSA,1,6,economic_tie_break,0.002925872802734375,0.0006260871887207031,0.0005939006805419922,1947.515625
oos_experiment,TK-PB-Drahi_1-d1-HOM-UHI-79830456b8-r5,5,DETERMINISTIC_RH,LEXMMFSA,2,1,lex_phase_1,0.0028638839721679688,0.00718998908996582,0.0044519901275634766,1927.3125
oos_experiment,TK-PB-Drahi_1-d1-HOM-UHI-79830456b8-r5,5,DETERMINISTIC_RH,LEXMMFSA,2,1,lex_phase_1,0.002925872802734375,0.007063865661621094,0.004389047622680664,1947.515625
oos_experiment,TK-PB-Drahi_1-d1-HOM-UHI-79830456b8-r5,5,DETERMINISTIC_RH,LEXMMFSA,2,2,lex_phase_2,0.0028638839721679688,0.0009920597076416016,0.0009529590606689453,1927.3125
oos_experiment,TK-PB-Drahi_1-d1-HOM-UHI-79830456b8-r5,5,DETERMINISTIC_RH,LEXMMFSA,2,2,lex_phase_2,0.002925872802734375,0.0009169578552246094,0.0008881092071533203,1947.515625
oos_experiment,TK-PB-Drahi_1-d1-HOM-UHI-79830456b8-r5,5,DETERMINISTIC_RH,LEXMMFSA,2,3,lex_phase_3,0.0028638839721679688,0.0007688999176025391,0.0007259845733642578,1927.3125
oos_experiment,TK-PB-Drahi_1-d1-HOM-UHI-79830456b8-r5,5,DETERMINISTIC_RH,LEXMMFSA,2,3,lex_phase_3,0.002925872802734375,0.0007810592651367188,0.00074005126953125,1947.515625
oos_experiment,TK-PB-Drahi_1-d1-HOM-UHI-79830456b8-r5,5,DETERMINISTIC_RH,LEXMMFSA,2,4,lex_phase_4,0.0028638839721679688,0.0006639957427978516,0.0006310939788818359,1927.3125
oos_experiment,TK-PB-Drahi_1-d1-HOM-UHI-79830456b8-r5,5,DETERMINISTIC_RH,LEXMMFSA,2,4,lex_phase_4,0.002925872802734375,0.0006539821624755859,0.0006229877471923828,1947.515625
oos_experiment,TK-PB-Drahi_1-d1-HOM-UHI-79830456b8-r5,5,DETERMINISTIC_RH,LEXMMFSA,2,5,lex_phase_5,0.0028638839721679688,0.000782012939453125,0.0007498264312744141,1927.3125
oos_experiment,TK-PB-Drahi_1-d1-HOM-UHI-79830456b8-r5,5,DETERMINISTIC_RH,LEXMMFSA,2,5,lex_phase_5,0.002925872802734375,0.0008320808410644531,0.0007939338684082031,1947.515625
oos_experiment,TK-PB-Drahi_1-d1-HOM-UHI-79830456b8-r5,5,DETERMINISTIC_RH,LEXMMFSA,2,6,economic_tie_break,0.0028638839721679688,0.0005781650543212891,0.0005419254302978516,1927.3125
oos_experiment,TK-PB-Drahi_1-d1-HOM-UHI-79830456b8-r5,5,DETERMINISTIC_RH,LEXMMFSA,2,6,economic_tie_break,0.002925872802734375,0.0006260871887207031,0.0005939006805419922,1947.515625
oos_experiment,TK-PB-Drahi_1-d1-HOM-UHI-79830456b8-r5,5,DETERMINISTIC_RH,LEXMMFSA,3,1,lex_phase_1,0.0028638839721679688,0.00718998908996582,0.0044519901275634766,1927.3125
oos_experiment,TK-PB-Drahi_1-d1-HOM-UHI-79830456b8-r5,5,DETERMINISTIC_RH,LEXMMFSA,3,1,lex_phase_1,0.002925872802734375,0.007063865661621094,0.004389047622680664,1947.515625
oos_experiment,TK-PB-Drahi_1-d1-HOM-UHI-79830456b8-r5,5,DETERMINISTIC_RH,LEXMMFSA,3,2,lex_phase_2,0.0028638839721679688,0.0009920597076416016,0.0009529590606689453,1927.3125
oos_experiment,TK-PB-Drahi_1-d1-HOM-UHI-79830456b8-r5,5,DETERMINISTIC_RH,LEXMMFSA,3,2,lex_phase_2,0.002925872802734375,0.0009169578552246094,0.0008881092071533203,1947.515625
oos_experiment,TK-PB-Drahi_1-d1-HOM-UHI-79830456b8-r5,5,DETERMINISTIC_RH,LEXMMFSA,3,3,lex_phase_3,0.0028638839721679688,0.0007688999176025391,0.0007259845733642578,1927.3125
oos_experiment,TK-PB-Drahi_1-d1-HOM-UHI-79830456b8-r5,5,DETERMINISTIC_RH,LEXMMFSA,3,3,lex_phase_3,0.002925872802734375,0.0007810592651367188,0.00074005126953125,1947.515625
oos_experiment,TK-PB-Drahi_1-d1-HOM-UHI-79830456b8-r5,5,DETERMINISTIC_RH,LEXMMFSA,3,4,lex_phase_4,0.0028638839721679688,0.0006639957427978516,0.0006310939788818359,1927.3125
oos_experiment,TK-PB-Drahi_1-d1-HOM-UHI-79830456b8-r5,5,DETERMINISTIC_RH,LEXMMFSA,3,4,lex_phase_4,0.002925872802734375,0.0006539821624755859,0.0006229877471923828,1947.515625
oos_experiment,TK-PB-Drahi_1-d1-HOM-UHI-79830456b8-r5,5,DETERMINISTIC_RH,LEXMMFSA,3,5,lex_phase_5,0.0028638839721679688,0.000782012939453125,0.0007498264312744141,1927.3125
oos_experiment,TK-PB-Drahi_1-d1-HOM-UHI-79830456b8-r5,5,DETERMINISTIC_RH,LEXMMFSA,3,5,lex_phase_5,0.002925872802734375,0.0008320808410644531,0.0007939338684082031,1947.515625
oos_experiment,TK-PB-Drahi_1-d1-HOM-UHI-79830456b8-r5,5,DETERMINISTIC_RH,LEXMMFSA,3,6,economic_tie_break,0.0028638839721679688,0.0005781650543212891,0.0005419254302978516,1927.3125
oos_experiment,TK-PB-Drahi_1-d1-HOM-UHI-79830456b8-r5,5,DETERMINISTIC_RH,LEXMMFSA,3,6,economic_tie_break,0.002925872802734375,0.0006260871887207031,0.0005939006805419922,1947.515625
oos_experiment,TK-PB-Drahi_1-d1-HOM-UHI-79830456b8-r5,5,DETERMINISTIC_RH,LEXMMFSA,4,1,lex_phase_1,0.0028638839721679688,0.00718998908996582,0.0044519901275634766,1927.3125
oos_experiment,TK-PB-Drahi_1-d1-HOM-UHI-79830456b8-r5,5,DETERMINISTIC_RH,LEXMMFSA,4,1,lex_phase_1,0.002925872802734375,0.007063865661621094,0.004389047622680664,1947.515625
oos_experiment,TK-PB-Drahi_1-d1-HOM-UHI-79830456b8-r5,5,DETERMINISTIC_RH,LEXMMFSA,4,2,lex_phase_2,0.0028638839721679688,0.0009920597076416016,0.0009529590606689453,1927.3125
oos_experiment,TK-PB-Drahi_1-d1-HOM-UHI-79830456b8-r5,5,DETERMINISTIC_RH,LEXMMFSA,4,2,lex_phase_2,0.002925872802734375,0.0009169578552246094,0.0008881092071533203,1947.515625
oos_experiment,TK-PB-Drahi_1-d1-HOM-UHI-79830456b8-r5,5,DETERMINISTIC_RH,LEXMMFSA,4,3,lex_phase_3,0.0028638839721679688,0.0007688999176025391,0.0007259845733642578,1927.3125
oos_experiment,TK-PB-Drahi_1-d1-HOM-UHI-79830456b8-r5,5,DETERMINISTIC_RH,LEXMMFSA,4,3,lex_phase_3,0.002925872802734375,0.0007810592651367188,0.00074005126953125,1947.515625
oos_experiment,TK-PB-Drahi_1-d1-HOM-UHI-79830456b8-r5,5,DETERMINISTIC_RH,LEXMMFSA,4,4,lex_phase_4,0.0028638839721679688,0.0006639957427978516,0.0006310939788818359,1927.3125
oos_experiment,TK-PB-Drahi_1-d1-HOM-UHI-79830456b8-r5,5,DETERMINISTIC_RH,LEXMMFSA,4,4,lex_phase_4,0.002925872802734375,0.0006539821624755859,0.0006229877471923828,1947.515625
oos_experiment,TK-PB-Drahi_1-d1-HOM-UHI-79830456b8-r5,5,DETERMINISTIC_RH,LEXMMFSA,4,5,lex_phase_5,0.0028638839721679688,0.000782012939453125,0.0007498264312744141,1927.3125
oos_experiment,TK-PB-Drahi_1-d1-HOM-UHI-79830456b8-r5,5,DETERMINISTIC_RH,LEXMMFSA,4,5,lex_phase_5,0.002925872802734375,0.0008320808410644531,0.0007939338684082031,1947.515625
oos_experiment,TK-PB-Drahi_1-d1-HOM-UHI-79830456b8-r5,5,DETERMINISTIC_RH,LEXMMFSA,4,6,economic_tie_break,0.0028638839721679688,0.0005781650543212891,0.0005419254302978516,1927.3125
oos_experiment,TK-PB-Drahi_1-d1-HOM-UHI-79830456b8-r5,5,DETERMINISTIC_RH,LEXMMFSA,4,6,economic_tie_break,0.002925872802734375,0.0006260871887207031,0.0005939006805419922,1947.515625
oos_experiment,TK-PB-Drahi_1-d1-HOM-UHI-79830456b8-r5,5,DETERMINISTIC_RH,LEXMMFSA,5,1,lex_phase_1,0.0027887821197509766,0.007051944732666016,0.004536151885986328,1927.3125
oos_experiment,TK-PB-Drahi_1-d1-HOM-UHI-79830456b8-r5,5,DETERMINISTIC_RH,LEXMMFSA,5,1,lex_phase_1,0.002938985824584961,0.006781101226806641,0.004185914993286133,1947.515625
oos_experiment,TK-PB-Drahi_1-d1-HOM-UHI-79830456b8-r5,5,DETERMINISTIC_RH,LEXMMFSA,5,2,lex_phase_2,0.0027887821197509766,0.0009770393371582031,0.0009419918060302734,1927.3125
oos_experiment,TK-PB-Drahi_1-d1-HOM-UHI-79830456b8-r5,5,DETERMINISTIC_RH,LEXMMFSA,5,2,lex_phase_2,0.002938985824584961,0.0009191036224365234,0.0008900165557861328,1947.515625
oos_experiment,TK-PB-Drahi_1-d1-HOM-UHI-79830456b8-r5,5,DETERMINISTIC_RH,LEXMMFSA,5,3,lex_phase_3,0.0027887821197509766,0.0007319450378417969,0.0006990432739257812,1927.3125
oos_experiment,TK-PB-Drahi_1-d1-HOM-UHI-79830456b8-r5,5,DETERMINISTIC_RH,LEXMMFSA,5,3,lex_phase_3,0.002938985824584961,0.0007541179656982422,0.0007259845733642578,1947.515625
oos_experiment,TK-PB-Drahi_1-d1-HOM-UHI-79830456b8-r5,5,DETERMINISTIC_RH,LEXMMFSA,5,4,lex_phase_4,0.0027887821197509766,0.00061798095703125,0.0005869865417480469,1927.3125
oos_experiment,TK-PB-Drahi_1-d1-HOM-UHI-79830456b8-r5,5,DETERMINISTIC_RH,LEXMMFSA,5,4,lex_phase_4,0.002938985824584961,0.0007691383361816406,0.0007328987121582031,1947.515625
oos_experiment,TK-PB-Drahi_1-d1-HOM-UHI-79830456b8-r5,5,DETERMINISTIC_RH,LEXMMFSA,5,5,lex_phase_5,0.0027887821197509766,0.0007059574127197266,0.0006690025329589844,1927.3125
oos_experiment,TK-PB-Drahi_1-d1-HOM-UHI-79830456b8-r5,5,DETERMINISTIC_RH,LEXMMFSA,5,5,lex_phase_5,0.002938985824584961,0.0006091594696044922,0.0005729198455810547,1947.515625
oos_experiment,TK-PB-Drahi_1-d1-HOM-UHI-79830456b8-r5,5,DETERMINISTIC_RH,LEXMMFSA,5,6,economic_tie_break,0.0027887821197509766,0.0005390644073486328,0.0005049705505371094,1927.3125
oos_experiment,TK-PB-Drahi_1-d1-HOM-UHI-79830456b8-r5,5,DETERMINISTIC_RH,LEXMMFSA,5,6,economic_tie_break,0.002938985824584961,0.0005431175231933594,0.0005118846893310547,1947.515625
oos_experiment,TK-PB-Drahi_1-d1-HOM-UHI-79830456b8-r5,5,DETERMINISTIC_RH,LEXMMFSA,6,1,lex_phase_1,0.0027887821197509766,0.007051944732666016,0.004536151885986328,1927.3125
oos_experiment,TK-PB-Drahi_1-d1-HOM-UHI-79830456b8-r5,5,DETERMINISTIC_RH,LEXMMFSA,6,1,lex_phase_1,0.002938985824584961,0.006781101226806641,0.004185914993286133,1947.515625
oos_experiment,TK-PB-Drahi_1-d1-HOM-UHI-79830456b8-r5,5,DETERMINISTIC_RH,LEXMMFSA,6,2,lex_phase_2,0.0027887821197509766,0.0009770393371582031,0.0009419918060302734,1927.3125
oos_experiment,TK-PB-Drahi_1-d1-HOM-UHI-79830456b8-r5,5,DETERMINISTIC_RH,LEXMMFSA,6,2,lex_phase_2,0.002938985824584961,0.0009191036224365234,0.0008900165557861328,1947.515625
oos_experiment,TK-PB-Drahi_1-d1-HOM-UHI-79830456b8-r5,5,DETERMINISTIC_RH,LEXMMFSA,6,3,lex_phase_3,0.0027887821197509766,0.0007319450378417969,0.0006990432739257812,1927.3125
oos_experiment,TK-PB-Drahi_1-d1-HOM-UHI-79830456b8-r5,5,DETERMINISTIC_RH,LEXMMFSA,6,3,lex_phase_3,0.002938985824584961,0.0007541179656982422,0.0007259845733642578,1947.515625
oos_experiment,TK-PB-Drahi_1-d1-HOM-UHI-79830456b8-r5,5,DETERMINISTIC_RH,LEXMMFSA,6,4,lex_phase_4,0.0027887821197509766,0.00061798095703125,0.0005869865417480469,1927.3125
oos_experiment,TK-PB-Drahi_1-d1-HOM-UHI-79830456b8-r5,5,DETERMINISTIC_RH,LEXMMFSA,6,4,lex_phase_4,0.002938985824584961,0.0007691383361816406,0.0007328987121582031,1947.515625
oos_experiment,TK-PB-Drahi_1-d1-HOM-UHI-79830456b8-r5,5,DETERMINISTIC_RH,LEXMMFSA,6,5,lex_phase_5,0.0027887821197509766,0.0007059574127197266,0.0006690025329589844,1927.3125
oos_experiment,TK-PB-Drahi_1-d1-HOM-UHI-79830456b8-r5,5,DETERMINISTIC_RH,LEXMMFSA,6,5,lex_phase_5,0.002938985824584961,0.0006091594696044922,0.0005729198455810547,1947.515625
oos_experiment,TK-PB-Drahi_1-d1-HOM-UHI-79830456b8-r5,5,DETERMINISTIC_RH,LEXMMFSA,6,6,economic_tie_break,0.0027887821197509766,0.0005390644073486328,0.0005049705505371094,1927.3125
oos_experiment,TK-PB-Drahi_1-d1-HOM-UHI-79830456b8-r5,5,DETERMINISTIC_RH,LEXMMFSA,6,6,economic_tie_break,0.002938985824584961,0.0005431175231933594,0.0005118846893310547,1947.515625
oos_experiment,TK-PB-Drahi_1-d1-HOM-UHI-79830456b8-r5,5,DETERMINISTIC_RH,LEXMMFSA,7,1,lex_phase_1,0.0027887821197509766,0.007051944732666016,0.004536151885986328,1927.3125
oos_experiment,TK-PB-Drahi_1-d1-HOM-UHI-79830456b8-r5,5,DETERMINISTIC_RH,LEXMMFSA,7,1,lex_phase_1,0.002938985824584961,0.006781101226806641,0.004185914993286133,1947.515625
oos_experiment,TK-PB-Drahi_1-d1-HOM-UHI-79830456b8-r5,5,DETERMINISTIC_RH,LEXMMFSA,7,2,lex_phase_2,0.0027887821197509766,0.0009770393371582031,0.0009419918060302734,1927.3125
oos_experiment,TK-PB-Drahi_1-d1-HOM-UHI-79830456b8-r5,5,DETERMINISTIC_RH,LEXMMFSA,7,2,lex_phase_2,0.002938985824584961,0.0009191036224365234,0.0008900165557861328,1947.515625
oos_experiment,TK-PB-Drahi_1-d1-HOM-UHI-79830456b8-r5,5,DETERMINISTIC_RH,LEXMMFSA,7,3,lex_phase_3,0.0027887821197509766,0.0007319450378417969,0.0006990432739257812,1927.3125
oos_experiment,TK-PB-Drahi_1-d1-HOM-UHI-79830456b8-r5,5,DETERMINISTIC_RH,LEXMMFSA,7,3,lex_phase_3,0.002938985824584961,0.0007541179656982422,0.0007259845733642578,1947.515625
oos_experiment,TK-PB-Drahi_1-d1-HOM-UHI-79830456b8-r5,5,DETERMINISTIC_RH,LEXMMFSA,7,4,lex_phase_4,0.0027887821197509766,0.00061798095703125,0.0005869865417480469,1927.3125
oos_experiment,TK-PB-Drahi_1-d1-HOM-UHI-79830456b8-r5,5,DETERMINISTIC_RH,LEXMMFSA,7,4,lex_phase_4,0.002938985824584961,0.0007691383361816406,0.0007328987121582031,1947.515625
oos_experiment,TK-PB-Drahi_1-d1-HOM-UHI-79830456b8-r5,5,DETERMINISTIC_RH,LEXMMFSA,7,5,lex_phase_5,0.0027887821197509766,0.0007059574127197266,0.0006690025329589844,1927.3125
oos_experiment,TK-PB-Drahi_1-d1-HOM-UHI-79830456b8-r5,5,DETERMINISTIC_RH,LEXMMFSA,7,5,lex_phase_5,0.002938985824584961,0.0006091594696044922,0.0005729198455810547,1947.515625
oos_experiment,TK-PB-Drahi_1-d1-HOM-UHI-79830456b8-r5,5,DETERMINISTIC_RH,LEXMMFSA,7,6,economic_tie_break,0.0027887821197509766,0.0005390644073486328,0.0005049705505371094,1927.3125
oos_experiment,TK-PB-Drahi_1-d1-HOM-UHI-79830456b8-r5,5,DETERMINISTIC_RH,LEXMMFSA,7,6,economic_tie_break,0.002938985824584961,0.0005431175231933594,0.0005118846893310547,1947.515625
oos_experiment,TK-PB-Drahi_1-d1-HOM-UHI-79830456b8-r5,5,DETERMINISTIC_RH,LEXMMFSA,8,1,lex_phase_1,0.0027887821197509766,0.007051944732666016,0.004536151885986328,1927.3125
oos_experiment,TK-PB-Drahi_1-d1-HOM-UHI-79830456b8-r5,5,DETERMINISTIC_RH,LEXMMFSA,8,1,lex_phase_1,0.002938985824584961,0.006781101226806641,0.004185914993286133,1947.515625
oos_experiment,TK-PB-Drahi_1-d1-HOM-UHI-79830456b8-r5,5,DETERMINISTIC_RH,LEXMMFSA,8,2,lex_phase_2,0.0027887821197509766,0.0009770393371582031,0.0009419918060302734,1927.3125
oos_experiment,TK-PB-Drahi_1-d1-HOM-UHI-79830456b8-r5,5,DETERMINISTIC_RH,LEXMMFSA,8,2,lex_phase_2,0.002938985824584961,0.0009191036224365234,0.0008900165557861328,1947.515625
oos_experiment,TK-PB-Drahi_1-d1-HOM-UHI-79830456b8-r5,5,DETERMINISTIC_RH,LEXMMFSA,8,3,lex_phase_3,0.0027887821197509766,0.0007319450378417969,0.0006990432739257812,1927.3125
oos_experiment,TK-PB-Drahi_1-d1-HOM-UHI-79830456b8-r5,5,DETERMINISTIC_RH,LEXMMFSA,8,3,lex_phase_3,0.002938985824584961,0.0007541179656982422,0.0007259845733642578,1947.515625
oos_experiment,TK-PB-Drahi_1-d1-HOM-UHI-79830456b8-r5,5,DETERMINISTIC_RH,LEXMMFSA,8,4,lex_phase_4,0.0027887821197509766,0.00061798095703125,0.0005869865417480469,1927.3125
oos_experiment,TK-PB-Drahi_1-d1-HOM-UHI-79830456b8-r5,5,DETERMINISTIC_RH,LEXMMFSA,8,4,lex_phase_4,0.002938985824584961,0.0007691383361816406,0.0007328987121582031,1947.515625
oos_experiment,TK-PB-Drahi_1-d1-HOM-UHI-79830456b8-r5,5,DETERMINISTIC_RH,LEXMMFSA,8,5,lex_phase_5,0.0027887821197509766,0.0007059574127197266,0.0006690025329589844,1927.3125
oos_experiment,TK-PB-Drahi_1-d1-HOM-UHI-79830456b8-r5,5,DETERMINISTIC_RH,LEXMMFSA,8,5,lex_phase_5,0.002938985824584961,0.0006091594696044922,0.0005729198455810547,1947.515625
oos_experiment,TK-PB-Drahi_1-d1-HOM-UHI-79830456b8-r5,5,DETERMINISTIC_RH,LEXMMFSA,8,6,economic_tie_break,0.0027887821197509766,0.0005390644073486328,0.0005049705505371094,1927.3125
oos_experiment,TK-PB-Drahi_1-d1-HOM-UHI-79830456b8-r5,5,DETERMINISTIC_RH,LEXMMFSA,8,6,economic_tie_break,0.002938985824584961,0.0005431175231933594,0.0005118846893310547,1947.515625
oos_experiment,TK-PB-Drahi_1-d1-HOM-UHI-79830456b8-r5,5,DETERMINISTIC_RH,LEXMMFSA,9,1,lex_phase_1,0.0028820037841796875,0.008076906204223633,0.0054378509521484375,1927.3125
oos_experiment,TK-PB-Drahi_1-d1-HOM-UHI-79830456b8-r5,5,DETERMINISTIC_RH,LEXMMFSA,9,1,lex_phase_1,0.002852916717529297,0.007242918014526367,0.004454135894775391,1947.515625
oos_experiment,TK-PB-Drahi_1-d1-HOM-UHI-79830456b8-r5,5,DETERMINISTIC_RH,LEXMMFSA,9,2,lex_phase_2,0.0028820037841796875,0.0010340213775634766,0.0010030269622802734,1927.3125
oos_experiment,TK-PB-Drahi_1-d1-HOM-UHI-79830456b8-r5,5,DETERMINISTIC_RH,LEXMMFSA,9,2,lex_phase_2,0.002852916717529297,0.0011668205261230469,0.001129150390625,1947.515625
oos_experiment,TK-PB-Drahi_1-d1-HOM-UHI-79830456b8-r5,5,DETERMINISTIC_RH,LEXMMFSA,9,3,lex_phase_3,0.0028820037841796875,0.0008950233459472656,0.0008461475372314453,1927.3125
oos_experiment,TK-PB-Drahi_1-d1-HOM-UHI-79830456b8-r5,5,DETERMINISTIC_RH,LEXMMFSA,9,3,lex_phase_3,0.002852916717529297,0.0007379055023193359,0.0007071495056152344,1947.515625
oos_experiment,TK-PB-Drahi_1-d1-HOM-UHI-79830456b8-r5,5,DETERMINISTIC_RH,LEXMMFSA,9,4,lex_phase_4,0.0028820037841796875,0.0007970333099365234,0.0007581710815429688,1927.3125
oos_experiment,TK-PB-Drahi_1-d1-HOM-UHI-79830456b8-r5,5,DETERMINISTIC_RH,LEXMMFSA,9,4,lex_phase_4,0.002852916717529297,0.0007538795471191406,0.0007181167602539062,1947.515625
oos_experiment,TK-PB-Drahi_1-d1-HOM-UHI-79830456b8-r5,5,DETERMINISTIC_RH,LEXMMFSA,9,5,lex_phase_5,0.0028820037841796875,0.0008320808410644531,0.0007789134979248047,1927.3125
oos_experiment,TK-PB-Drahi_1-d1-HOM-UHI-79830456b8-r5,5,DETERMINISTIC_RH,LEXMMFSA,9,5,lex_phase_5,0.002852916717529297,0.0006439685821533203,0.0006120204925537109,1947.515625
oos_experiment,TK-PB-Drahi_1-d1-HOM-UHI-79830456b8-r5,5,DETERMINISTIC_RH,LEXMMFSA,9,6,economic_tie_break,0.0028820037841796875,0.0008139610290527344,0.0007660388946533203,1927.3125
oos_experiment,TK-PB-Drahi_1-d1-HOM-UHI-79830456b8-r5,5,DETERMINISTIC_RH,LEXMMFSA,9,6,economic_tie_break,0.002852916717529297,0.0005929470062255859,0.0005609989166259766,1947.515625
oos_experiment,TK-PB-Drahi_1-d1-HOM-UHI-79830456b8-r5,5,DETERMINISTIC_RH,LEXMMFSA,10,1,lex_phase_1,0.0028820037841796875,0.008076906204223633,0.0054378509521484375,1927.3125
oos_experiment,TK-PB-Drahi_1-d1-HOM-UHI-79830456b8-r5,5,DETERMINISTIC_RH,LEXMMFSA,10,1,lex_phase_1,0.002852916717529297,0.007242918014526367,0.004454135894775391,1947.515625
oos_experiment,TK-PB-Drahi_1-d1-HOM-UHI-79830456b8-r5,5,DETERMINISTIC_RH,LEXMMFSA,10,2,lex_phase_2,0.0028820037841796875,0.0010340213775634766,0.0010030269622802734,1927.3125
oos_experiment,TK-PB-Drahi_1-d1-HOM-UHI-79830456b8-r5,5,DETERMINISTIC_RH,LEXMMFSA,10,2,lex_phase_2,0.002852916717529297,0.0011668205261230469,0.001129150390625,1947.515625
oos_experiment,TK-PB-Drahi_1-d1-HOM-UHI-79830456b8-r5,5,DETERMINISTIC_RH,LEXMMFSA,10,3,lex_phase_3,0.0028820037841796875,0.0008950233459472656,0.0008461475372314453,1927.3125
oos_experiment,TK-PB-Drahi_1-d1-HOM-UHI-79830456b8-r5,5,DETERMINISTIC_RH,LEXMMFSA,10,3,lex_phase_3,0.002852916717529297,0.0007379055023193359,0.0007071495056152344,1947.515625
oos_experiment,TK-PB-Drahi_1-d1-HOM-UHI-79830456b8-r5,5,DETERMINISTIC_RH,LEXMMFSA,10,4,lex_phase_4,0.0028820037841796875,0.0007970333099365234,0.0007581710815429688,1927.3125
oos_experiment,TK-PB-Drahi_1-d1-HOM-UHI-79830456b8-r5,5,DETERMINISTIC_RH,LEXMMFSA,10,4,lex_phase_4,0.002852916717529297,0.0007538795471191406,0.0007181167602539062,1947.515625
oos_experiment,TK-PB-Drahi_1-d1-HOM-UHI-79830456b8-r5,5,DETERMINISTIC_RH,LEXMMFSA,10,5,lex_phase_5,0.0028820037841796875,0.0008320808410644531,0.0007789134979248047,1927.3125
oos_experiment,TK-PB-Drahi_1-d1-HOM-UHI-79830456b8-r5,5,DETERMINISTIC_RH,LEXMMFSA,10,5,lex_phase_5,0.002852916717529297,0.0006439685821533203,0.0006120204925537109,1947.515625
oos_experiment,TK-PB-Drahi_1-d1-HOM-UHI-79830456b8-r5,5,DETERMINISTIC_RH,LEXMMFSA,10,6,economic_tie_break,0.0028820037841796875,0.0008139610290527344,0.0007660388946533203,1927.3125
oos_experiment,TK-PB-Drahi_1-d1-HOM-UHI-79830456b8-r5,5,DETERMINISTIC_RH,LEXMMFSA,10,6,economic_tie_break,0.002852916717529297,0.0005929470062255859,0.0005609989166259766,1947.515625
oos_experiment,TK-PB-Drahi_1-d1-HOM-UHI-79830456b8-r5,5,DETERMINISTIC_RH,LEXMMFSA,11,1,lex_phase_1,0.0028820037841796875,0.008076906204223633,0.0054378509521484375,1927.3125
oos_experiment,TK-PB-Drahi_1-d1-HOM-UHI-79830456b8-r5,5,DETERMINISTIC_RH,LEXMMFSA,11,1,lex_phase_1,0.002852916717529297,0.007242918014526367,0.004454135894775391,1947.515625
oos_experiment,TK-PB-Drahi_1-d1-HOM-UHI-79830456b8-r5,5,DETERMINISTIC_RH,LEXMMFSA,11,2,lex_phase_2,0.0028820037841796875,0.0010340213775634766,0.0010030269622802734,1927.3125
oos_experiment,TK-PB-Drahi_1-d1-HOM-UHI-79830456b8-r5,5,DETERMINISTIC_RH,LEXMMFSA,11,2,lex_phase_2,0.002852916717529297,0.0011668205261230469,0.001129150390625,1947.515625
oos_experiment,TK-PB-Drahi_1-d1-HOM-UHI-79830456b8-r5,5,DETERMINISTIC_RH,LEXMMFSA,11,3,lex_phase_3,0.0028820037841796875,0.0008950233459472656,0.0008461475372314453,1927.3125
oos_experiment,TK-PB-Drahi_1-d1-HOM-UHI-79830456b8-r5,5,DETERMINISTIC_RH,LEXMMFSA,11,3,lex_phase_3,0.002852916717529297,0.0007379055023193359,0.0007071495056152344,1947.515625
oos_experiment,TK-PB-Drahi_1-d1-HOM-UHI-79830456b8-r5,5,DETERMINISTIC_RH,LEXMMFSA,11,4,lex_phase_4,0.0028820037841796875,0.0007970333099365234,0.0007581710815429688,1927.3125
oos_experiment,TK-PB-Drahi_1-d1-HOM-UHI-79830456b8-r5,5,DETERMINISTIC_RH,LEXMMFSA,11,4,lex_phase_4,0.002852916717529297,0.0007538795471191406,0.0007181167602539062,1947.515625
oos_experiment,TK-PB-Drahi_1-d1-HOM-UHI-79830456b8-r5,5,DETERMINISTIC_RH,LEXMMFSA,11,5,lex_phase_5,0.0028820037841796875,0.0008320808410644531,0.0007789134979248047,1927.3125
oos_experiment,TK-PB-Drahi_1-d1-HOM-UHI-79830456b8-r5,5,DETERMINISTIC_RH,LEXMMFSA,11,5,lex_phase_5,0.002852916717529297,0.0006439685821533203,0.0006120204925537109,1947.515625
oos_experiment,TK-PB-Drahi_1-d1-HOM-UHI-79830456b8-r5,5,DETERMINISTIC_RH,LEXMMFSA,11,6,economic_tie_break,0.0028820037841796875,0.0008139610290527344,0.0007660388946533203,1927.3125
oos_experiment,TK-PB-Drahi_1-d1-HOM-UHI-79830456b8-r5,5,DETERMINISTIC_RH,LEXMMFSA,11,6,economic_tie_break,0.002852916717529297,0.0005929470062255859,0.0005609989166259766,1947.515625
oos_experiment,TK-PB-Drahi_1-d1-HOM-UHI-79830456b8-r5,5,DETERMINISTIC_RH,LEXMMFSA,12,1,lex_phase_1,0.0028820037841796875,0.008076906204223633,0.0054378509521484375,1927.3125
oos_experiment,TK-PB-Drahi_1-d1-HOM-UHI-79830456b8-r5,5,DETERMINISTIC_RH,LEXMMFSA,12,1,lex_phase_1,0.002852916717529297,0.007242918014526367,0.004454135894775391,1947.515625
oos_experiment,TK-PB-Drahi_1-d1-HOM-UHI-79830456b8-r5,5,DETERMINISTIC_RH,LEXMMFSA,12,2,lex_phase_2,0.0028820037841796875,0.0010340213775634766,0.0010030269622802734,1927.3125
oos_experiment,TK-PB-Drahi_1-d1-HOM-UHI-79830456b8-r5,5,DETERMINISTIC_RH,LEXMMFSA,12,2,lex_phase_2,0.002852916717529297,0.0011668205261230469,0.001129150390625,1947.515625
oos_experiment,TK-PB-Drahi_1-d1-HOM-UHI-79830456b8-r5,5,DETERMINISTIC_RH,LEXMMFSA,12,3,lex_phase_3,0.0028820037841796875,0.0008950233459472656,0.0008461475372314453,1927.3125
oos_experiment,TK-PB-Drahi_1-d1-HOM-UHI-79830456b8-r5,5,DETERMINISTIC_RH,LEXMMFSA,12,3,lex_phase_3,0.002852916717529297,0.0007379055023193359,0.0007071495056152344,1947.515625
oos_experiment,TK-PB-Drahi_1-d1-HOM-UHI-79830456b8-r5,5,DETERMINISTIC_RH,LEXMMFSA,12,4,lex_phase_4,0.0028820037841796875,0.0007970333099365234,0.0007581710815429688,1927.3125
oos_experiment,TK-PB-Drahi_1-d1-HOM-UHI-79830456b8-r5,5,DETERMINISTIC_RH,LEXMMFSA,12,4,lex_phase_4,0.002852916717529297,0.0007538795471191406,0.0007181167602539062,1947.515625
oos_experiment,TK-PB-Drahi_1-d1-HOM-UHI-79830456b8-r5,5,DETERMINISTIC_RH,LEXMMFSA,12,5,lex_phase_5,0.0028820037841796875,0.0008320808410644531,0.0007789134979248047,1927.3125
oos_experiment,TK-PB-Drahi_1-d1-HOM-UHI-79830456b8-r5,5,DETERMINISTIC_RH,LEXMMFSA,12,5,lex_phase_5,0.002852916717529297,0.0006439685821533203,0.0006120204925537109,1947.515625
oos_experiment,TK-PB-Drahi_1-d1-HOM-UHI-79830456b8-r5,5,DETERMINISTIC_RH,LEXMMFSA,12,6,economic_tie_break,0.0028820037841796875,0.0008139610290527344,0.0007660388946533203,1927.3125
oos_experiment,TK-PB-Drahi_1-d1-HOM-UHI-79830456b8-r5,5,DETERMINISTIC_RH,LEXMMFSA,12,6,economic_tie_break,0.002852916717529297,0.0005929470062255859,0.0005609989166259766,1947.515625
oos_experiment,TK-PB-Drahi_1-d1-HOM-UHI-79830456b8-r5,5,DETERMINISTIC_RH,LEXMMFSA,13,1,lex_phase_1,0.0028901100158691406,0.007380008697509766,0.0048370361328125,1927.3125
oos_experiment,TK-PB-Drahi_1-d1-HOM-UHI-79830456b8-r5,5,DETERMINISTIC_RH,LEXMMFSA,13,1,lex_phase_1,0.002788066864013672,0.007430076599121094,0.004998207092285156,1947.515625
oos_experiment,TK-PB-Drahi_1-d1-HOM-UHI-79830456b8-r5,5,DETERMINISTIC_RH,LEXMMFSA,13,2,lex_phase_2,0.0028901100158691406,0.001085042953491211,0.0010421276092529297,1927.3125
oos_experiment,TK-PB-Drahi_1-d1-HOM-UHI-79830456b8-r5,5,DETERMINISTIC_RH,LEXMMFSA,13,2,lex_phase_2,0.002788066864013672,0.001035928726196289,0.0009920597076416016,1947.515625
oos_experiment,TK-PB-Drahi_1-d1-HOM-UHI-79830456b8-r5,5,DETERMINISTIC_RH,LEXMMFSA,13,3,lex_phase_3,0.0028901100158691406,0.0008080005645751953,0.000762939453125,1927.3125
oos_experiment,TK-PB-Drahi_1-d1-HOM-UHI-79830456b8-r5,5,DETERMINISTIC_RH,LEXMMFSA,13,3,lex_phase_3,0.002788066864013672,0.0008130073547363281,0.0007829666137695312,1947.515625
oos_experiment,TK-PB-Drahi_1-d1-HOM-UHI-79830456b8-r5,5,DETERMINISTIC_RH,LEXMMFSA,13,4,lex_phase_4,0.0028901100158691406,0.0008101463317871094,0.0007710456848144531,1927.3125
oos_experiment,TK-PB-Drahi_1-d1-HOM-UHI-79830456b8-r5,5,DETERMINISTIC_RH,LEXMMFSA,13,4,lex_phase_4,0.002788066864013672,0.0007309913635253906,0.000698089599609375,1947.515625
oos_experiment,TK-PB-Drahi_1-d1-HOM-UHI-79830456b8-r5,5,DETERMINISTIC_RH,LEXMMFSA,13,5,lex_phase_5,0.0028901100158691406,0.0007028579711914062,0.0006649494171142578,1927.3125
oos_experiment,TK-PB-Drahi_1-d1-HOM-UHI-79830456b8-r5,5,DETERMINISTIC_RH,LEXMMFSA,13,5,lex_phase_5,0.002788066864013672,0.0006439685821533203,0.0006129741668701172,1947.515625
oos_experiment,TK-PB-Drahi_1-d1-HOM-UHI-79830456b8-r5,5,DETERMINISTIC_RH,LEXMMFSA,13,6,economic_tie_break,0.0028901100158691406,0.00067901611328125,0.0006418228149414062,1927.3125
oos_experiment,TK-PB-Drahi_1-d1-HOM-UHI-79830456b8-r5,5,DETERMINISTIC_RH,LEXMMFSA,13,6,economic_tie_break,0.002788066864013672,0.0005497932434082031,0.0005118846893310547,1947.515625
oos_experiment,TK-PB-Drahi_1-d1-HOM-UHI-79830456b8-r5,5,DETERMINISTIC_RH,LEXMMFSA,14,1,lex_phase_1,0.0028901100158691406,0.007380008697509766,0.0048370361328125,1927.3125
oos_experiment,TK-PB-Drahi_1-d1-HOM-UHI-79830456b8-r5,5,DETERMINISTIC_RH,LEXMMFSA,14,1,lex_phase_1,0.002788066864013672,0.007430076599121094,0.004998207092285156,1947.515625
oos_experiment,TK-PB-Drahi_1-d1-HOM-UHI-79830456b8-r5,5,DETERMINISTIC_RH,LEXMMFSA,14,2,lex_phase_2,0.0028901100158691406,0.001085042953491211,0.0010421276092529297,1927.3125
oos_experiment,TK-PB-Drahi_1-d1-HOM-UHI-79830456b8-r5,5,DETERMINISTIC_RH,LEXMMFSA,14,2,lex_phase_2,0.002788066864013672,0.001035928726196289,0.0009920597076416016,1947.515625
oos_experiment,TK-PB-Drahi_1-d1-HOM-UHI-79830456b8-r5,5,DETERMINISTIC_RH,LEXMMFSA,14,3,lex_phase_3,0.0028901100158691406,0.0008080005645751953,0.000762939453125,1927.3125
oos_experiment,TK-PB-Drahi_1-d1-HOM-UHI-79830456b8-r5,5,DETERMINISTIC_RH,LEXMMFSA,14,3,lex_phase_3,0.002788066864013672,0.0008130073547363281,0.0007829666137695312,1947.515625
oos_experiment,TK-PB-Drahi_1-d1-HOM-UHI-79830456b8-r5,5,DETERMINISTIC_RH,LEXMMFSA,14,4,lex_phase_4,0.0028901100158691406,0.0008101463317871094,0.0007710456848144531,1927.3125
oos_experiment,TK-PB-Drahi_1-d1-HOM-UHI-79830456b8-r5,5,DETERMINISTIC_RH,LEXMMFSA,14,4,lex_phase_4,0.002788066864013672,0.0007309913635253906,0.000698089599609375,1947.515625
oos_experiment,TK-PB-Drahi_1-d1-HOM-UHI-79830456b8-r5,5,DETERMINISTIC_RH,LEXMMFSA,14,5,lex_phase_5,0.0028901100158691406,0.0007028579711914062,0.0006649494171142578,1927.3125
oos_experiment,TK-PB-Drahi_1-d1-HOM-UHI-79830456b8-r5,5,DETERMINISTIC_RH,LEXMMFSA,14,5,lex_phase_5,0.002788066864013672,0.0006439685821533203,0.0006129741668701172,1947.515625
oos_experiment,TK-PB-Drahi_1-d1-HOM-UHI-79830456b8-r5,5,DETERMINISTIC_RH,LEXMMFSA,14,6,economic_tie_break,0.0028901100158691406,0.00067901611328125,0.0006418228149414062,1927.3125
oos_experiment,TK-PB-Drahi_1-d1-HOM-UHI-79830456b8-r5,5,DETERMINISTIC_RH,LEXMMFSA,14,6,economic_tie_break,0.002788066864013672,0.0005497932434082031,0.0005118846893310547,1947.515625
oos_experiment,TK-PB-Drahi_1-d1-HOM-UHI-79830456b8-r5,5,DETERMINISTIC_RH,LEXMMFSA,15,1,lex_phase_1,0.0028901100158691406,0.007380008697509766,0.0048370361328125,1927.3125
oos_experiment,TK-PB-Drahi_1-d1-HOM-UHI-79830456b8-r5,5,DETERMINISTIC_RH,LEXMMFSA,15,1,lex_phase_1,0.002788066864013672,0.007430076599121094,0.004998207092285156,1947.515625
oos_experiment,TK-PB-Drahi_1-d1-HOM-UHI-79830456b8-r5,5,DETERMINISTIC_RH,LEXMMFSA,15,2,lex_phase_2,0.0028901100158691406,0.001085042953491211,0.0010421276092529297,1927.3125
oos_experiment,TK-PB-Drahi_1-d1-HOM-UHI-79830456b8-r5,5,DETERMINISTIC_RH,LEXMMFSA,15,2,lex_phase_2,0.002788066864013672,0.001035928726196289,0.0009920597076416016,1947.515625
oos_experiment,TK-PB-Drahi_1-d1-HOM-UHI-79830456b8-r5,5,DETERMINISTIC_RH,LEXMMFSA,15,3,lex_phase_3,0.0028901100158691406,0.0008080005645751953,0.000762939453125,1927.3125
oos_experiment,TK-PB-Drahi_1-d1-HOM-UHI-79830456b8-r5,5,DETERMINISTIC_RH,LEXMMFSA,15,3,lex_phase_3,0.002788066864013672,0.0008130073547363281,0.0007829666137695312,1947.515625
oos_experiment,TK-PB-Drahi_1-d1-HOM-UHI-79830456b8-r5,5,DETERMINISTIC_RH,LEXMMFSA,15,4,lex_phase_4,0.0028901100158691406,0.0008101463317871094,0.0007710456848144531,1927.3125
oos_experiment,TK-PB-Drahi_1-d1-HOM-UHI-79830456b8-r5,5,DETERMINISTIC_RH,LEXMMFSA,15,4,lex_phase_4,0.002788066864013672,0.0007309913635253906,0.000698089599609375,1947.515625
oos_experiment,TK-PB-Drahi_1-d1-HOM-UHI-79830456b8-r5,5,DETERMINISTIC_RH,LEXMMFSA,15,5,lex_phase_5,0.0028901100158691406,0.0007028579711914062,0.0006649494171142578,1927.3125
oos_experiment,TK-PB-Drahi_1-d1-HOM-UHI-79830456b8-r5,5,DETERMINISTIC_RH,LEXMMFSA,15,5,lex_phase_5,0.002788066864013672,0.0006439685821533203,0.0006129741668701172,1947.515625
oos_experiment,TK-PB-Drahi_1-d1-HOM-UHI-79830456b8-r5,5,DETERMINISTIC_RH,LEXMMFSA,15,6,economic_tie_break,0.0028901100158691406,0.00067901611328125,0.0006418228149414062,1927.3125
oos_experiment,TK-PB-Drahi_1-d1-HOM-UHI-79830456b8-r5,5,DETERMINISTIC_RH,LEXMMFSA,15,6,economic_tie_break,0.002788066864013672,0.0005497932434082031,0.0005118846893310547,1947.515625
oos_experiment,TK-PB-Drahi_1-d1-HOM-UHI-79830456b8-r5,5,DETERMINISTIC_RH,LEXMMFSA,16,1,lex_phase_1,0.0028901100158691406,0.007380008697509766,0.0048370361328125,1927.3125
oos_experiment,TK-PB-Drahi_1-d1-HOM-UHI-79830456b8-r5,5,DETERMINISTIC_RH,LEXMMFSA,16,1,lex_phase_1,0.002788066864013672,0.007430076599121094,0.004998207092285156,1947.515625
oos_experiment,TK-PB-Drahi_1-d1-HOM-UHI-79830456b8-r5,5,DETERMINISTIC_RH,LEXMMFSA,16,2,lex_phase_2,0.0028901100158691406,0.001085042953491211,0.0010421276092529297,1927.3125
oos_experiment,TK-PB-Drahi_1-d1-HOM-UHI-79830456b8-r5,5,DETERMINISTIC_RH,LEXMMFSA,16,2,lex_phase_2,0.002788066864013672,0.001035928726196289,0.0009920597076416016,1947.515625
oos_experiment,TK-PB-Drahi_1-d1-HOM-UHI-79830456b8-r5,5,DETERMINISTIC_RH,LEXMMFSA,16,3,lex_phase_3,0.0028901100158691406,0.0008080005645751953,0.000762939453125,1927.3125
oos_experiment,TK-PB-Drahi_1-d1-HOM-UHI-79830456b8-r5,5,DETERMINISTIC_RH,LEXMMFSA,16,3,lex_phase_3,0.002788066864013672,0.0008130073547363281,0.0007829666137695312,1947.515625
oos_experiment,TK-PB-Drahi_1-d1-HOM-UHI-79830456b8-r5,5,DETERMINISTIC_RH,LEXMMFSA,16,4,lex_phase_4,0.0028901100158691406,0.0008101463317871094,0.0007710456848144531,1927.3125
oos_experiment,TK-PB-Drahi_1-d1-HOM-UHI-79830456b8-r5,5,DETERMINISTIC_RH,LEXMMFSA,16,4,lex_phase_4,0.002788066864013672,0.0007309913635253906,0.000698089599609375,1947.515625
oos_experiment,TK-PB-Drahi_1-d1-HOM-UHI-79830456b8-r5,5,DETERMINISTIC_RH,LEXMMFSA,16,5,lex_phase_5,0.0028901100158691406,0.0007028579711914062,0.0006649494171142578,1927.3125
oos_experiment,TK-PB-Drahi_1-d1-HOM-UHI-79830456b8-r5,5,DETERMINISTIC_RH,LEXMMFSA,16,5,lex_phase_5,0.002788066864013672,0.0006439685821533203,0.0006129741668701172,1947.515625
oos_experiment,TK-PB-Drahi_1-d1-HOM-UHI-79830456b8-r5,5,DETERMINISTIC_RH,LEXMMFSA,16,6,economic_tie_break,0.0028901100158691406,0.00067901611328125,0.0006418228149414062,1927.3125
oos_experiment,TK-PB-Drahi_1-d1-HOM-UHI-79830456b8-r5,5,DETERMINISTIC_RH,LEXMMFSA,16,6,economic_tie_break,0.002788066864013672,0.0005497932434082031,0.0005118846893310547,1947.515625
oos_experiment,TK-PB-Drahi_1-d1-HOM-UHI-79830456b8-r5,5,DETERMINISTIC_RH,LEXMMFSA,17,1,lex_phase_1,0.003050088882446289,0.005609989166259766,0.003030061721801758,1927.3125
oos_experiment,TK-PB-Drahi_1-d1-HOM-UHI-79830456b8-r5,5,DETERMINISTIC_RH,LEXMMFSA,17,1,lex_phase_1,0.002783060073852539,0.0057392120361328125,0.003058195114135742,1947.515625
oos_experiment,TK-PB-Drahi_1-d1-HOM-UHI-79830456b8-r5,5,DETERMINISTIC_RH,LEXMMFSA,17,2,lex_phase_2,0.003050088882446289,0.0009658336639404297,0.0009250640869140625,1927.3125
oos_experiment,TK-PB-Drahi_1-d1-HOM-UHI-79830456b8-r5,5,DETERMINISTIC_RH,LEXMMFSA,17,2,lex_phase_2,0.002783060073852539,0.0008988380432128906,0.0008590221405029297,1947.515625
oos_experiment,TK-PB-Drahi_1-d1-HOM-UHI-79830456b8-r5,5,DETERMINISTIC_RH,LEXMMFSA,17,3,lex_phase_3,0.003050088882446289,0.0007901191711425781,0.0007560253143310547,1927.3125
oos_experiment,TK-PB-Drahi_1-d1-HOM-UHI-79830456b8-r5,5,DETERMINISTIC_RH,LEXMMFSA,17,3,lex_phase_3,0.002783060073852539,0.0008571147918701172,0.000823974609375,1947.515625
oos_experiment,TK-PB-Drahi_1-d1-HOM-UHI-79830456b8-r5,5,DETERMINISTIC_RH,LEXMMFSA,17,4,lex_phase_4,0.003050088882446289,0.0007369518280029297,0.0007009506225585938,1927.3125
oos_experiment,TK-PB-Drahi_1-d1-HOM-UHI-79830456b8-r5,5,DETERMINISTIC_RH,LEXMMFSA,17,4,lex_phase_4,0.002783060073852539,0.000659942626953125,0.0006248950958251953,1947.515625
oos_experiment,TK-PB-Drahi_1-d1-HOM-UHI-79830456b8-r5,5,DETERMINISTIC_RH,LEXMMFSA,17,5,lex_phase_5,0.003050088882446289,0.0006759166717529297,0.0006430149078369141,1927.3125
oos_experiment,TK-PB-Drahi_1-d1-HOM-UHI-79830456b8-r5,5,DETERMINISTIC_RH,LEXMMFSA,17,5,lex_phase_5,0.002783060073852539,0.0007128715515136719,0.0006778240203857422,1947.515625
oos_experiment,TK-PB-Drahi_1-d1-HOM-UHI-79830456b8-r5,5,DETERMINISTIC_RH,LEXMMFSA,17,6,economic_tie_break,0.003050088882446289,0.0005700588226318359,0.0005300045013427734,1927.3125
oos_experiment,TK-PB-Drahi_1-d1-HOM-UHI-79830456b8-r5,5,DETERMINISTIC_RH,LEXMMFSA,17,6,economic_tie_break,0.002783060073852539,0.0005090236663818359,0.000476837158203125,1947.515625
oos_experiment,TK-PB-Drahi_1-d1-HOM-UHI-79830456b8-r5,5,DETERMINISTIC_RH,LEXMMFSA,18,1,lex_phase_1,0.003050088882446289,0.005609989166259766,0.003030061721801758,1927.3125
oos_experiment,TK-PB-Drahi_1-d1-HOM-UHI-79830456b8-r5,5,DETERMINISTIC_RH,LEXMMFSA,18,1,lex_phase_1,0.002783060073852539,0.0057392120361328125,0.003058195114135742,1947.515625
oos_experiment,TK-PB-Drahi_1-d1-HOM-UHI-79830456b8-r5,5,DETERMINISTIC_RH,LEXMMFSA,18,2,lex_phase_2,0.003050088882446289,0.0009658336639404297,0.0009250640869140625,1927.3125
oos_experiment,TK-PB-Drahi_1-d1-HOM-UHI-79830456b8-r5,5,DETERMINISTIC_RH,LEXMMFSA,18,2,lex_phase_2,0.002783060073852539,0.0008988380432128906,0.0008590221405029297,1947.515625
oos_experiment,TK-PB-Drahi_1-d1-HOM-UHI-79830456b8-r5,5,DETERMINISTIC_RH,LEXMMFSA,18,3,lex_phase_3,0.003050088882446289,0.0007901191711425781,0.0007560253143310547,1927.3125
oos_experiment,TK-PB-Drahi_1-d1-HOM-UHI-79830456b8-r5,5,DETERMINISTIC_RH,LEXMMFSA,18,3,lex_phase_3,0.002783060073852539,0.0008571147918701172,0.000823974609375,1947.515625
oos_experiment,TK-PB-Drahi_1-d1-HOM-UHI-79830456b8-r5,5,DETERMINISTIC_RH,LEXMMFSA,18,4,lex_phase_4,0.003050088882446289,0.0007369518280029297,0.0007009506225585938,1927.3125
oos_experiment,TK-PB-Drahi_1-d1-HOM-UHI-79830456b8-r5,5,DETERMINISTIC_RH,LEXMMFSA,18,4,lex_phase_4,0.002783060073852539,0.000659942626953125,0.0006248950958251953,1947.515625
oos_experiment,TK-PB-Drahi_1-d1-HOM-UHI-79830456b8-r5,5,DETERMINISTIC_RH,LEXMMFSA,18,5,lex_phase_5,0.003050088882446289,0.0006759166717529297,0.0006430149078369141,1927.3125
oos_experiment,TK-PB-Drahi_1-d1-HOM-UHI-79830456b8-r5,5,DETERMINISTIC_RH,LEXMMFSA,18,5,lex_phase_5,0.002783060073852539,0.0007128715515136719,0.0006778240203857422,1947.515625
oos_experiment,TK-PB-Drahi_1-d1-HOM-UHI-79830456b8-r5,5,DETERMINISTIC_RH,LEXMMFSA,18,6,economic_tie_break,0.003050088882446289,0.0005700588226318359,0.0005300045013427734,1927.3125
oos_experiment,TK-PB-Drahi_1-d1-HOM-UHI-79830456b8-r5,5,DETERMINISTIC_RH,LEXMMFSA,18,6,economic_tie_break,0.002783060073852539,0.0005090236663818359,0.000476837158203125,1947.515625
oos_experiment,TK-PB-Drahi_1-d1-HOM-UHI-79830456b8-r5,5,DETERMINISTIC_RH,LEXMMFSA,19,1,lex_phase_1,0.003050088882446289,0.005609989166259766,0.003030061721801758,1927.3125
oos_experiment,TK-PB-Drahi_1-d1-HOM-UHI-79830456b8-r5,5,DETERMINISTIC_RH,LEXMMFSA,19,1,lex_phase_1,0.002783060073852539,0.0057392120361328125,0.003058195114135742,1947.515625
oos_experiment,TK-PB-Drahi_1-d1-HOM-UHI-79830456b8-r5,5,DETERMINISTIC_RH,LEXMMFSA,19,2,lex_phase_2,0.003050088882446289,0.0009658336639404297,0.0009250640869140625,1927.3125
oos_experiment,TK-PB-Drahi_1-d1-HOM-UHI-79830456b8-r5,5,DETERMINISTIC_RH,LEXMMFSA,19,2,lex_phase_2,0.002783060073852539,0.0008988380432128906,0.0008590221405029297,1947.515625
oos_experiment,TK-PB-Drahi_1-d1-HOM-UHI-79830456b8-r5,5,DETERMINISTIC_RH,LEXMMFSA,19,3,lex_phase_3,0.003050088882446289,0.0007901191711425781,0.0007560253143310547,1927.3125
oos_experiment,TK-PB-Drahi_1-d1-HOM-UHI-79830456b8-r5,5,DETERMINISTIC_RH,LEXMMFSA,19,3,lex_phase_3,0.002783060073852539,0.0008571147918701172,0.000823974609375,1947.515625
oos_experiment,TK-PB-Drahi_1-d1-HOM-UHI-79830456b8-r5,5,DETERMINISTIC_RH,LEXMMFSA,19,4,lex_phase_4,0.003050088882446289,0.0007369518280029297,0.0007009506225585938,1927.3125
oos_experiment,TK-PB-Drahi_1-d1-HOM-UHI-79830456b8-r5,5,DETERMINISTIC_RH,LEXMMFSA,19,4,lex_phase_4,0.002783060073852539,0.000659942626953125,0.0006248950958251953,1947.515625
oos_experiment,TK-PB-Drahi_1-d1-HOM-UHI-79830456b8-r5,5,DETERMINISTIC_RH,LEXMMFSA,19,5,lex_phase_5,0.003050088882446289,0.0006759166717529297,0.0006430149078369141,1927.3125
oos_experiment,TK-PB-Drahi_1-d1-HOM-UHI-79830456b8-r5,5,DETERMINISTIC_RH,LEXMMFSA,19,5,lex_phase_5,0.002783060073852539,0.0007128715515136719,0.0006778240203857422,1947.515625
oos_experiment,TK-PB-Drahi_1-d1-HOM-UHI-79830456b8-r5,5,DETERMINISTIC_RH,LEXMMFSA,19,6,economic_tie_break,0.003050088882446289,0.0005700588226318359,0.0005300045013427734,1927.3125
oos_experiment,TK-PB-Drahi_1-d1-HOM-UHI-79830456b8-r5,5,DETERMINISTIC_RH,LEXMMFSA,19,6,economic_tie_break,0.002783060073852539,0.0005090236663818359,0.000476837158203125,1947.515625
oos_experiment,TK-PB-Drahi_1-d1-HOM-UHI-79830456b8-r5,5,DETERMINISTIC_RH,LEXMMFSA,20,1,lex_phase_1,0.003050088882446289,0.005609989166259766,0.003030061721801758,1927.3125
oos_experiment,TK-PB-Drahi_1-d1-HOM-UHI-79830456b8-r5,5,DETERMINISTIC_RH,LEXMMFSA,20,1,lex_phase_1,0.002783060073852539,0.0057392120361328125,0.003058195114135742,1947.515625
oos_experiment,TK-PB-Drahi_1-d1-HOM-UHI-79830456b8-r5,5,DETERMINISTIC_RH,LEXMMFSA,20,2,lex_phase_2,0.003050088882446289,0.0009658336639404297,0.0009250640869140625,1927.3125
oos_experiment,TK-PB-Drahi_1-d1-HOM-UHI-79830456b8-r5,5,DETERMINISTIC_RH,LEXMMFSA,20,2,lex_phase_2,0.002783060073852539,0.0008988380432128906,0.0008590221405029297,1947.515625
oos_experiment,TK-PB-Drahi_1-d1-HOM-UHI-79830456b8-r5,5,DETERMINISTIC_RH,LEXMMFSA,20,3,lex_phase_3,0.003050088882446289,0.0007901191711425781,0.0007560253143310547,1927.3125
oos_experiment,TK-PB-Drahi_1-d1-HOM-UHI-79830456b8-r5,5,DETERMINISTIC_RH,LEXMMFSA,20,3,lex_phase_3,0.002783060073852539,0.0008571147918701172,0.000823974609375,1947.515625
oos_experiment,TK-PB-Drahi_1-d1-HOM-UHI-79830456b8-r5,5,DETERMINISTIC_RH,LEXMMFSA,20,4,lex_phase_4,0.003050088882446289,0.0007369518280029297,0.0007009506225585938,1927.3125
oos_experiment,TK-PB-Drahi_1-d1-HOM-UHI-79830456b8-r5,5,DETERMINISTIC_RH,LEXMMFSA,20,4,lex_phase_4,0.002783060073852539,0.000659942626953125,0.0006248950958251953,1947.515625
oos_experiment,TK-PB-Drahi_1-d1-HOM-UHI-79830456b8-r5,5,DETERMINISTIC_RH,LEXMMFSA,20,5,lex_phase_5,0.003050088882446289,0.0006759166717529297,0.0006430149078369141,1927.3125
oos_experiment,TK-PB-Drahi_1-d1-HOM-UHI-79830456b8-r5,5,DETERMINISTIC_RH,LEXMMFSA,20,5,lex_phase_5,0.002783060073852539,0.0007128715515136719,0.0006778240203857422,1947.515625
oos_experiment,TK-PB-Drahi_1-d1-HOM-UHI-79830456b8-r5,5,DETERMINISTIC_RH,LEXMMFSA,20,6,economic_tie_break,0.003050088882446289,0.0005700588226318359,0.0005300045013427734,1927.3125
oos_experiment,TK-PB-Drahi_1-d1-HOM-UHI-79830456b8-r5,5,DETERMINISTIC_RH,LEXMMFSA,20,6,economic_tie_break,0.002783060073852539,0.0005090236663818359,0.000476837158203125,1947.515625
oos_experiment,TK-PB-Drahi_1-d1-HOM-UHI-79830456b8-r5,5,DETERMINISTIC_RH,LEXMMFSA,21,1,lex_phase_1,0.002662181854248047,0.007431983947753906,0.004410982131958008,1927.3125
oos_experiment,TK-PB-Drahi_1-d1-HOM-UHI-79830456b8-r5,5,DETERMINISTIC_RH,LEXMMFSA,21,1,lex_phase_1,0.002866983413696289,0.007225990295410156,0.0046198368072509766,1947.515625
oos_experiment,TK-PB-Drahi_1-d1-HOM-UHI-79830456b8-r5,5,DETERMINISTIC_RH,LEXMMFSA,21,2,lex_phase_2,0.002662181854248047,0.0007359981536865234,0.0007050037384033203,1927.3125
oos_experiment,TK-PB-Drahi_1-d1-HOM-UHI-79830456b8-r5,5,DETERMINISTIC_RH,LEXMMFSA,21,2,lex_phase_2,0.002866983413696289,0.0007979869842529297,0.0007441043853759766,1947.515625
oos_experiment,TK-PB-Drahi_1-d1-HOM-UHI-79830456b8-r5,5,DETERMINISTIC_RH,LEXMMFSA,21,3,lex_phase_3,0.002662181854248047,0.0005259513854980469,0.0004990100860595703,1927.3125
oos_experiment,TK-PB-Drahi_1-d1-HOM-UHI-79830456b8-r5,5,DETERMINISTIC_RH,LEXMMFSA,21,3,lex_phase_3,0.002866983413696289,0.0007300376892089844,0.0006971359252929688,1947.515625
oos_experiment,TK-PB-Drahi_1-d1-HOM-UHI-79830456b8-r5,5,DETERMINISTIC_RH,LEXMMFSA,21,4,lex_phase_4,0.002662181854248047,0.0006189346313476562,0.0005950927734375,1927.3125
oos_experiment,TK-PB-Drahi_1-d1-HOM-UHI-79830456b8-r5,5,DETERMINISTIC_RH,LEXMMFSA,21,4,lex_phase_4,0.002866983413696289,0.0006918907165527344,0.0006527900695800781,1947.515625
oos_experiment,TK-PB-Drahi_1-d1-HOM-UHI-79830456b8-r5,5,DETERMINISTIC_RH,LEXMMFSA,21,5,lex_phase_5,0.002662181854248047,0.0006601810455322266,0.0006210803985595703,1927.3125
oos_experiment,TK-PB-Drahi_1-d1-HOM-UHI-79830456b8-r5,5,DETERMINISTIC_RH,LEXMMFSA,21,5,lex_phase_5,0.002866983413696289,0.0006449222564697266,0.0006129741668701172,1947.515625
oos_experiment,TK-PB-Drahi_1-d1-HOM-UHI-79830456b8-r5,5,DETERMINISTIC_RH,LEXMMFSA,21,6,economic_tie_break,0.002662181854248047,0.0005319118499755859,0.0004999637603759766,1927.3125
oos_experiment,TK-PB-Drahi_1-d1-HOM-UHI-79830456b8-r5,5,DETERMINISTIC_RH,LEXMMFSA,21,6,economic_tie_break,0.002866983413696289,0.0005459785461425781,0.0005118846893310547,1947.515625
oos_experiment,TK-PB-Drahi_1-d1-HOM-UHI-79830456b8-r5,5,DETERMINISTIC_RH,LEXMMFSA,22,1,lex_phase_1,0.002662181854248047,0.007431983947753906,0.004410982131958008,1927.3125
oos_experiment,TK-PB-Drahi_1-d1-HOM-UHI-79830456b8-r5,5,DETERMINISTIC_RH,LEXMMFSA,22,1,lex_phase_1,0.002866983413696289,0.007225990295410156,0.0046198368072509766,1947.515625
oos_experiment,TK-PB-Drahi_1-d1-HOM-UHI-79830456b8-r5,5,DETERMINISTIC_RH,LEXMMFSA,22,2,lex_phase_2,0.002662181854248047,0.0007359981536865234,0.0007050037384033203,1927.3125
oos_experiment,TK-PB-Drahi_1-d1-HOM-UHI-79830456b8-r5,5,DETERMINISTIC_RH,LEXMMFSA,22,2,lex_phase_2,0.002866983413696289,0.0007979869842529297,0.0007441043853759766,1947.515625
oos_experiment,TK-PB-Drahi_1-d1-HOM-UHI-79830456b8-r5,5,DETERMINISTIC_RH,LEXMMFSA,22,3,lex_phase_3,0.002662181854248047,0.0005259513854980469,0.0004990100860595703,1927.3125
oos_experiment,TK-PB-Drahi_1-d1-HOM-UHI-79830456b8-r5,5,DETERMINISTIC_RH,LEXMMFSA,22,3,lex_phase_3,0.002866983413696289,0.0007300376892089844,0.0006971359252929688,1947.515625
oos_experiment,TK-PB-Drahi_1-d1-HOM-UHI-79830456b8-r5,5,DETERMINISTIC_RH,LEXMMFSA,22,4,lex_phase_4,0.002662181854248047,0.0006189346313476562,0.0005950927734375,1927.3125
oos_experiment,TK-PB-Drahi_1-d1-HOM-UHI-79830456b8-r5,5,DETERMINISTIC_RH,LEXMMFSA,22,4,lex_phase_4,0.002866983413696289,0.0006918907165527344,0.0006527900695800781,1947.515625
oos_experiment,TK-PB-Drahi_1-d1-HOM-UHI-79830456b8-r5,5,DETERMINISTIC_RH,LEXMMFSA,22,5,lex_phase_5,0.002662181854248047,0.0006601810455322266,0.0006210803985595703,1927.3125
oos_experiment,TK-PB-Drahi_1-d1-HOM-UHI-79830456b8-r5,5,DETERMINISTIC_RH,LEXMMFSA,22,5,lex_phase_5,0.002866983413696289,0.0006449222564697266,0.0006129741668701172,1947.515625
oos_experiment,TK-PB-Drahi_1-d1-HOM-UHI-79830456b8-r5,5,DETERMINISTIC_RH,LEXMMFSA,22,6,economic_tie_break,0.002662181854248047,0.0005319118499755859,0.0004999637603759766,1927.3125
oos_experiment,TK-PB-Drahi_1-d1-HOM-UHI-79830456b8-r5,5,DETERMINISTIC_RH,LEXMMFSA,22,6,economic_tie_break,0.002866983413696289,0.0005459785461425781,0.0005118846893310547,1947.515625
oos_experiment,TK-PB-Drahi_1-d1-HOM-UHI-79830456b8-r5,5,DETERMINISTIC_RH,LEXMMFSA,23,1,lex_phase_1,0.002662181854248047,0.007431983947753906,0.004410982131958008,1927.3125
oos_experiment,TK-PB-Drahi_1-d1-HOM-UHI-79830456b8-r5,5,DETERMINISTIC_RH,LEXMMFSA,23,1,lex_phase_1,0.002866983413696289,0.007225990295410156,0.0046198368072509766,1947.515625
oos_experiment,TK-PB-Drahi_1-d1-HOM-UHI-79830456b8-r5,5,DETERMINISTIC_RH,LEXMMFSA,23,2,lex_phase_2,0.002662181854248047,0.0007359981536865234,0.0007050037384033203,1927.3125
oos_experiment,TK-PB-Drahi_1-d1-HOM-UHI-79830456b8-r5,5,DETERMINISTIC_RH,LEXMMFSA,23,2,lex_phase_2,0.002866983413696289,0.0007979869842529297,0.0007441043853759766,1947.515625
oos_experiment,TK-PB-Drahi_1-d1-HOM-UHI-79830456b8-r5,5,DETERMINISTIC_RH,LEXMMFSA,23,3,lex_phase_3,0.002662181854248047,0.0005259513854980469,0.0004990100860595703,1927.3125
oos_experiment,TK-PB-Drahi_1-d1-HOM-UHI-79830456b8-r5,5,DETERMINISTIC_RH,LEXMMFSA,23,3,lex_phase_3,0.002866983413696289,0.0007300376892089844,0.0006971359252929688,1947.515625
oos_experiment,TK-PB-Drahi_1-d1-HOM-UHI-79830456b8-r5,5,DETERMINISTIC_RH,LEXMMFSA,23,4,lex_phase_4,0.002662181854248047,0.0006189346313476562,0.0005950927734375,1927.3125
oos_experiment,TK-PB-Drahi_1-d1-HOM-UHI-79830456b8-r5,5,DETERMINISTIC_RH,LEXMMFSA,23,4,lex_phase_4,0.002866983413696289,0.0006918907165527344,0.0006527900695800781,1947.515625
oos_experiment,TK-PB-Drahi_1-d1-HOM-UHI-79830456b8-r5,5,DETERMINISTIC_RH,LEXMMFSA,23,5,lex_phase_5,0.002662181854248047,0.0006601810455322266,0.0006210803985595703,1927.3125
oos_experiment,TK-PB-Drahi_1-d1-HOM-UHI-79830456b8-r5,5,DETERMINISTIC_RH,LEXMMFSA,23,5,lex_phase_5,0.002866983413696289,0.0006449222564697266,0.0006129741668701172,1947.515625
oos_experiment,TK-PB-Drahi_1-d1-HOM-UHI-79830456b8-r5,5,DETERMINISTIC_RH,LEXMMFSA,23,6,economic_tie_break,0.002662181854248047,0.0005319118499755859,0.0004999637603759766,1927.3125
oos_experiment,TK-PB-Drahi_1-d1-HOM-UHI-79830456b8-r5,5,DETERMINISTIC_RH,LEXMMFSA,23,6,economic_tie_break,0.002866983413696289,0.0005459785461425781,0.0005118846893310547,1947.515625
oos_experiment,TK-PB-Drahi_1-d1-HOM-UHI-79830456b8-r5,5,DETERMINISTIC_RH,LEXMMFSA,24,1,lex_phase_1,0.002662181854248047,0.007431983947753906,0.004410982131958008,1927.3125
oos_experiment,TK-PB-Drahi_1-d1-HOM-UHI-79830456b8-r5,5,DETERMINISTIC_RH,LEXMMFSA,24,1,lex_phase_1,0.002866983413696289,0.007225990295410156,0.0046198368072509766,1947.515625
oos_experiment,TK-PB-Drahi_1-d1-HOM-UHI-79830456b8-r5,5,DETERMINISTIC_RH,LEXMMFSA,24,2,lex_phase_2,0.002662181854248047,0.0007359981536865234,0.0007050037384033203,1927.3125
oos_experiment,TK-PB-Drahi_1-d1-HOM-UHI-79830456b8-r5,5,DETERMINISTIC_RH,LEXMMFSA,24,2,lex_phase_2,0.002866983413696289,0.0007979869842529297,0.0007441043853759766,1947.515625
oos_experiment,TK-PB-Drahi_1-d1-HOM-UHI-79830456b8-r5,5,DETERMINISTIC_RH,LEXMMFSA,24,3,lex_phase_3,0.002662181854248047,0.0005259513854980469,0.0004990100860595703,1927.3125
oos_experiment,TK-PB-Drahi_1-d1-HOM-UHI-79830456b8-r5,5,DETERMINISTIC_RH,LEXMMFSA,24,3,lex_phase_3,0.002866983413696289,0.0007300376892089844,0.0006971359252929688,1947.515625
oos_experiment,TK-PB-Drahi_1-d1-HOM-UHI-79830456b8-r5,5,DETERMINISTIC_RH,LEXMMFSA,24,4,lex_phase_4,0.002662181854248047,0.0006189346313476562,0.0005950927734375,1927.3125
oos_experiment,TK-PB-Drahi_1-d1-HOM-UHI-79830456b8-r5,5,DETERMINISTIC_RH,LEXMMFSA,24,4,lex_phase_4,0.002866983413696289,0.0006918907165527344,0.0006527900695800781,1947.515625
oos_experiment,TK-PB-Drahi_1-d1-HOM-UHI-79830456b8-r5,5,DETERMINISTIC_RH,LEXMMFSA,24,5,lex_phase_5,0.002662181854248047,0.0006601810455322266,0.0006210803985595703,1927.3125
oos_experiment,TK-PB-Drahi_1-d1-HOM-UHI-79830456b8-r5,5,DETERMINISTIC_RH,LEXMMFSA,24,5,lex_phase_5,0.002866983413696289,0.0006449222564697266,0.0006129741668701172,1947.515625
oos_experiment,TK-PB-Drahi_1-d1-HOM-UHI-79830456b8-r5,5,DETERMINISTIC_RH,LEXMMFSA,24,6,economic_tie_break,0.002662181854248047,0.0005319118499755859,0.0004999637603759766,1927.3125
oos_experiment,TK-PB-Drahi_1-d1-HOM-UHI-79830456b8-r5,5,DETERMINISTIC_RH,LEXMMFSA,24,6,economic_tie_break,0.002866983413696289,0.0005459785461425781,0.0005118846893310547,1947.515625
oos_experiment,TK-PB-Drahi_1-d1-HOM-UHI-79830456b8-r5,5,DETERMINISTIC_RH,NONE,1,0,single_solve,0.0029439926147460938,0.005128145217895508,0.0028090476989746094,1901.71484375
oos_experiment,TK-PB-Drahi_1-d1-HOM-UHI-79830456b8-r5,5,DETERMINISTIC_RH,NONE,1,0,single_solve,0.002704143524169922,0.005259990692138672,0.0030291080474853516,1927.3125
oos_experiment,TK-PB-Drahi_1-d1-HOM-UHI-79830456b8-r5,5,DETERMINISTIC_RH,NONE,2,0,single_solve,0.0029439926147460938,0.005128145217895508,0.0028090476989746094,1901.71484375
oos_experiment,TK-PB-Drahi_1-d1-HOM-UHI-79830456b8-r5,5,DETERMINISTIC_RH,NONE,2,0,single_solve,0.002704143524169922,0.005259990692138672,0.0030291080474853516,1927.3125
oos_experiment,TK-PB-Drahi_1-d1-HOM-UHI-79830456b8-r5,5,DETERMINISTIC_RH,NONE,3,0,single_solve,0.0029439926147460938,0.005128145217895508,0.0028090476989746094,1901.71484375
oos_experiment,TK-PB-Drahi_1-d1-HOM-UHI-79830456b8-r5,5,DETERMINISTIC_RH,NONE,3,0,single_solve,0.002704143524169922,0.005259990692138672,0.0030291080474853516,1927.3125
oos_experiment,TK-PB-Drahi_1-d1-HOM-UHI-79830456b8-r5,5,DETERMINISTIC_RH,NONE,4,0,single_solve,0.0029439926147460938,0.005128145217895508,0.0028090476989746094,1901.71484375
oos_experiment,TK-PB-Drahi_1-d1-HOM-UHI-79830456b8-r5,5,DETERMINISTIC_RH,NONE,4,0,single_solve,0.002704143524169922,0.005259990692138672,0.0030291080474853516,1927.3125
oos_experiment,TK-PB-Drahi_1-d1-HOM-UHI-79830456b8-r5,5,DETERMINISTIC_RH,NONE,5,0,single_solve,0.0027740001678466797,0.00487208366394043,0.0027251243591308594,1901.71484375
oos_experiment,TK-PB-Drahi_1-d1-HOM-UHI-79830456b8-r5,5,DETERMINISTIC_RH,NONE,5,0,single_solve,0.002585887908935547,0.004876852035522461,0.0028100013732910156,1927.3125
oos_experiment,TK-PB-Drahi_1-d1-HOM-UHI-79830456b8-r5,5,DETERMINISTIC_RH,NONE,6,0,single_solve,0.0027740001678466797,0.00487208366394043,0.0027251243591308594,1901.71484375
oos_experiment,TK-PB-Drahi_1-d1-HOM-UHI-79830456b8-r5,5,DETERMINISTIC_RH,NONE,6,0,single_solve,0.002585887908935547,0.004876852035522461,0.0028100013732910156,1927.3125
oos_experiment,TK-PB-Drahi_1-d1-HOM-UHI-79830456b8-r5,5,DETERMINISTIC_RH,NONE,7,0,single_solve,0.0027740001678466797,0.00487208366394043,0.0027251243591308594,1901.71484375
oos_experiment,TK-PB-Drahi_1-d1-HOM-UHI-79830456b8-r5,5,DETERMINISTIC_RH,NONE,7,0,single_solve,0.002585887908935547,0.004876852035522461,0.0028100013732910156,1927.3125
oos_experiment,TK-PB-Drahi_1-d1-HOM-UHI-79830456b8-r5,5,DETERMINISTIC_RH,NONE,8,0,single_solve,0.0027740001678466797,0.00487208366394043,0.0027251243591308594,1901.71484375
oos_experiment,TK-PB-Drahi_1-d1-HOM-UHI-79830456b8-r5,5,DETERMINISTIC_RH,NONE,8,0,single_solve,0.002585887908935547,0.004876852035522461,0.0028100013732910156,1927.3125
oos_experiment,TK-PB-Drahi_1-d1-HOM-UHI-79830456b8-r5,5,DETERMINISTIC_RH,NONE,9,0,single_solve,0.002599954605102539,0.004590034484863281,0.002562999725341797,1901.71484375
oos_experiment,TK-PB-Drahi_1-d1-HOM-UHI-79830456b8-r5,5,DETERMINISTIC_RH,NONE,9,0,single_solve,0.002532958984375,0.004776954650878906,0.0026950836181640625,1927.3125
oos_experiment,TK-PB-Drahi_1-d1-HOM-UHI-79830456b8-r5,5,DETERMINISTIC_RH,NONE,10,0,single_solve,0.002599954605102539,0.004590034484863281,0.002562999725341797,1901.71484375
oos_experiment,TK-PB-Drahi_1-d1-HOM-UHI-79830456b8-r5,5,DETERMINISTIC_RH,NONE,10,0,single_solve,0.002532958984375,0.004776954650878906,0.0026950836181640625,1927.3125
oos_experiment,TK-PB-Drahi_1-d1-HOM-UHI-79830456b8-r5,5,DETERMINISTIC_RH,NONE,11,0,single_solve,0.002599954605102539,0.004590034484863281,0.002562999725341797,1901.71484375
oos_experiment,TK-PB-Drahi_1-d1-HOM-UHI-79830456b8-r5,5,DETERMINISTIC_RH,NONE,11,0,single_solve,0.002532958984375,0.004776954650878906,0.0026950836181640625,1927.3125
oos_experiment,TK-PB-Drahi_1-d1-HOM-UHI-79830456b8-r5,5,DETERMINISTIC_RH,NONE,12,0,single_solve,0.002599954605102539,0.004590034484863281,0.002562999725341797,1901.71484375
oos_experiment,TK-PB-Drahi_1-d1-HOM-UHI-79830456b8-r5,5,DETERMINISTIC_RH,NONE,12,0,single_solve,0.002532958984375,0.004776954650878906,0.0026950836181640625,1927.3125
oos_experiment,TK-PB-Drahi_1-d1-HOM-UHI-79830456b8-r5,5,DETERMINISTIC_RH,NONE,13,0,single_solve,0.002521991729736328,0.08755302429199219,0.0028340816497802734,1901.71484375
oos_experiment,TK-PB-Drahi_1-d1-HOM-UHI-79830456b8-r5,5,DETERMINISTIC_RH,NONE,13,0,single_solve,0.0025827884674072266,0.0048291683197021484,0.002682924270629883,1927.3125
oos_experiment,TK-PB-Drahi_1-d1-HOM-UHI-79830456b8-r5,5,DETERMINISTIC_RH,NONE,14,0,single_solve,0.002521991729736328,0.08755302429199219,0.0028340816497802734,1901.71484375
oos_experiment,TK-PB-Drahi_1-d1-HOM-UHI-79830456b8-r5,5,DETERMINISTIC_RH,NONE,14,0,single_solve,0.0025827884674072266,0.0048291683197021484,0.002682924270629883,1927.3125
oos_experiment,TK-PB-Drahi_1-d1-HOM-UHI-79830456b8-r5,5,DETERMINISTIC_RH,NONE,15,0,single_solve,0.002521991729736328,0.08755302429199219,0.0028340816497802734,1901.71484375
oos_experiment,TK-PB-Drahi_1-d1-HOM-UHI-79830456b8-r5,5,DETERMINISTIC_RH,NONE,15,0,single_solve,0.0025827884674072266,0.0048291683197021484,0.002682924270629883,1927.3125
oos_experiment,TK-PB-Drahi_1-d1-HOM-UHI-79830456b8-r5,5,DETERMINISTIC_RH,NONE,16,0,single_solve,0.002521991729736328,0.08755302429199219,0.0028340816497802734,1901.71484375
oos_experiment,TK-PB-Drahi_1-d1-HOM-UHI-79830456b8-r5,5,DETERMINISTIC_RH,NONE,16,0,single_solve,0.0025827884674072266,0.0048291683197021484,0.002682924270629883,1927.3125
oos_experiment,TK-PB-Drahi_1-d1-HOM-UHI-79830456b8-r5,5,DETERMINISTIC_RH,NONE,17,0,single_solve,0.0027129650115966797,0.004915952682495117,0.0028581619262695312,1901.71484375
oos_experiment,TK-PB-Drahi_1-d1-HOM-UHI-79830456b8-r5,5,DETERMINISTIC_RH,NONE,17,0,single_solve,0.002563953399658203,0.004639863967895508,0.002485990524291992,1927.3125
oos_experiment,TK-PB-Drahi_1-d1-HOM-UHI-79830456b8-r5,5,DETERMINISTIC_RH,NONE,18,0,single_solve,0.0027129650115966797,0.004915952682495117,0.0028581619262695312,1901.71484375
oos_experiment,TK-PB-Drahi_1-d1-HOM-UHI-79830456b8-r5,5,DETERMINISTIC_RH,NONE,18,0,single_solve,0.002563953399658203,0.004639863967895508,0.002485990524291992,1927.3125
oos_experiment,TK-PB-Drahi_1-d1-HOM-UHI-79830456b8-r5,5,DETERMINISTIC_RH,NONE,19,0,single_solve,0.0027129650115966797,0.004915952682495117,0.0028581619262695312,1901.71484375
oos_experiment,TK-PB-Drahi_1-d1-HOM-UHI-79830456b8-r5,5,DETERMINISTIC_RH,NONE,19,0,single_solve,0.002563953399658203,0.004639863967895508,0.002485990524291992,1927.3125
oos_experiment,TK-PB-Drahi_1-d1-HOM-UHI-79830456b8-r5,5,DETERMINISTIC_RH,NONE,20,0,single_solve,0.0027129650115966797,0.004915952682495117,0.0028581619262695312,1901.71484375
oos_experiment,TK-PB-Drahi_1-d1-HOM-UHI-79830456b8-r5,5,DETERMINISTIC_RH,NONE,20,0,single_solve,0.002563953399658203,0.004639863967895508,0.002485990524291992,1927.3125
oos_experiment,TK-PB-Drahi_1-d1-HOM-UHI-79830456b8-r5,5,DETERMINISTIC_RH,NONE,21,0,single_solve,0.0025229454040527344,0.005255937576293945,0.0029599666595458984,1901.71484375
oos_experiment,TK-PB-Drahi_1-d1-HOM-UHI-79830456b8-r5,5,DETERMINISTIC_RH,NONE,21,0,single_solve,0.0025038719177246094,0.004872798919677734,0.002730846405029297,1927.3125
oos_experiment,TK-PB-Drahi_1-d1-HOM-UHI-79830456b8-r5,5,DETERMINISTIC_RH,NONE,22,0,single_solve,0.0025229454040527344,0.005255937576293945,0.0029599666595458984,1901.71484375
oos_experiment,TK-PB-Drahi_1-d1-HOM-UHI-79830456b8-r5,5,DETERMINISTIC_RH,NONE,22,0,single_solve,0.0025038719177246094,0.004872798919677734,0.002730846405029297,1927.3125
oos_experiment,TK-PB-Drahi_1-d1-HOM-UHI-79830456b8-r5,5,DETERMINISTIC_RH,NONE,23,0,single_solve,0.0025229454040527344,0.005255937576293945,0.0029599666595458984,1901.71484375
oos_experiment,TK-PB-Drahi_1-d1-HOM-UHI-79830456b8-r5,5,DETERMINISTIC_RH,NONE,23,0,single_solve,0.0025038719177246094,0.004872798919677734,0.002730846405029297,1927.3125
oos_experiment,TK-PB-Drahi_1-d1-HOM-UHI-79830456b8-r5,5,DETERMINISTIC_RH,NONE,24,0,single_solve,0.0025229454040527344,0.005255937576293945,0.0029599666595458984,1901.71484375
oos_experiment,TK-PB-Drahi_1-d1-HOM-UHI-79830456b8-r5,5,DETERMINISTIC_RH,NONE,24,0,single_solve,0.0025038719177246094,0.004872798919677734,0.002730846405029297,1927.3125
oos_experiment,TK-PB-Drahi_1-d1-HOM-UHI-79830456b8-r5,5,DETERMINISTIC_RH,PEA,1,0,single_solve,0.00333404541015625,0.005977153778076172,0.0034971237182617188,1927.3125
oos_experiment,TK-PB-Drahi_1-d1-HOM-UHI-79830456b8-r5,5,DETERMINISTIC_RH,PEA,1,0,single_solve,0.0032949447631835938,0.006249904632568359,0.0036270618438720703,1947.515625
oos_experiment,TK-PB-Drahi_1-d1-HOM-UHI-79830456b8-r5,5,DETERMINISTIC_RH,PEA,2,0,single_solve,0.00333404541015625,0.005977153778076172,0.0034971237182617188,1927.3125
oos_experiment,TK-PB-Drahi_1-d1-HOM-UHI-79830456b8-r5,5,DETERMINISTIC_RH,PEA,2,0,single_solve,0.0032949447631835938,0.006249904632568359,0.0036270618438720703,1947.515625
oos_experiment,TK-PB-Drahi_1-d1-HOM-UHI-79830456b8-r5,5,DETERMINISTIC_RH,PEA,3,0,single_solve,0.00333404541015625,0.005977153778076172,0.0034971237182617188,1927.3125
oos_experiment,TK-PB-Drahi_1-d1-HOM-UHI-79830456b8-r5,5,DETERMINISTIC_RH,PEA,3,0,single_solve,0.0032949447631835938,0.006249904632568359,0.0036270618438720703,1947.515625
oos_experiment,TK-PB-Drahi_1-d1-HOM-UHI-79830456b8-r5,5,DETERMINISTIC_RH,PEA,4,0,single_solve,0.00333404541015625,0.005977153778076172,0.0034971237182617188,1927.3125
oos_experiment,TK-PB-Drahi_1-d1-HOM-UHI-79830456b8-r5,5,DETERMINISTIC_RH,PEA,4,0,single_solve,0.0032949447631835938,0.006249904632568359,0.0036270618438720703,1947.515625
oos_experiment,TK-PB-Drahi_1-d1-HOM-UHI-79830456b8-r5,5,DETERMINISTIC_RH,PEA,5,0,single_solve,0.0032050609588623047,0.00648188591003418,0.0038661956787109375,1927.3125
oos_experiment,TK-PB-Drahi_1-d1-HOM-UHI-79830456b8-r5,5,DETERMINISTIC_RH,PEA,5,0,single_solve,0.0032799243927001953,0.005940914154052734,0.0034439563751220703,1947.515625
oos_experiment,TK-PB-Drahi_1-d1-HOM-UHI-79830456b8-r5,5,DETERMINISTIC_RH,PEA,6,0,single_solve,0.0032050609588623047,0.00648188591003418,0.0038661956787109375,1927.3125
oos_experiment,TK-PB-Drahi_1-d1-HOM-UHI-79830456b8-r5,5,DETERMINISTIC_RH,PEA,6,0,single_solve,0.0032799243927001953,0.005940914154052734,0.0034439563751220703,1947.515625
oos_experiment,TK-PB-Drahi_1-d1-HOM-UHI-79830456b8-r5,5,DETERMINISTIC_RH,PEA,7,0,single_solve,0.0032050609588623047,0.00648188591003418,0.0038661956787109375,1927.3125
oos_experiment,TK-PB-Drahi_1-d1-HOM-UHI-79830456b8-r5,5,DETERMINISTIC_RH,PEA,7,0,single_solve,0.0032799243927001953,0.005940914154052734,0.0034439563751220703,1947.515625
oos_experiment,TK-PB-Drahi_1-d1-HOM-UHI-79830456b8-r5,5,DETERMINISTIC_RH,PEA,8,0,single_solve,0.0032050609588623047,0.00648188591003418,0.0038661956787109375,1927.3125
oos_experiment,TK-PB-Drahi_1-d1-HOM-UHI-79830456b8-r5,5,DETERMINISTIC_RH,PEA,8,0,single_solve,0.0032799243927001953,0.005940914154052734,0.0034439563751220703,1947.515625
oos_experiment,TK-PB-Drahi_1-d1-HOM-UHI-79830456b8-r5,5,DETERMINISTIC_RH,PEA,9,0,single_solve,0.0024619102478027344,0.0048449039459228516,0.0029571056365966797,1927.3125
oos_experiment,TK-PB-Drahi_1-d1-HOM-UHI-79830456b8-r5,5,DETERMINISTIC_RH,PEA,9,0,single_solve,0.0032100677490234375,0.0058879852294921875,0.003320932388305664,1947.515625
oos_experiment,TK-PB-Drahi_1-d1-HOM-UHI-79830456b8-r5,5,DETERMINISTIC_RH,PEA,10,0,single_solve,0.0024619102478027344,0.0048449039459228516,0.0029571056365966797,1927.3125
oos_experiment,TK-PB-Drahi_1-d1-HOM-UHI-79830456b8-r5,5,DETERMINISTIC_RH,PEA,10,0,single_solve,0.0032100677490234375,0.0058879852294921875,0.003320932388305664,1947.515625
oos_experiment,TK-PB-Drahi_1-d1-HOM-UHI-79830456b8-r5,5,DETERMINISTIC_RH,PEA,11,0,single_solve,0.0024619102478027344,0.0048449039459228516,0.0029571056365966797,1927.3125
oos_experiment,TK-PB-Drahi_1-d1-HOM-UHI-79830456b8-r5,5,DETERMINISTIC_RH,PEA,11,0,single_solve,0.0032100677490234375,0.0058879852294921875,0.003320932388305664,1947.515625
oos_experiment,TK-PB-Drahi_1-d1-HOM-UHI-79830456b8-r5,5,DETERMINISTIC_RH,PEA,12,0,single_solve,0.0024619102478027344,0.0048449039459228516,0.0029571056365966797,1927.3125
oos_experiment,TK-PB-Drahi_1-d1-HOM-UHI-79830456b8-r5,5,DETERMINISTIC_RH,PEA,12,0,single_solve,0.0032100677490234375,0.0058879852294921875,0.003320932388305664,1947.515625
oos_experiment,TK-PB-Drahi_1-d1-HOM-UHI-79830456b8-r5,5,DETERMINISTIC_RH,PEA,13,0,single_solve,0.0025000572204589844,0.004800081253051758,0.002886056900024414,1927.3125
oos_experiment,TK-PB-Drahi_1-d1-HOM-UHI-79830456b8-r5,5,DETERMINISTIC_RH,PEA,13,0,single_solve,0.003180980682373047,0.0057239532470703125,0.0032041072845458984,1947.515625
oos_experiment,TK-PB-Drahi_1-d1-HOM-UHI-79830456b8-r5,5,DETERMINISTIC_RH,PEA,14,0,single_solve,0.0025000572204589844,0.004800081253051758,0.002886056900024414,1927.3125
oos_experiment,TK-PB-Drahi_1-d1-HOM-UHI-79830456b8-r5,5,DETERMINISTIC_RH,PEA,14,0,single_solve,0.003180980682373047,0.0057239532470703125,0.0032041072845458984,1947.515625
oos_experiment,TK-PB-Drahi_1-d1-HOM-UHI-79830456b8-r5,5,DETERMINISTIC_RH,PEA,15,0,single_solve,0.0025000572204589844,0.004800081253051758,0.002886056900024414,1927.3125
oos_experiment,TK-PB-Drahi_1-d1-HOM-UHI-79830456b8-r5,5,DETERMINISTIC_RH,PEA,15,0,single_solve,0.003180980682373047,0.0057239532470703125,0.0032041072845458984,1947.515625
oos_experiment,TK-PB-Drahi_1-d1-HOM-UHI-79830456b8-r5,5,DETERMINISTIC_RH,PEA,16,0,single_solve,0.0025000572204589844,0.004800081253051758,0.002886056900024414,1927.3125
oos_experiment,TK-PB-Drahi_1-d1-HOM-UHI-79830456b8-r5,5,DETERMINISTIC_RH,PEA,16,0,single_solve,0.003180980682373047,0.0057239532470703125,0.0032041072845458984,1947.515625
oos_experiment,TK-PB-Drahi_1-d1-HOM-UHI-79830456b8-r5,5,DETERMINISTIC_RH,PEA,17,0,single_solve,0.002543926239013672,0.004622936248779297,0.002811908721923828,1927.3125
oos_experiment,TK-PB-Drahi_1-d1-HOM-UHI-79830456b8-r5,5,DETERMINISTIC_RH,PEA,17,0,single_solve,0.003201007843017578,0.0057680606842041016,0.0032379627227783203,1947.515625
oos_experiment,TK-PB-Drahi_1-d1-HOM-UHI-79830456b8-r5,5,DETERMINISTIC_RH,PEA,18,0,single_solve,0.002543926239013672,0.004622936248779297,0.002811908721923828,1927.3125
oos_experiment,TK-PB-Drahi_1-d1-HOM-UHI-79830456b8-r5,5,DETERMINISTIC_RH,PEA,18,0,single_solve,0.003201007843017578,0.0057680606842041016,0.0032379627227783203,1947.515625
oos_experiment,TK-PB-Drahi_1-d1-HOM-UHI-79830456b8-r5,5,DETERMINISTIC_RH,PEA,19,0,single_solve,0.002543926239013672,0.004622936248779297,0.002811908721923828,1927.3125
oos_experiment,TK-PB-Drahi_1-d1-HOM-UHI-79830456b8-r5,5,DETERMINISTIC_RH,PEA,19,0,single_solve,0.003201007843017578,0.0057680606842041016,0.0032379627227783203,1947.515625
oos_experiment,TK-PB-Drahi_1-d1-HOM-UHI-79830456b8-r5,5,DETERMINISTIC_RH,PEA,20,0,single_solve,0.002543926239013672,0.004622936248779297,0.002811908721923828,1927.3125
oos_experiment,TK-PB-Drahi_1-d1-HOM-UHI-79830456b8-r5,5,DETERMINISTIC_RH,PEA,20,0,single_solve,0.003201007843017578,0.0057680606842041016,0.0032379627227783203,1947.515625
oos_experiment,TK-PB-Drahi_1-d1-HOM-UHI-79830456b8-r5,5,DETERMINISTIC_RH,PEA,21,0,single_solve,0.0031991004943847656,0.00545191764831543,0.002679109573364258,1927.3125
oos_experiment,TK-PB-Drahi_1-d1-HOM-UHI-79830456b8-r5,5,DETERMINISTIC_RH,PEA,21,0,single_solve,0.003106832504272461,0.005880117416381836,0.0032699108123779297,1947.515625
oos_experiment,TK-PB-Drahi_1-d1-HOM-UHI-79830456b8-r5,5,DETERMINISTIC_RH,PEA,22,0,single_solve,0.0031991004943847656,0.00545191764831543,0.002679109573364258,1927.3125
oos_experiment,TK-PB-Drahi_1-d1-HOM-UHI-79830456b8-r5,5,DETERMINISTIC_RH,PEA,22,0,single_solve,0.003106832504272461,0.005880117416381836,0.0032699108123779297,1947.515625
oos_experiment,TK-PB-Drahi_1-d1-HOM-UHI-79830456b8-r5,5,DETERMINISTIC_RH,PEA,23,0,single_solve,0.0031991004943847656,0.00545191764831543,0.002679109573364258,1927.3125
oos_experiment,TK-PB-Drahi_1-d1-HOM-UHI-79830456b8-r5,5,DETERMINISTIC_RH,PEA,23,0,single_solve,0.003106832504272461,0.005880117416381836,0.0032699108123779297,1947.515625
oos_experiment,TK-PB-Drahi_1-d1-HOM-UHI-79830456b8-r5,5,DETERMINISTIC_RH,PEA,24,0,single_solve,0.0031991004943847656,0.00545191764831543,0.002679109573364258,1927.3125
oos_experiment,TK-PB-Drahi_1-d1-HOM-UHI-79830456b8-r5,5,DETERMINISTIC_RH,PEA,24,0,single_solve,0.003106832504272461,0.005880117416381836,0.0032699108123779297,1947.515625
oos_experiment,TK-PB-Drahi_1-d1-HOM-UHI-79830456b8-r5,5,DETERMINISTIC_RH,SA,1,0,single_solve,0.0038449764251708984,0.006048917770385742,0.003698110580444336,1927.3125
oos_experiment,TK-PB-Drahi_1-d1-HOM-UHI-79830456b8-r5,5,DETERMINISTIC_RH,SA,1,0,single_solve,0.004354953765869141,0.0070149898529052734,0.0044629573822021484,1947.515625
oos_experiment,TK-PB-Drahi_1-d1-HOM-UHI-79830456b8-r5,5,DETERMINISTIC_RH,SA,2,0,single_solve,0.0038449764251708984,0.006048917770385742,0.003698110580444336,1927.3125
oos_experiment,TK-PB-Drahi_1-d1-HOM-UHI-79830456b8-r5,5,DETERMINISTIC_RH,SA,2,0,single_solve,0.004354953765869141,0.0070149898529052734,0.0044629573822021484,1947.515625
oos_experiment,TK-PB-Drahi_1-d1-HOM-UHI-79830456b8-r5,5,DETERMINISTIC_RH,SA,3,0,single_solve,0.0038449764251708984,0.006048917770385742,0.003698110580444336,1927.3125
oos_experiment,TK-PB-Drahi_1-d1-HOM-UHI-79830456b8-r5,5,DETERMINISTIC_RH,SA,3,0,single_solve,0.004354953765869141,0.0070149898529052734,0.0044629573822021484,1947.515625
oos_experiment,TK-PB-Drahi_1-d1-HOM-UHI-79830456b8-r5,5,DETERMINISTIC_RH,SA,4,0,single_solve,0.0038449764251708984,0.006048917770385742,0.003698110580444336,1927.3125
oos_experiment,TK-PB-Drahi_1-d1-HOM-UHI-79830456b8-r5,5,DETERMINISTIC_RH,SA,4,0,single_solve,0.004354953765869141,0.0070149898529052734,0.0044629573822021484,1947.515625
oos_experiment,TK-PB-Drahi_1-d1-HOM-UHI-79830456b8-r5,5,DETERMINISTIC_RH,SA,5,0,single_solve,0.003952980041503906,0.006096839904785156,0.0035648345947265625,1927.3125
oos_experiment,TK-PB-Drahi_1-d1-HOM-UHI-79830456b8-r5,5,DETERMINISTIC_RH,SA,5,0,single_solve,0.0041310787200927734,0.00692296028137207,0.0043909549713134766,1947.515625
oos_experiment,TK-PB-Drahi_1-d1-HOM-UHI-79830456b8-r5,5,DETERMINISTIC_RH,SA,6,0,single_solve,0.003952980041503906,0.006096839904785156,0.0035648345947265625,1927.3125
oos_experiment,TK-PB-Drahi_1-d1-HOM-UHI-79830456b8-r5,5,DETERMINISTIC_RH,SA,6,0,single_solve,0.0041310787200927734,0.00692296028137207,0.0043909549713134766,1947.515625
oos_experiment,TK-PB-Drahi_1-d1-HOM-UHI-79830456b8-r5,5,DETERMINISTIC_RH,SA,7,0,single_solve,0.003952980041503906,0.006096839904785156,0.0035648345947265625,1927.3125
oos_experiment,TK-PB-Drahi_1-d1-HOM-UHI-79830456b8-r5,5,DETERMINISTIC_RH,SA,7,0,single_solve,0.0041310787200927734,0.00692296028137207,0.0043909549713134766,1947.515625
oos_experiment,TK-PB-Drahi_1-d1-HOM-UHI-79830456b8-r5,5,DETERMINISTIC_RH,SA,8,0,single_solve,0.003952980041503906,0.006096839904785156,0.0035648345947265625,1927.3125
oos_experiment,TK-PB-Drahi_1-d1-HOM-UHI-79830456b8-r5,5,DETERMINISTIC_RH,SA,8,0,single_solve,0.0041310787200927734,0.00692296028137207,0.0043909549713134766,1947.515625
oos_experiment,TK-PB-Drahi_1-d1-HOM-UHI-79830456b8-r5,5,DETERMINISTIC_RH,SA,9,0,single_solve,0.004044055938720703,0.005316972732543945,0.003269195556640625,1927.3125
oos_experiment,TK-PB-Drahi_1-d1-HOM-UHI-79830456b8-r5,5,DETERMINISTIC_RH,SA,9,0,single_solve,0.004076957702636719,0.00670313835144043,0.0043790340423583984,1947.515625
oos_experiment,TK-PB-Drahi_1-d1-HOM-UHI-79830456b8-r5,5,DETERMINISTIC_RH,SA,10,0,single_solve,0.004044055938720703,0.005316972732543945,0.003269195556640625,1927.3125
oos_experiment,TK-PB-Drahi_1-d1-HOM-UHI-79830456b8-r5,5,DETERMINISTIC_RH,SA,10,0,single_solve,0.004076957702636719,0.00670313835144043,0.0043790340423583984,1947.515625
oos_experiment,TK-PB-Drahi_1-d1-HOM-UHI-79830456b8-r5,5,DETERMINISTIC_RH,SA,11,0,single_solve,0.004044055938720703,0.005316972732543945,0.003269195556640625,1927.3125
oos_experiment,TK-PB-Drahi_1-d1-HOM-UHI-79830456b8-r5,5,DETERMINISTIC_RH,SA,11,0,single_solve,0.004076957702636719,0.00670313835144043,0.0043790340423583984,1947.515625
oos_experiment,TK-PB-Drahi_1-d1-HOM-UHI-79830456b8-r5,5,DETERMINISTIC_RH,SA,12,0,single_solve,0.004044055938720703,0.005316972732543945,0.003269195556640625,1927.3125
oos_experiment,TK-PB-Drahi_1-d1-HOM-UHI-79830456b8-r5,5,DETERMINISTIC_RH,SA,12,0,single_solve,0.004076957702636719,0.00670313835144043,0.0043790340423583984,1947.515625
oos_experiment,TK-PB-Drahi_1-d1-HOM-UHI-79830456b8-r5,5,DETERMINISTIC_RH,SA,13,0,single_solve,0.0038318634033203125,0.005688905715942383,0.003409862518310547,1927.3125
oos_experiment,TK-PB-Drahi_1-d1-HOM-UHI-79830456b8-r5,5,DETERMINISTIC_RH,SA,13,0,single_solve,0.003895998001098633,0.006144046783447266,0.0039539337158203125,1947.515625
oos_experiment,TK-PB-Drahi_1-d1-HOM-UHI-79830456b8-r5,5,DETERMINISTIC_RH,SA,14,0,single_solve,0.0038318634033203125,0.005688905715942383,0.003409862518310547,1927.3125
oos_experiment,TK-PB-Drahi_1-d1-HOM-UHI-79830456b8-r5,5,DETERMINISTIC_RH,SA,14,0,single_solve,0.003895998001098633,0.006144046783447266,0.0039539337158203125,1947.515625
oos_experiment,TK-PB-Drahi_1-d1-HOM-UHI-79830456b8-r5,5,DETERMINISTIC_RH,SA,15,0,single_solve,0.0038318634033203125,0.005688905715942383,0.003409862518310547,1927.3125
oos_experiment,TK-PB-Drahi_1-d1-HOM-UHI-79830456b8-r5,5,DETERMINISTIC_RH,SA,15,0,single_solve,0.003895998001098633,0.006144046783447266,0.0039539337158203125,1947.515625
oos_experiment,TK-PB-Drahi_1-d1-HOM-UHI-79830456b8-r5,5,DETERMINISTIC_RH,SA,16,0,single_solve,0.0038318634033203125,0.005688905715942383,0.003409862518310547,1927.3125
oos_experiment,TK-PB-Drahi_1-d1-HOM-UHI-79830456b8-r5,5,DETERMINISTIC_RH,SA,16,0,single_solve,0.003895998001098633,0.006144046783447266,0.0039539337158203125,1947.515625
oos_experiment,TK-PB-Drahi_1-d1-HOM-UHI-79830456b8-r5,5,DETERMINISTIC_RH,SA,17,0,single_solve,0.003698110580444336,0.005654096603393555,0.0032842159271240234,1927.3125
oos_experiment,TK-PB-Drahi_1-d1-HOM-UHI-79830456b8-r5,5,DETERMINISTIC_RH,SA,17,0,single_solve,0.003726959228515625,0.006125926971435547,0.003972053527832031,1947.515625
oos_experiment,TK-PB-Drahi_1-d1-HOM-UHI-79830456b8-r5,5,DETERMINISTIC_RH,SA,18,0,single_solve,0.003698110580444336,0.005654096603393555,0.0032842159271240234,1927.3125
oos_experiment,TK-PB-Drahi_1-d1-HOM-UHI-79830456b8-r5,5,DETERMINISTIC_RH,SA,18,0,single_solve,0.003726959228515625,0.006125926971435547,0.003972053527832031,1947.515625
oos_experiment,TK-PB-Drahi_1-d1-HOM-UHI-79830456b8-r5,5,DETERMINISTIC_RH,SA,19,0,single_solve,0.003698110580444336,0.005654096603393555,0.0032842159271240234,1927.3125
oos_experiment,TK-PB-Drahi_1-d1-HOM-UHI-79830456b8-r5,5,DETERMINISTIC_RH,SA,19,0,single_solve,0.003726959228515625,0.006125926971435547,0.003972053527832031,1947.515625
oos_experiment,TK-PB-Drahi_1-d1-HOM-UHI-79830456b8-r5,5,DETERMINISTIC_RH,SA,20,0,single_solve,0.003698110580444336,0.005654096603393555,0.0032842159271240234,1927.3125
oos_experiment,TK-PB-Drahi_1-d1-HOM-UHI-79830456b8-r5,5,DETERMINISTIC_RH,SA,20,0,single_solve,0.003726959228515625,0.006125926971435547,0.003972053527832031,1947.515625
oos_experiment,TK-PB-Drahi_1-d1-HOM-UHI-79830456b8-r5,5,DETERMINISTIC_RH,SA,21,0,single_solve,0.0037889480590820312,0.005541086196899414,0.0030012130737304688,1927.3125
oos_experiment,TK-PB-Drahi_1-d1-HOM-UHI-79830456b8-r5,5,DETERMINISTIC_RH,SA,21,0,single_solve,0.004050016403198242,0.0063130855560302734,0.00392603874206543,1947.515625
oos_experiment,TK-PB-Drahi_1-d1-HOM-UHI-79830456b8-r5,5,DETERMINISTIC_RH,SA,22,0,single_solve,0.0037889480590820312,0.005541086196899414,0.0030012130737304688,1927.3125
oos_experiment,TK-PB-Drahi_1-d1-HOM-UHI-79830456b8-r5,5,DETERMINISTIC_RH,SA,22,0,single_solve,0.004050016403198242,0.0063130855560302734,0.00392603874206543,1947.515625
oos_experiment,TK-PB-Drahi_1-d1-HOM-UHI-79830456b8-r5,5,DETERMINISTIC_RH,SA,23,0,single_solve,0.0037889480590820312,0.005541086196899414,0.0030012130737304688,1927.3125
oos_experiment,TK-PB-Drahi_1-d1-HOM-UHI-79830456b8-r5,5,DETERMINISTIC_RH,SA,23,0,single_solve,0.004050016403198242,0.0063130855560302734,0.00392603874206543,1947.515625
oos_experiment,TK-PB-Drahi_1-d1-HOM-UHI-79830456b8-r5,5,DETERMINISTIC_RH,SA,24,0,single_solve,0.0037889480590820312,0.005541086196899414,0.0030012130737304688,1927.3125
oos_experiment,TK-PB-Drahi_1-d1-HOM-UHI-79830456b8-r5,5,DETERMINISTIC_RH,SA,24,0,single_solve,0.004050016403198242,0.0063130855560302734,0.00392603874206543,1947.515625
oos_experiment,TK-PB-Drahi_1-d1-HOM-UHI-79830456b8-r5,5,DETERMINISTIC_RH,STATIC_DEMAND_SHARE,1,0,single_solve,0.0031321048736572266,0.005992889404296875,0.002961874008178711,1901.71484375
oos_experiment,TK-PB-Drahi_1-d1-HOM-UHI-79830456b8-r5,5,DETERMINISTIC_RH,STATIC_DEMAND_SHARE,1,0,single_solve,0.003693103790283203,0.006183147430419922,0.0033349990844726562,1927.3125
oos_experiment,TK-PB-Drahi_1-d1-HOM-UHI-79830456b8-r5,5,DETERMINISTIC_RH,STATIC_DEMAND_SHARE,2,0,single_solve,0.0031321048736572266,0.005992889404296875,0.002961874008178711,1901.71484375
oos_experiment,TK-PB-Drahi_1-d1-HOM-UHI-79830456b8-r5,5,DETERMINISTIC_RH,STATIC_DEMAND_SHARE,2,0,single_solve,0.003693103790283203,0.006183147430419922,0.0033349990844726562,1927.3125
oos_experiment,TK-PB-Drahi_1-d1-HOM-UHI-79830456b8-r5,5,DETERMINISTIC_RH,STATIC_DEMAND_SHARE,3,0,single_solve,0.0031321048736572266,0.005992889404296875,0.002961874008178711,1901.71484375
oos_experiment,TK-PB-Drahi_1-d1-HOM-UHI-79830456b8-r5,5,DETERMINISTIC_RH,STATIC_DEMAND_SHARE,3,0,single_solve,0.003693103790283203,0.006183147430419922,0.0033349990844726562,1927.3125
oos_experiment,TK-PB-Drahi_1-d1-HOM-UHI-79830456b8-r5,5,DETERMINISTIC_RH,STATIC_DEMAND_SHARE,4,0,single_solve,0.0031321048736572266,0.005992889404296875,0.002961874008178711,1901.71484375
oos_experiment,TK-PB-Drahi_1-d1-HOM-UHI-79830456b8-r5,5,DETERMINISTIC_RH,STATIC_DEMAND_SHARE,4,0,single_solve,0.003693103790283203,0.006183147430419922,0.0033349990844726562,1927.3125
oos_experiment,TK-PB-Drahi_1-d1-HOM-UHI-79830456b8-r5,5,DETERMINISTIC_RH,STATIC_DEMAND_SHARE,5,0,single_solve,0.003493070602416992,0.00510716438293457,0.002743959426879883,1901.71484375
oos_experiment,TK-PB-Drahi_1-d1-HOM-UHI-79830456b8-r5,5,DETERMINISTIC_RH,STATIC_DEMAND_SHARE,5,0,single_solve,0.0033409595489501953,0.0056951045989990234,0.0030469894409179688,1927.3125
oos_experiment,TK-PB-Drahi_1-d1-HOM-UHI-79830456b8-r5,5,DETERMINISTIC_RH,STATIC_DEMAND_SHARE,6,0,single_solve,0.003493070602416992,0.00510716438293457,0.002743959426879883,1901.71484375
oos_experiment,TK-PB-Drahi_1-d1-HOM-UHI-79830456b8-r5,5,DETERMINISTIC_RH,STATIC_DEMAND_SHARE,6,0,single_solve,0.0033409595489501953,0.0056951045989990234,0.0030469894409179688,1927.3125
oos_experiment,TK-PB-Drahi_1-d1-HOM-UHI-79830456b8-r5,5,DETERMINISTIC_RH,STATIC_DEMAND_SHARE,7,0,single_solve,0.003493070602416992,0.00510716438293457,0.002743959426879883,1901.71484375
oos_experiment,TK-PB-Drahi_1-d1-HOM-UHI-79830456b8-r5,5,DETERMINISTIC_RH,STATIC_DEMAND_SHARE,7,0,single_solve,0.0033409595489501953,0.0056951045989990234,0.0030469894409179688,1927.3125
oos_experiment,TK-PB-Drahi_1-d1-HOM-UHI-79830456b8-r5,5,DETERMINISTIC_RH,STATIC_DEMAND_SHARE,8,0,single_solve,0.003493070602416992,0.00510716438293457,0.002743959426879883,1901.71484375
oos_experiment,TK-PB-Drahi_1-d1-HOM-UHI-79830456b8-r5,5,DETERMINISTIC_RH,STATIC_DEMAND_SHARE,8,0,single_solve,0.0033409595489501953,0.0056951045989990234,0.0030469894409179688,1927.3125
oos_experiment,TK-PB-Drahi_1-d1-HOM-UHI-79830456b8-r5,5,DETERMINISTIC_RH,STATIC_DEMAND_SHARE,9,0,single_solve,0.0030541419982910156,0.0051441192626953125,0.0028231143951416016,1901.71484375
oos_experiment,TK-PB-Drahi_1-d1-HOM-UHI-79830456b8-r5,5,DETERMINISTIC_RH,STATIC_DEMAND_SHARE,9,0,single_solve,0.003515005111694336,0.005910158157348633,0.0033080577850341797,1927.3125
oos_experiment,TK-PB-Drahi_1-d1-HOM-UHI-79830456b8-r5,5,DETERMINISTIC_RH,STATIC_DEMAND_SHARE,10,0,single_solve,0.0030541419982910156,0.0051441192626953125,0.0028231143951416016,1901.71484375
oos_experiment,TK-PB-Drahi_1-d1-HOM-UHI-79830456b8-r5,5,DETERMINISTIC_RH,STATIC_DEMAND_SHARE,10,0,single_solve,0.003515005111694336,0.005910158157348633,0.0033080577850341797,1927.3125
oos_experiment,TK-PB-Drahi_1-d1-HOM-UHI-79830456b8-r5,5,DETERMINISTIC_RH,STATIC_DEMAND_SHARE,11,0,single_solve,0.0030541419982910156,0.0051441192626953125,0.0028231143951416016,1901.71484375
oos_experiment,TK-PB-Drahi_1-d1-HOM-UHI-79830456b8-r5,5,DETERMINISTIC_RH,STATIC_DEMAND_SHARE,11,0,single_solve,0.003515005111694336,0.005910158157348633,0.0033080577850341797,1927.3125
oos_experiment,TK-PB-Drahi_1-d1-HOM-UHI-79830456b8-r5,5,DETERMINISTIC_RH,STATIC_DEMAND_SHARE,12,0,single_solve,0.0030541419982910156,0.0051441192626953125,0.0028231143951416016,1901.71484375
oos_experiment,TK-PB-Drahi_1-d1-HOM-UHI-79830456b8-r5,5,DETERMINISTIC_RH,STATIC_DEMAND_SHARE,12,0,single_solve,0.003515005111694336,0.005910158157348633,0.0033080577850341797,1927.3125
oos_experiment,TK-PB-Drahi_1-d1-HOM-UHI-79830456b8-r5,5,DETERMINISTIC_RH,STATIC_DEMAND_SHARE,13,0,single_solve,0.00310516357421875,0.005416154861450195,0.0029408931732177734,1901.71484375
oos_experiment,TK-PB-Drahi_1-d1-HOM-UHI-79830456b8-r5,5,DETERMINISTIC_RH,STATIC_DEMAND_SHARE,13,0,single_solve,0.003341197967529297,0.005530118942260742,0.0029938220977783203,1927.3125
oos_experiment,TK-PB-Drahi_1-d1-HOM-UHI-79830456b8-r5,5,DETERMINISTIC_RH,STATIC_DEMAND_SHARE,14,0,single_solve,0.00310516357421875,0.005416154861450195,0.0029408931732177734,1901.71484375
oos_experiment,TK-PB-Drahi_1-d1-HOM-UHI-79830456b8-r5,5,DETERMINISTIC_RH,STATIC_DEMAND_SHARE,14,0,single_solve,0.003341197967529297,0.005530118942260742,0.0029938220977783203,1927.3125
oos_experiment,TK-PB-Drahi_1-d1-HOM-UHI-79830456b8-r5,5,DETERMINISTIC_RH,STATIC_DEMAND_SHARE,15,0,single_solve,0.00310516357421875,0.005416154861450195,0.0029408931732177734,1901.71484375
oos_experiment,TK-PB-Drahi_1-d1-HOM-UHI-79830456b8-r5,5,DETERMINISTIC_RH,STATIC_DEMAND_SHARE,15,0,single_solve,0.003341197967529297,0.005530118942260742,0.0029938220977783203,1927.3125
oos_experiment,TK-PB-Drahi_1-d1-HOM-UHI-79830456b8-r5,5,DETERMINISTIC_RH,STATIC_DEMAND_SHARE,16,0,single_solve,0.00310516357421875,0.005416154861450195,0.0029408931732177734,1901.71484375
oos_experiment,TK-PB-Drahi_1-d1-HOM-UHI-79830456b8-r5,5,DETERMINISTIC_RH,STATIC_DEMAND_SHARE,16,0,single_solve,0.003341197967529297,0.005530118942260742,0.0029938220977783203,1927.3125
oos_experiment,TK-PB-Drahi_1-d1-HOM-UHI-79830456b8-r5,5,DETERMINISTIC_RH,STATIC_DEMAND_SHARE,17,0,single_solve,0.0032720565795898438,0.005171060562133789,0.002568960189819336,1901.71484375
oos_experiment,TK-PB-Drahi_1-d1-HOM-UHI-79830456b8-r5,5,DETERMINISTIC_RH,STATIC_DEMAND_SHARE,17,0,single_solve,0.0034339427947998047,0.005864858627319336,0.002930879592895508,1927.3125
oos_experiment,TK-PB-Drahi_1-d1-HOM-UHI-79830456b8-r5,5,DETERMINISTIC_RH,STATIC_DEMAND_SHARE,18,0,single_solve,0.0032720565795898438,0.005171060562133789,0.002568960189819336,1901.71484375
oos_experiment,TK-PB-Drahi_1-d1-HOM-UHI-79830456b8-r5,5,DETERMINISTIC_RH,STATIC_DEMAND_SHARE,18,0,single_solve,0.0034339427947998047,0.005864858627319336,0.002930879592895508,1927.3125
oos_experiment,TK-PB-Drahi_1-d1-HOM-UHI-79830456b8-r5,5,DETERMINISTIC_RH,STATIC_DEMAND_SHARE,19,0,single_solve,0.0032720565795898438,0.005171060562133789,0.002568960189819336,1901.71484375
oos_experiment,TK-PB-Drahi_1-d1-HOM-UHI-79830456b8-r5,5,DETERMINISTIC_RH,STATIC_DEMAND_SHARE,19,0,single_solve,0.0034339427947998047,0.005864858627319336,0.002930879592895508,1927.3125
oos_experiment,TK-PB-Drahi_1-d1-HOM-UHI-79830456b8-r5,5,DETERMINISTIC_RH,STATIC_DEMAND_SHARE,20,0,single_solve,0.0032720565795898438,0.005171060562133789,0.002568960189819336,1901.71484375
oos_experiment,TK-PB-Drahi_1-d1-HOM-UHI-79830456b8-r5,5,DETERMINISTIC_RH,STATIC_DEMAND_SHARE,20,0,single_solve,0.0034339427947998047,0.005864858627319336,0.002930879592895508,1927.3125
oos_experiment,TK-PB-Drahi_1-d1-HOM-UHI-79830456b8-r5,5,DETERMINISTIC_RH,STATIC_DEMAND_SHARE,21,0,single_solve,0.003049135208129883,0.0052340030670166016,0.002743959426879883,1901.71484375
oos_experiment,TK-PB-Drahi_1-d1-HOM-UHI-79830456b8-r5,5,DETERMINISTIC_RH,STATIC_DEMAND_SHARE,21,0,single_solve,0.003498077392578125,0.005532026290893555,0.0029261112213134766,1927.3125
oos_experiment,TK-PB-Drahi_1-d1-HOM-UHI-79830456b8-r5,5,DETERMINISTIC_RH,STATIC_DEMAND_SHARE,22,0,single_solve,0.003049135208129883,0.0052340030670166016,0.002743959426879883,1901.71484375
oos_experiment,TK-PB-Drahi_1-d1-HOM-UHI-79830456b8-r5,5,DETERMINISTIC_RH,STATIC_DEMAND_SHARE,22,0,single_solve,0.003498077392578125,0.005532026290893555,0.0029261112213134766,1927.3125
oos_experiment,TK-PB-Drahi_1-d1-HOM-UHI-79830456b8-r5,5,DETERMINISTIC_RH,STATIC_DEMAND_SHARE,23,0,single_solve,0.003049135208129883,0.0052340030670166016,0.002743959426879883,1901.71484375
oos_experiment,TK-PB-Drahi_1-d1-HOM-UHI-79830456b8-r5,5,DETERMINISTIC_RH,STATIC_DEMAND_SHARE,23,0,single_solve,0.003498077392578125,0.005532026290893555,0.0029261112213134766,1927.3125
oos_experiment,TK-PB-Drahi_1-d1-HOM-UHI-79830456b8-r5,5,DETERMINISTIC_RH,STATIC_DEMAND_SHARE,24,0,single_solve,0.003049135208129883,0.0052340030670166016,0.002743959426879883,1901.71484375
oos_experiment,TK-PB-Drahi_1-d1-HOM-UHI-79830456b8-r5,5,DETERMINISTIC_RH,STATIC_DEMAND_SHARE,24,0,single_solve,0.003498077392578125,0.005532026290893555,0.0029261112213134766,1927.3125
oos_experiment,TK-PB-Drahi_1-d1-HOM-UHI-79830456b8-r5,5,MULTISTAGE_RH,LEXMMFPEA,1,1,lex_phase_1,0.4042692184448242,0.40047502517700195,0.1259479522705078,1927.3125
oos_experiment,TK-PB-Drahi_1-d1-HOM-UHI-79830456b8-r5,5,MULTISTAGE_RH,LEXMMFPEA,1,1,lex_phase_1,0.16045188903808594,0.4396190643310547,0.13741111755371094,1947.515625
oos_experiment,TK-PB-Drahi_1-d1-HOM-UHI-79830456b8-r5,5,MULTISTAGE_RH,LEXMMFPEA,1,2,lex_phase_2,0.4042692184448242,0.03379487991333008,0.03274106979370117,1927.3125
oos_experiment,TK-PB-Drahi_1-d1-HOM-UHI-79830456b8-r5,5,MULTISTAGE_RH,LEXMMFPEA,1,2,lex_phase_2,0.16045188903808594,0.042227983474731445,0.04112696647644043,1947.515625
oos_experiment,TK-PB-Drahi_1-d1-HOM-UHI-79830456b8-r5,5,MULTISTAGE_RH,LEXMMFPEA,1,3,lex_phase_3,0.4042692184448242,0.04357600212097168,0.042172908782958984,1927.3125
oos_experiment,TK-PB-Drahi_1-d1-HOM-UHI-79830456b8-r5,5,MULTISTAGE_RH,LEXMMFPEA,1,3,lex_phase_3,0.16045188903808594,0.04047203063964844,0.03924703598022461,1947.515625
oos_experiment,TK-PB-Drahi_1-d1-HOM-UHI-79830456b8-r5,5,MULTISTAGE_RH,LEXMMFPEA,1,4,lex_phase_4,0.4042692184448242,0.03774595260620117,0.03655195236206055,1927.3125
oos_experiment,TK-PB-Drahi_1-d1-HOM-UHI-79830456b8-r5,5,MULTISTAGE_RH,LEXMMFPEA,1,4,lex_phase_4,0.16045188903808594,0.039381980895996094,0.03835797309875488,1947.515625
oos_experiment,TK-PB-Drahi_1-d1-HOM-UHI-79830456b8-r5,5,MULTISTAGE_RH,LEXMMFPEA,1,5,lex_phase_5,0.4042692184448242,0.03527212142944336,0.03402996063232422,1927.3125
oos_experiment,TK-PB-Drahi_1-d1-HOM-UHI-79830456b8-r5,5,MULTISTAGE_RH,LEXMMFPEA,1,5,lex_phase_5,0.16045188903808594,0.038728952407836914,0.03765106201171875,1947.515625
oos_experiment,TK-PB-Drahi_1-d1-HOM-UHI-79830456b8-r5,5,MULTISTAGE_RH,LEXMMFPEA,1,6,economic_tie_break,0.4042692184448242,2.409846067428589,2.4088730812072754,1927.3125
oos_experiment,TK-PB-Drahi_1-d1-HOM-UHI-79830456b8-r5,5,MULTISTAGE_RH,LEXMMFPEA,1,6,economic_tie_break,0.16045188903808594,2.0200679302215576,2.0189919471740723,1947.515625
oos_experiment,TK-PB-Drahi_1-d1-HOM-UHI-79830456b8-r5,5,MULTISTAGE_RH,LEXMMFPEA,2,1,lex_phase_1,0.4042692184448242,0.40047502517700195,0.1259479522705078,1927.3125
oos_experiment,TK-PB-Drahi_1-d1-HOM-UHI-79830456b8-r5,5,MULTISTAGE_RH,LEXMMFPEA,2,1,lex_phase_1,0.16045188903808594,0.4396190643310547,0.13741111755371094,1947.515625
oos_experiment,TK-PB-Drahi_1-d1-HOM-UHI-79830456b8-r5,5,MULTISTAGE_RH,LEXMMFPEA,2,2,lex_phase_2,0.4042692184448242,0.03379487991333008,0.03274106979370117,1927.3125
oos_experiment,TK-PB-Drahi_1-d1-HOM-UHI-79830456b8-r5,5,MULTISTAGE_RH,LEXMMFPEA,2,2,lex_phase_2,0.16045188903808594,0.042227983474731445,0.04112696647644043,1947.515625
oos_experiment,TK-PB-Drahi_1-d1-HOM-UHI-79830456b8-r5,5,MULTISTAGE_RH,LEXMMFPEA,2,3,lex_phase_3,0.4042692184448242,0.04357600212097168,0.042172908782958984,1927.3125
oos_experiment,TK-PB-Drahi_1-d1-HOM-UHI-79830456b8-r5,5,MULTISTAGE_RH,LEXMMFPEA,2,3,lex_phase_3,0.16045188903808594,0.04047203063964844,0.03924703598022461,1947.515625
oos_experiment,TK-PB-Drahi_1-d1-HOM-UHI-79830456b8-r5,5,MULTISTAGE_RH,LEXMMFPEA,2,4,lex_phase_4,0.4042692184448242,0.03774595260620117,0.03655195236206055,1927.3125
oos_experiment,TK-PB-Drahi_1-d1-HOM-UHI-79830456b8-r5,5,MULTISTAGE_RH,LEXMMFPEA,2,4,lex_phase_4,0.16045188903808594,0.039381980895996094,0.03835797309875488,1947.515625
oos_experiment,TK-PB-Drahi_1-d1-HOM-UHI-79830456b8-r5,5,MULTISTAGE_RH,LEXMMFPEA,2,5,lex_phase_5,0.4042692184448242,0.03527212142944336,0.03402996063232422,1927.3125
oos_experiment,TK-PB-Drahi_1-d1-HOM-UHI-79830456b8-r5,5,MULTISTAGE_RH,LEXMMFPEA,2,5,lex_phase_5,0.16045188903808594,0.038728952407836914,0.03765106201171875,1947.515625
oos_experiment,TK-PB-Drahi_1-d1-HOM-UHI-79830456b8-r5,5,MULTISTAGE_RH,LEXMMFPEA,2,6,economic_tie_break,0.4042692184448242,2.409846067428589,2.4088730812072754,1927.3125
oos_experiment,TK-PB-Drahi_1-d1-HOM-UHI-79830456b8-r5,5,MULTISTAGE_RH,LEXMMFPEA,2,6,economic_tie_break,0.16045188903808594,2.0200679302215576,2.0189919471740723,1947.515625
oos_experiment,TK-PB-Drahi_1-d1-HOM-UHI-79830456b8-r5,5,MULTISTAGE_RH,LEXMMFPEA,3,1,lex_phase_1,0.4042692184448242,0.40047502517700195,0.1259479522705078,1927.3125
oos_experiment,TK-PB-Drahi_1-d1-HOM-UHI-79830456b8-r5,5,MULTISTAGE_RH,LEXMMFPEA,3,1,lex_phase_1,0.16045188903808594,0.4396190643310547,0.13741111755371094,1947.515625
oos_experiment,TK-PB-Drahi_1-d1-HOM-UHI-79830456b8-r5,5,MULTISTAGE_RH,LEXMMFPEA,3,2,lex_phase_2,0.4042692184448242,0.03379487991333008,0.03274106979370117,1927.3125
oos_experiment,TK-PB-Drahi_1-d1-HOM-UHI-79830456b8-r5,5,MULTISTAGE_RH,LEXMMFPEA,3,2,lex_phase_2,0.16045188903808594,0.042227983474731445,0.04112696647644043,1947.515625
oos_experiment,TK-PB-Drahi_1-d1-HOM-UHI-79830456b8-r5,5,MULTISTAGE_RH,LEXMMFPEA,3,3,lex_phase_3,0.4042692184448242,0.04357600212097168,0.042172908782958984,1927.3125
oos_experiment,TK-PB-Drahi_1-d1-HOM-UHI-79830456b8-r5,5,MULTISTAGE_RH,LEXMMFPEA,3,3,lex_phase_3,0.16045188903808594,0.04047203063964844,0.03924703598022461,1947.515625
oos_experiment,TK-PB-Drahi_1-d1-HOM-UHI-79830456b8-r5,5,MULTISTAGE_RH,LEXMMFPEA,3,4,lex_phase_4,0.4042692184448242,0.03774595260620117,0.03655195236206055,1927.3125
oos_experiment,TK-PB-Drahi_1-d1-HOM-UHI-79830456b8-r5,5,MULTISTAGE_RH,LEXMMFPEA,3,4,lex_phase_4,0.16045188903808594,0.039381980895996094,0.03835797309875488,1947.515625
oos_experiment,TK-PB-Drahi_1-d1-HOM-UHI-79830456b8-r5,5,MULTISTAGE_RH,LEXMMFPEA,3,5,lex_phase_5,0.4042692184448242,0.03527212142944336,0.03402996063232422,1927.3125
oos_experiment,TK-PB-Drahi_1-d1-HOM-UHI-79830456b8-r5,5,MULTISTAGE_RH,LEXMMFPEA,3,5,lex_phase_5,0.16045188903808594,0.038728952407836914,0.03765106201171875,1947.515625
oos_experiment,TK-PB-Drahi_1-d1-HOM-UHI-79830456b8-r5,5,MULTISTAGE_RH,LEXMMFPEA,3,6,economic_tie_break,0.4042692184448242,2.409846067428589,2.4088730812072754,1927.3125
oos_experiment,TK-PB-Drahi_1-d1-HOM-UHI-79830456b8-r5,5,MULTISTAGE_RH,LEXMMFPEA,3,6,economic_tie_break,0.16045188903808594,2.0200679302215576,2.0189919471740723,1947.515625
oos_experiment,TK-PB-Drahi_1-d1-HOM-UHI-79830456b8-r5,5,MULTISTAGE_RH,LEXMMFPEA,4,1,lex_phase_1,0.4042692184448242,0.40047502517700195,0.1259479522705078,1927.3125
oos_experiment,TK-PB-Drahi_1-d1-HOM-UHI-79830456b8-r5,5,MULTISTAGE_RH,LEXMMFPEA,4,1,lex_phase_1,0.16045188903808594,0.4396190643310547,0.13741111755371094,1947.515625
oos_experiment,TK-PB-Drahi_1-d1-HOM-UHI-79830456b8-r5,5,MULTISTAGE_RH,LEXMMFPEA,4,2,lex_phase_2,0.4042692184448242,0.03379487991333008,0.03274106979370117,1927.3125
oos_experiment,TK-PB-Drahi_1-d1-HOM-UHI-79830456b8-r5,5,MULTISTAGE_RH,LEXMMFPEA,4,2,lex_phase_2,0.16045188903808594,0.042227983474731445,0.04112696647644043,1947.515625
oos_experiment,TK-PB-Drahi_1-d1-HOM-UHI-79830456b8-r5,5,MULTISTAGE_RH,LEXMMFPEA,4,3,lex_phase_3,0.4042692184448242,0.04357600212097168,0.042172908782958984,1927.3125
oos_experiment,TK-PB-Drahi_1-d1-HOM-UHI-79830456b8-r5,5,MULTISTAGE_RH,LEXMMFPEA,4,3,lex_phase_3,0.16045188903808594,0.04047203063964844,0.03924703598022461,1947.515625
oos_experiment,TK-PB-Drahi_1-d1-HOM-UHI-79830456b8-r5,5,MULTISTAGE_RH,LEXMMFPEA,4,4,lex_phase_4,0.4042692184448242,0.03774595260620117,0.03655195236206055,1927.3125
oos_experiment,TK-PB-Drahi_1-d1-HOM-UHI-79830456b8-r5,5,MULTISTAGE_RH,LEXMMFPEA,4,4,lex_phase_4,0.16045188903808594,0.039381980895996094,0.03835797309875488,1947.515625
oos_experiment,TK-PB-Drahi_1-d1-HOM-UHI-79830456b8-r5,5,MULTISTAGE_RH,LEXMMFPEA,4,5,lex_phase_5,0.4042692184448242,0.03527212142944336,0.03402996063232422,1927.3125
oos_experiment,TK-PB-Drahi_1-d1-HOM-UHI-79830456b8-r5,5,MULTISTAGE_RH,LEXMMFPEA,4,5,lex_phase_5,0.16045188903808594,0.038728952407836914,0.03765106201171875,1947.515625
oos_experiment,TK-PB-Drahi_1-d1-HOM-UHI-79830456b8-r5,5,MULTISTAGE_RH,LEXMMFPEA,4,6,economic_tie_break,0.4042692184448242,2.409846067428589,2.4088730812072754,1927.3125
oos_experiment,TK-PB-Drahi_1-d1-HOM-UHI-79830456b8-r5,5,MULTISTAGE_RH,LEXMMFPEA,4,6,economic_tie_break,0.16045188903808594,2.0200679302215576,2.0189919471740723,1947.515625
oos_experiment,TK-PB-Drahi_1-d1-HOM-UHI-79830456b8-r5,5,MULTISTAGE_RH,LEXMMFPEA,5,1,lex_phase_1,0.1277930736541748,0.36580395698547363,0.10875487327575684,1927.3125
oos_experiment,TK-PB-Drahi_1-d1-HOM-UHI-79830456b8-r5,5,MULTISTAGE_RH,LEXMMFPEA,5,1,lex_phase_1,1.0540008544921875,0.37085700035095215,0.09955406188964844,1947.515625
oos_experiment,TK-PB-Drahi_1-d1-HOM-UHI-79830456b8-r5,5,MULTISTAGE_RH,LEXMMFPEA,5,2,lex_phase_2,0.1277930736541748,0.04278206825256348,0.041670799255371094,1927.3125
oos_experiment,TK-PB-Drahi_1-d1-HOM-UHI-79830456b8-r5,5,MULTISTAGE_RH,LEXMMFPEA,5,2,lex_phase_2,1.0540008544921875,0.04405808448791504,0.04278898239135742,1947.515625
oos_experiment,TK-PB-Drahi_1-d1-HOM-UHI-79830456b8-r5,5,MULTISTAGE_RH,LEXMMFPEA,5,3,lex_phase_3,0.1277930736541748,0.04470705986022949,0.04370903968811035,1927.3125
oos_experiment,TK-PB-Drahi_1-d1-HOM-UHI-79830456b8-r5,5,MULTISTAGE_RH,LEXMMFPEA,5,3,lex_phase_3,1.0540008544921875,0.042489051818847656,0.041168928146362305,1947.515625
oos_experiment,TK-PB-Drahi_1-d1-HOM-UHI-79830456b8-r5,5,MULTISTAGE_RH,LEXMMFPEA,5,4,lex_phase_4,0.1277930736541748,0.03995800018310547,0.03879594802856445,1927.3125
oos_experiment,TK-PB-Drahi_1-d1-HOM-UHI-79830456b8-r5,5,MULTISTAGE_RH,LEXMMFPEA,5,4,lex_phase_4,1.0540008544921875,0.042233943939208984,0.04076099395751953,1947.515625
oos_experiment,TK-PB-Drahi_1-d1-HOM-UHI-79830456b8-r5,5,MULTISTAGE_RH,LEXMMFPEA,5,5,lex_phase_5,0.1277930736541748,0.03711819648742676,0.03610801696777344,1927.3125
oos_experiment,TK-PB-Drahi_1-d1-HOM-UHI-79830456b8-r5,5,MULTISTAGE_RH,LEXMMFPEA,5,5,lex_phase_5,1.0540008544921875,0.03925013542175293,0.038079023361206055,1947.515625
oos_experiment,TK-PB-Drahi_1-d1-HOM-UHI-79830456b8-r5,5,MULTISTAGE_RH,LEXMMFPEA,5,6,economic_tie_break,0.1277930736541748,0.5619988441467285,0.5608961582183838,1927.3125
oos_experiment,TK-PB-Drahi_1-d1-HOM-UHI-79830456b8-r5,5,MULTISTAGE_RH,LEXMMFPEA,5,6,economic_tie_break,1.0540008544921875,0.3970310688018799,0.39595603942871094,1947.515625
oos_experiment,TK-PB-Drahi_1-d1-HOM-UHI-79830456b8-r5,5,MULTISTAGE_RH,LEXMMFPEA,6,1,lex_phase_1,0.1277930736541748,0.36580395698547363,0.10875487327575684,1927.3125
oos_experiment,TK-PB-Drahi_1-d1-HOM-UHI-79830456b8-r5,5,MULTISTAGE_RH,LEXMMFPEA,6,1,lex_phase_1,1.0540008544921875,0.37085700035095215,0.09955406188964844,1947.515625
oos_experiment,TK-PB-Drahi_1-d1-HOM-UHI-79830456b8-r5,5,MULTISTAGE_RH,LEXMMFPEA,6,2,lex_phase_2,0.1277930736541748,0.04278206825256348,0.041670799255371094,1927.3125
oos_experiment,TK-PB-Drahi_1-d1-HOM-UHI-79830456b8-r5,5,MULTISTAGE_RH,LEXMMFPEA,6,2,lex_phase_2,1.0540008544921875,0.04405808448791504,0.04278898239135742,1947.515625
oos_experiment,TK-PB-Drahi_1-d1-HOM-UHI-79830456b8-r5,5,MULTISTAGE_RH,LEXMMFPEA,6,3,lex_phase_3,0.1277930736541748,0.04470705986022949,0.04370903968811035,1927.3125
oos_experiment,TK-PB-Drahi_1-d1-HOM-UHI-79830456b8-r5,5,MULTISTAGE_RH,LEXMMFPEA,6,3,lex_phase_3,1.0540008544921875,0.042489051818847656,0.041168928146362305,1947.515625
oos_experiment,TK-PB-Drahi_1-d1-HOM-UHI-79830456b8-r5,5,MULTISTAGE_RH,LEXMMFPEA,6,4,lex_phase_4,0.1277930736541748,0.03995800018310547,0.03879594802856445,1927.3125
oos_experiment,TK-PB-Drahi_1-d1-HOM-UHI-79830456b8-r5,5,MULTISTAGE_RH,LEXMMFPEA,6,4,lex_phase_4,1.0540008544921875,0.042233943939208984,0.04076099395751953,1947.515625
oos_experiment,TK-PB-Drahi_1-d1-HOM-UHI-79830456b8-r5,5,MULTISTAGE_RH,LEXMMFPEA,6,5,lex_phase_5,0.1277930736541748,0.03711819648742676,0.03610801696777344,1927.3125
oos_experiment,TK-PB-Drahi_1-d1-HOM-UHI-79830456b8-r5,5,MULTISTAGE_RH,LEXMMFPEA,6,5,lex_phase_5,1.0540008544921875,0.03925013542175293,0.038079023361206055,1947.515625
oos_experiment,TK-PB-Drahi_1-d1-HOM-UHI-79830456b8-r5,5,MULTISTAGE_RH,LEXMMFPEA,6,6,economic_tie_break,0.1277930736541748,0.5619988441467285,0.5608961582183838,1927.3125
oos_experiment,TK-PB-Drahi_1-d1-HOM-UHI-79830456b8-r5,5,MULTISTAGE_RH,LEXMMFPEA,6,6,economic_tie_break,1.0540008544921875,0.3970310688018799,0.39595603942871094,1947.515625
oos_experiment,TK-PB-Drahi_1-d1-HOM-UHI-79830456b8-r5,5,MULTISTAGE_RH,LEXMMFPEA,7,1,lex_phase_1,0.1277930736541748,0.36580395698547363,0.10875487327575684,1927.3125
oos_experiment,TK-PB-Drahi_1-d1-HOM-UHI-79830456b8-r5,5,MULTISTAGE_RH,LEXMMFPEA,7,1,lex_phase_1,1.0540008544921875,0.37085700035095215,0.09955406188964844,1947.515625
oos_experiment,TK-PB-Drahi_1-d1-HOM-UHI-79830456b8-r5,5,MULTISTAGE_RH,LEXMMFPEA,7,2,lex_phase_2,0.1277930736541748,0.04278206825256348,0.041670799255371094,1927.3125
oos_experiment,TK-PB-Drahi_1-d1-HOM-UHI-79830456b8-r5,5,MULTISTAGE_RH,LEXMMFPEA,7,2,lex_phase_2,1.0540008544921875,0.04405808448791504,0.04278898239135742,1947.515625
oos_experiment,TK-PB-Drahi_1-d1-HOM-UHI-79830456b8-r5,5,MULTISTAGE_RH,LEXMMFPEA,7,3,lex_phase_3,0.1277930736541748,0.04470705986022949,0.04370903968811035,1927.3125
oos_experiment,TK-PB-Drahi_1-d1-HOM-UHI-79830456b8-r5,5,MULTISTAGE_RH,LEXMMFPEA,7,3,lex_phase_3,1.0540008544921875,0.042489051818847656,0.041168928146362305,1947.515625
oos_experiment,TK-PB-Drahi_1-d1-HOM-UHI-79830456b8-r5,5,MULTISTAGE_RH,LEXMMFPEA,7,4,lex_phase_4,0.1277930736541748,0.03995800018310547,0.03879594802856445,1927.3125
oos_experiment,TK-PB-Drahi_1-d1-HOM-UHI-79830456b8-r5,5,MULTISTAGE_RH,LEXMMFPEA,7,4,lex_phase_4,1.0540008544921875,0.042233943939208984,0.04076099395751953,1947.515625
oos_experiment,TK-PB-Drahi_1-d1-HOM-UHI-79830456b8-r5,5,MULTISTAGE_RH,LEXMMFPEA,7,5,lex_phase_5,0.1277930736541748,0.03711819648742676,0.03610801696777344,1927.3125
oos_experiment,TK-PB-Drahi_1-d1-HOM-UHI-79830456b8-r5,5,MULTISTAGE_RH,LEXMMFPEA,7,5,lex_phase_5,1.0540008544921875,0.03925013542175293,0.038079023361206055,1947.515625
oos_experiment,TK-PB-Drahi_1-d1-HOM-UHI-79830456b8-r5,5,MULTISTAGE_RH,LEXMMFPEA,7,6,economic_tie_break,0.1277930736541748,0.5619988441467285,0.5608961582183838,1927.3125
oos_experiment,TK-PB-Drahi_1-d1-HOM-UHI-79830456b8-r5,5,MULTISTAGE_RH,LEXMMFPEA,7,6,economic_tie_break,1.0540008544921875,0.3970310688018799,0.39595603942871094,1947.515625
oos_experiment,TK-PB-Drahi_1-d1-HOM-UHI-79830456b8-r5,5,MULTISTAGE_RH,LEXMMFPEA,8,1,lex_phase_1,0.1277930736541748,0.36580395698547363,0.10875487327575684,1927.3125
oos_experiment,TK-PB-Drahi_1-d1-HOM-UHI-79830456b8-r5,5,MULTISTAGE_RH,LEXMMFPEA,8,1,lex_phase_1,1.0540008544921875,0.37085700035095215,0.09955406188964844,1947.515625
oos_experiment,TK-PB-Drahi_1-d1-HOM-UHI-79830456b8-r5,5,MULTISTAGE_RH,LEXMMFPEA,8,2,lex_phase_2,0.1277930736541748,0.04278206825256348,0.041670799255371094,1927.3125
oos_experiment,TK-PB-Drahi_1-d1-HOM-UHI-79830456b8-r5,5,MULTISTAGE_RH,LEXMMFPEA,8,2,lex_phase_2,1.0540008544921875,0.04405808448791504,0.04278898239135742,1947.515625
oos_experiment,TK-PB-Drahi_1-d1-HOM-UHI-79830456b8-r5,5,MULTISTAGE_RH,LEXMMFPEA,8,3,lex_phase_3,0.1277930736541748,0.04470705986022949,0.04370903968811035,1927.3125
oos_experiment,TK-PB-Drahi_1-d1-HOM-UHI-79830456b8-r5,5,MULTISTAGE_RH,LEXMMFPEA,8,3,lex_phase_3,1.0540008544921875,0.042489051818847656,0.041168928146362305,1947.515625
oos_experiment,TK-PB-Drahi_1-d1-HOM-UHI-79830456b8-r5,5,MULTISTAGE_RH,LEXMMFPEA,8,4,lex_phase_4,0.1277930736541748,0.03995800018310547,0.03879594802856445,1927.3125
oos_experiment,TK-PB-Drahi_1-d1-HOM-UHI-79830456b8-r5,5,MULTISTAGE_RH,LEXMMFPEA,8,4,lex_phase_4,1.0540008544921875,0.042233943939208984,0.04076099395751953,1947.515625
oos_experiment,TK-PB-Drahi_1-d1-HOM-UHI-79830456b8-r5,5,MULTISTAGE_RH,LEXMMFPEA,8,5,lex_phase_5,0.1277930736541748,0.03711819648742676,0.03610801696777344,1927.3125
oos_experiment,TK-PB-Drahi_1-d1-HOM-UHI-79830456b8-r5,5,MULTISTAGE_RH,LEXMMFPEA,8,5,lex_phase_5,1.0540008544921875,0.03925013542175293,0.038079023361206055,1947.515625
oos_experiment,TK-PB-Drahi_1-d1-HOM-UHI-79830456b8-r5,5,MULTISTAGE_RH,LEXMMFPEA,8,6,economic_tie_break,0.1277930736541748,0.5619988441467285,0.5608961582183838,1927.3125
oos_experiment,TK-PB-Drahi_1-d1-HOM-UHI-79830456b8-r5,5,MULTISTAGE_RH,LEXMMFPEA,8,6,economic_tie_break,1.0540008544921875,0.3970310688018799,0.39595603942871094,1947.515625
oos_experiment,TK-PB-Drahi_1-d1-HOM-UHI-79830456b8-r5,5,MULTISTAGE_RH,LEXMMFPEA,9,1,lex_phase_1,0.2459869384765625,0.3605060577392578,0.10425496101379395,1927.3125
oos_experiment,TK-PB-Drahi_1-d1-HOM-UHI-79830456b8-r5,5,MULTISTAGE_RH,LEXMMFPEA,9,1,lex_phase_1,0.14605093002319336,0.44409990310668945,0.12305402755737305,1947.515625
oos_experiment,TK-PB-Drahi_1-d1-HOM-UHI-79830456b8-r5,5,MULTISTAGE_RH,LEXMMFPEA,9,2,lex_phase_2,0.2459869384765625,0.041203975677490234,0.04013395309448242,1927.3125
oos_experiment,TK-PB-Drahi_1-d1-HOM-UHI-79830456b8-r5,5,MULTISTAGE_RH,LEXMMFPEA,9,2,lex_phase_2,0.14605093002319336,0.04400181770324707,0.04292583465576172,1947.515625
oos_experiment,TK-PB-Drahi_1-d1-HOM-UHI-79830456b8-r5,5,MULTISTAGE_RH,LEXMMFPEA,9,3,lex_phase_3,0.2459869384765625,0.04412198066711426,0.042884111404418945,1927.3125
oos_experiment,TK-PB-Drahi_1-d1-HOM-UHI-79830456b8-r5,5,MULTISTAGE_RH,LEXMMFPEA,9,3,lex_phase_3,0.14605093002319336,0.04102492332458496,0.03993487358093262,1947.515625
oos_experiment,TK-PB-Drahi_1-d1-HOM-UHI-79830456b8-r5,5,MULTISTAGE_RH,LEXMMFPEA,9,4,lex_phase_4,0.2459869384765625,0.04107093811035156,0.03987598419189453,1927.3125
oos_experiment,TK-PB-Drahi_1-d1-HOM-UHI-79830456b8-r5,5,MULTISTAGE_RH,LEXMMFPEA,9,4,lex_phase_4,0.14605093002319336,0.044728994369506836,0.04337501525878906,1947.515625
oos_experiment,TK-PB-Drahi_1-d1-HOM-UHI-79830456b8-r5,5,MULTISTAGE_RH,LEXMMFPEA,9,5,lex_phase_5,0.2459869384765625,0.03881692886352539,0.0377650260925293,1927.3125
oos_experiment,TK-PB-Drahi_1-d1-HOM-UHI-79830456b8-r5,5,MULTISTAGE_RH,LEXMMFPEA,9,5,lex_phase_5,0.14605093002319336,0.04069995880126953,0.03935694694519043,1947.515625
oos_experiment,TK-PB-Drahi_1-d1-HOM-UHI-79830456b8-r5,5,MULTISTAGE_RH,LEXMMFPEA,9,6,economic_tie_break,0.2459869384765625,1.8556649684906006,1.8544819355010986,1927.3125
oos_experiment,TK-PB-Drahi_1-d1-HOM-UHI-79830456b8-r5,5,MULTISTAGE_RH,LEXMMFPEA,9,6,economic_tie_break,0.14605093002319336,4.736412048339844,4.735361814498901,1947.515625
oos_experiment,TK-PB-Drahi_1-d1-HOM-UHI-79830456b8-r5,5,MULTISTAGE_RH,LEXMMFPEA,10,1,lex_phase_1,0.2459869384765625,0.3605060577392578,0.10425496101379395,1927.3125
oos_experiment,TK-PB-Drahi_1-d1-HOM-UHI-79830456b8-r5,5,MULTISTAGE_RH,LEXMMFPEA,10,1,lex_phase_1,0.14605093002319336,0.44409990310668945,0.12305402755737305,1947.515625
oos_experiment,TK-PB-Drahi_1-d1-HOM-UHI-79830456b8-r5,5,MULTISTAGE_RH,LEXMMFPEA,10,2,lex_phase_2,0.2459869384765625,0.041203975677490234,0.04013395309448242,1927.3125
oos_experiment,TK-PB-Drahi_1-d1-HOM-UHI-79830456b8-r5,5,MULTISTAGE_RH,LEXMMFPEA,10,2,lex_phase_2,0.14605093002319336,0.04400181770324707,0.04292583465576172,1947.515625
oos_experiment,TK-PB-Drahi_1-d1-HOM-UHI-79830456b8-r5,5,MULTISTAGE_RH,LEXMMFPEA,10,3,lex_phase_3,0.2459869384765625,0.04412198066711426,0.042884111404418945,1927.3125
oos_experiment,TK-PB-Drahi_1-d1-HOM-UHI-79830456b8-r5,5,MULTISTAGE_RH,LEXMMFPEA,10,3,lex_phase_3,0.14605093002319336,0.04102492332458496,0.03993487358093262,1947.515625
oos_experiment,TK-PB-Drahi_1-d1-HOM-UHI-79830456b8-r5,5,MULTISTAGE_RH,LEXMMFPEA,10,4,lex_phase_4,0.2459869384765625,0.04107093811035156,0.03987598419189453,1927.3125
oos_experiment,TK-PB-Drahi_1-d1-HOM-UHI-79830456b8-r5,5,MULTISTAGE_RH,LEXMMFPEA,10,4,lex_phase_4,0.14605093002319336,0.044728994369506836,0.04337501525878906,1947.515625
oos_experiment,TK-PB-Drahi_1-d1-HOM-UHI-79830456b8-r5,5,MULTISTAGE_RH,LEXMMFPEA,10,5,lex_phase_5,0.2459869384765625,0.03881692886352539,0.0377650260925293,1927.3125
oos_experiment,TK-PB-Drahi_1-d1-HOM-UHI-79830456b8-r5,5,MULTISTAGE_RH,LEXMMFPEA,10,5,lex_phase_5,0.14605093002319336,0.04069995880126953,0.03935694694519043,1947.515625
oos_experiment,TK-PB-Drahi_1-d1-HOM-UHI-79830456b8-r5,5,MULTISTAGE_RH,LEXMMFPEA,10,6,economic_tie_break,0.2459869384765625,1.8556649684906006,1.8544819355010986,1927.3125
oos_experiment,TK-PB-Drahi_1-d1-HOM-UHI-79830456b8-r5,5,MULTISTAGE_RH,LEXMMFPEA,10,6,economic_tie_break,0.14605093002319336,4.736412048339844,4.735361814498901,1947.515625
oos_experiment,TK-PB-Drahi_1-d1-HOM-UHI-79830456b8-r5,5,MULTISTAGE_RH,LEXMMFPEA,11,1,lex_phase_1,0.2459869384765625,0.3605060577392578,0.10425496101379395,1927.3125
oos_experiment,TK-PB-Drahi_1-d1-HOM-UHI-79830456b8-r5,5,MULTISTAGE_RH,LEXMMFPEA,11,1,lex_phase_1,0.14605093002319336,0.44409990310668945,0.12305402755737305,1947.515625
oos_experiment,TK-PB-Drahi_1-d1-HOM-UHI-79830456b8-r5,5,MULTISTAGE_RH,LEXMMFPEA,11,2,lex_phase_2,0.2459869384765625,0.041203975677490234,0.04013395309448242,1927.3125
oos_experiment,TK-PB-Drahi_1-d1-HOM-UHI-79830456b8-r5,5,MULTISTAGE_RH,LEXMMFPEA,11,2,lex_phase_2,0.14605093002319336,0.04400181770324707,0.04292583465576172,1947.515625
oos_experiment,TK-PB-Drahi_1-d1-HOM-UHI-79830456b8-r5,5,MULTISTAGE_RH,LEXMMFPEA,11,3,lex_phase_3,0.2459869384765625,0.04412198066711426,0.042884111404418945,1927.3125
oos_experiment,TK-PB-Drahi_1-d1-HOM-UHI-79830456b8-r5,5,MULTISTAGE_RH,LEXMMFPEA,11,3,lex_phase_3,0.14605093002319336,0.04102492332458496,0.03993487358093262,1947.515625
oos_experiment,TK-PB-Drahi_1-d1-HOM-UHI-79830456b8-r5,5,MULTISTAGE_RH,LEXMMFPEA,11,4,lex_phase_4,0.2459869384765625,0.04107093811035156,0.03987598419189453,1927.3125
oos_experiment,TK-PB-Drahi_1-d1-HOM-UHI-79830456b8-r5,5,MULTISTAGE_RH,LEXMMFPEA,11,4,lex_phase_4,0.14605093002319336,0.044728994369506836,0.04337501525878906,1947.515625
oos_experiment,TK-PB-Drahi_1-d1-HOM-UHI-79830456b8-r5,5,MULTISTAGE_RH,LEXMMFPEA,11,5,lex_phase_5,0.2459869384765625,0.03881692886352539,0.0377650260925293,1927.3125
oos_experiment,TK-PB-Drahi_1-d1-HOM-UHI-79830456b8-r5,5,MULTISTAGE_RH,LEXMMFPEA,11,5,lex_phase_5,0.14605093002319336,0.04069995880126953,0.03935694694519043,1947.515625
oos_experiment,TK-PB-Drahi_1-d1-HOM-UHI-79830456b8-r5,5,MULTISTAGE_RH,LEXMMFPEA,11,6,economic_tie_break,0.2459869384765625,1.8556649684906006,1.8544819355010986,1927.3125
oos_experiment,TK-PB-Drahi_1-d1-HOM-UHI-79830456b8-r5,5,MULTISTAGE_RH,LEXMMFPEA,11,6,economic_tie_break,0.14605093002319336,4.736412048339844,4.735361814498901,1947.515625
oos_experiment,TK-PB-Drahi_1-d1-HOM-UHI-79830456b8-r5,5,MULTISTAGE_RH,LEXMMFPEA,12,1,lex_phase_1,0.2459869384765625,0.3605060577392578,0.10425496101379395,1927.3125
oos_experiment,TK-PB-Drahi_1-d1-HOM-UHI-79830456b8-r5,5,MULTISTAGE_RH,LEXMMFPEA,12,1,lex_phase_1,0.14605093002319336,0.44409990310668945,0.12305402755737305,1947.515625
oos_experiment,TK-PB-Drahi_1-d1-HOM-UHI-79830456b8-r5,5,MULTISTAGE_RH,LEXMMFPEA,12,2,lex_phase_2,0.2459869384765625,0.041203975677490234,0.04013395309448242,1927.3125
oos_experiment,TK-PB-Drahi_1-d1-HOM-UHI-79830456b8-r5,5,MULTISTAGE_RH,LEXMMFPEA,12,2,lex_phase_2,0.14605093002319336,0.04400181770324707,0.04292583465576172,1947.515625
oos_experiment,TK-PB-Drahi_1-d1-HOM-UHI-79830456b8-r5,5,MULTISTAGE_RH,LEXMMFPEA,12,3,lex_phase_3,0.2459869384765625,0.04412198066711426,0.042884111404418945,1927.3125
oos_experiment,TK-PB-Drahi_1-d1-HOM-UHI-79830456b8-r5,5,MULTISTAGE_RH,LEXMMFPEA,12,3,lex_phase_3,0.14605093002319336,0.04102492332458496,0.03993487358093262,1947.515625
oos_experiment,TK-PB-Drahi_1-d1-HOM-UHI-79830456b8-r5,5,MULTISTAGE_RH,LEXMMFPEA,12,4,lex_phase_4,0.2459869384765625,0.04107093811035156,0.03987598419189453,1927.3125
oos_experiment,TK-PB-Drahi_1-d1-HOM-UHI-79830456b8-r5,5,MULTISTAGE_RH,LEXMMFPEA,12,4,lex_phase_4,0.14605093002319336,0.044728994369506836,0.04337501525878906,1947.515625
oos_experiment,TK-PB-Drahi_1-d1-HOM-UHI-79830456b8-r5,5,MULTISTAGE_RH,LEXMMFPEA,12,5,lex_phase_5,0.2459869384765625,0.03881692886352539,0.0377650260925293,1927.3125
oos_experiment,TK-PB-Drahi_1-d1-HOM-UHI-79830456b8-r5,5,MULTISTAGE_RH,LEXMMFPEA,12,5,lex_phase_5,0.14605093002319336,0.04069995880126953,0.03935694694519043,1947.515625
oos_experiment,TK-PB-Drahi_1-d1-HOM-UHI-79830456b8-r5,5,MULTISTAGE_RH,LEXMMFPEA,12,6,economic_tie_break,0.2459869384765625,1.8556649684906006,1.8544819355010986,1927.3125
oos_experiment,TK-PB-Drahi_1-d1-HOM-UHI-79830456b8-r5,5,MULTISTAGE_RH,LEXMMFPEA,12,6,economic_tie_break,0.14605093002319336,4.736412048339844,4.735361814498901,1947.515625
oos_experiment,TK-PB-Drahi_1-d1-HOM-UHI-79830456b8-r5,5,MULTISTAGE_RH,LEXMMFPEA,13,1,lex_phase_1,0.14013886451721191,0.41330909729003906,0.13778209686279297,1927.3125
oos_experiment,TK-PB-Drahi_1-d1-HOM-UHI-79830456b8-r5,5,MULTISTAGE_RH,LEXMMFPEA,13,1,lex_phase_1,0.26892995834350586,0.47999095916748047,0.17688488960266113,1947.515625
oos_experiment,TK-PB-Drahi_1-d1-HOM-UHI-79830456b8-r5,5,MULTISTAGE_RH,LEXMMFPEA,13,2,lex_phase_2,0.14013886451721191,0.045166969299316406,0.0440518856048584,1927.3125
oos_experiment,TK-PB-Drahi_1-d1-HOM-UHI-79830456b8-r5,5,MULTISTAGE_RH,LEXMMFPEA,13,2,lex_phase_2,0.26892995834350586,0.04280495643615723,0.04183816909790039,1947.515625
oos_experiment,TK-PB-Drahi_1-d1-HOM-UHI-79830456b8-r5,5,MULTISTAGE_RH,LEXMMFPEA,13,3,lex_phase_3,0.14013886451721191,0.044857025146484375,0.043698787689208984,1927.3125
oos_experiment,TK-PB-Drahi_1-d1-HOM-UHI-79830456b8-r5,5,MULTISTAGE_RH,LEXMMFPEA,13,3,lex_phase_3,0.26892995834350586,0.041391849517822266,0.04016613960266113,1947.515625
oos_experiment,TK-PB-Drahi_1-d1-HOM-UHI-79830456b8-r5,5,MULTISTAGE_RH,LEXMMFPEA,13,4,lex_phase_4,0.14013886451721191,0.042814016342163086,0.04172706604003906,1927.3125
oos_experiment,TK-PB-Drahi_1-d1-HOM-UHI-79830456b8-r5,5,MULTISTAGE_RH,LEXMMFPEA,13,4,lex_phase_4,0.26892995834350586,0.039940834045410156,0.03886985778808594,1947.515625
oos_experiment,TK-PB-Drahi_1-d1-HOM-UHI-79830456b8-r5,5,MULTISTAGE_RH,LEXMMFPEA,13,5,lex_phase_5,0.14013886451721191,0.03900599479675293,0.03789997100830078,1927.3125
oos_experiment,TK-PB-Drahi_1-d1-HOM-UHI-79830456b8-r5,5,MULTISTAGE_RH,LEXMMFPEA,13,5,lex_phase_5,0.26892995834350586,0.029629945755004883,0.028333187103271484,1947.515625
oos_experiment,TK-PB-Drahi_1-d1-HOM-UHI-79830456b8-r5,5,MULTISTAGE_RH,LEXMMFPEA,13,6,economic_tie_break,0.14013886451721191,10.06505799293518,10.063882112503052,1927.3125
oos_experiment,TK-PB-Drahi_1-d1-HOM-UHI-79830456b8-r5,5,MULTISTAGE_RH,LEXMMFPEA,13,6,economic_tie_break,0.26892995834350586,14.558982133865356,14.557904958724976,1947.515625
oos_experiment,TK-PB-Drahi_1-d1-HOM-UHI-79830456b8-r5,5,MULTISTAGE_RH,LEXMMFPEA,14,1,lex_phase_1,0.14013886451721191,0.41330909729003906,0.13778209686279297,1927.3125
oos_experiment,TK-PB-Drahi_1-d1-HOM-UHI-79830456b8-r5,5,MULTISTAGE_RH,LEXMMFPEA,14,1,lex_phase_1,0.26892995834350586,0.47999095916748047,0.17688488960266113,1947.515625
oos_experiment,TK-PB-Drahi_1-d1-HOM-UHI-79830456b8-r5,5,MULTISTAGE_RH,LEXMMFPEA,14,2,lex_phase_2,0.14013886451721191,0.045166969299316406,0.0440518856048584,1927.3125
oos_experiment,TK-PB-Drahi_1-d1-HOM-UHI-79830456b8-r5,5,MULTISTAGE_RH,LEXMMFPEA,14,2,lex_phase_2,0.26892995834350586,0.04280495643615723,0.04183816909790039,1947.515625
oos_experiment,TK-PB-Drahi_1-d1-HOM-UHI-79830456b8-r5,5,MULTISTAGE_RH,LEXMMFPEA,14,3,lex_phase_3,0.14013886451721191,0.044857025146484375,0.043698787689208984,1927.3125
oos_experiment,TK-PB-Drahi_1-d1-HOM-UHI-79830456b8-r5,5,MULTISTAGE_RH,LEXMMFPEA,14,3,lex_phase_3,0.26892995834350586,0.041391849517822266,0.04016613960266113,1947.515625
oos_experiment,TK-PB-Drahi_1-d1-HOM-UHI-79830456b8-r5,5,MULTISTAGE_RH,LEXMMFPEA,14,4,lex_phase_4,0.14013886451721191,0.042814016342163086,0.04172706604003906,1927.3125
oos_experiment,TK-PB-Drahi_1-d1-HOM-UHI-79830456b8-r5,5,MULTISTAGE_RH,LEXMMFPEA,14,4,lex_phase_4,0.26892995834350586,0.039940834045410156,0.03886985778808594,1947.515625
oos_experiment,TK-PB-Drahi_1-d1-HOM-UHI-79830456b8-r5,5,MULTISTAGE_RH,LEXMMFPEA,14,5,lex_phase_5,0.14013886451721191,0.03900599479675293,0.03789997100830078,1927.3125
oos_experiment,TK-PB-Drahi_1-d1-HOM-UHI-79830456b8-r5,5,MULTISTAGE_RH,LEXMMFPEA,14,5,lex_phase_5,0.26892995834350586,0.029629945755004883,0.028333187103271484,1947.515625
oos_experiment,TK-PB-Drahi_1-d1-HOM-UHI-79830456b8-r5,5,MULTISTAGE_RH,LEXMMFPEA,14,6,economic_tie_break,0.14013886451721191,10.06505799293518,10.063882112503052,1927.3125
oos_experiment,TK-PB-Drahi_1-d1-HOM-UHI-79830456b8-r5,5,MULTISTAGE_RH,LEXMMFPEA,14,6,economic_tie_break,0.26892995834350586,14.558982133865356,14.557904958724976,1947.515625
oos_experiment,TK-PB-Drahi_1-d1-HOM-UHI-79830456b8-r5,5,MULTISTAGE_RH,LEXMMFPEA,15,1,lex_phase_1,0.14013886451721191,0.41330909729003906,0.13778209686279297,1927.3125
oos_experiment,TK-PB-Drahi_1-d1-HOM-UHI-79830456b8-r5,5,MULTISTAGE_RH,LEXMMFPEA,15,1,lex_phase_1,0.26892995834350586,0.47999095916748047,0.17688488960266113,1947.515625
oos_experiment,TK-PB-Drahi_1-d1-HOM-UHI-79830456b8-r5,5,MULTISTAGE_RH,LEXMMFPEA,15,2,lex_phase_2,0.14013886451721191,0.045166969299316406,0.0440518856048584,1927.3125
oos_experiment,TK-PB-Drahi_1-d1-HOM-UHI-79830456b8-r5,5,MULTISTAGE_RH,LEXMMFPEA,15,2,lex_phase_2,0.26892995834350586,0.04280495643615723,0.04183816909790039,1947.515625
oos_experiment,TK-PB-Drahi_1-d1-HOM-UHI-79830456b8-r5,5,MULTISTAGE_RH,LEXMMFPEA,15,3,lex_phase_3,0.14013886451721191,0.044857025146484375,0.043698787689208984,1927.3125
oos_experiment,TK-PB-Drahi_1-d1-HOM-UHI-79830456b8-r5,5,MULTISTAGE_RH,LEXMMFPEA,15,3,lex_phase_3,0.26892995834350586,0.041391849517822266,0.04016613960266113,1947.515625
oos_experiment,TK-PB-Drahi_1-d1-HOM-UHI-79830456b8-r5,5,MULTISTAGE_RH,LEXMMFPEA,15,4,lex_phase_4,0.14013886451721191,0.042814016342163086,0.04172706604003906,1927.3125
oos_experiment,TK-PB-Drahi_1-d1-HOM-UHI-79830456b8-r5,5,MULTISTAGE_RH,LEXMMFPEA,15,4,lex_phase_4,0.26892995834350586,0.039940834045410156,0.03886985778808594,1947.515625
oos_experiment,TK-PB-Drahi_1-d1-HOM-UHI-79830456b8-r5,5,MULTISTAGE_RH,LEXMMFPEA,15,5,lex_phase_5,0.14013886451721191,0.03900599479675293,0.03789997100830078,1927.3125
oos_experiment,TK-PB-Drahi_1-d1-HOM-UHI-79830456b8-r5,5,MULTISTAGE_RH,LEXMMFPEA,15,5,lex_phase_5,0.26892995834350586,0.029629945755004883,0.028333187103271484,1947.515625
oos_experiment,TK-PB-Drahi_1-d1-HOM-UHI-79830456b8-r5,5,MULTISTAGE_RH,LEXMMFPEA,15,6,economic_tie_break,0.14013886451721191,10.06505799293518,10.063882112503052,1927.3125
oos_experiment,TK-PB-Drahi_1-d1-HOM-UHI-79830456b8-r5,5,MULTISTAGE_RH,LEXMMFPEA,15,6,economic_tie_break,0.26892995834350586,14.558982133865356,14.557904958724976,1947.515625
oos_experiment,TK-PB-Drahi_1-d1-HOM-UHI-79830456b8-r5,5,MULTISTAGE_RH,LEXMMFPEA,16,1,lex_phase_1,0.14013886451721191,0.41330909729003906,0.13778209686279297,1927.3125
oos_experiment,TK-PB-Drahi_1-d1-HOM-UHI-79830456b8-r5,5,MULTISTAGE_RH,LEXMMFPEA,16,1,lex_phase_1,0.26892995834350586,0.47999095916748047,0.17688488960266113,1947.515625
oos_experiment,TK-PB-Drahi_1-d1-HOM-UHI-79830456b8-r5,5,MULTISTAGE_RH,LEXMMFPEA,16,2,lex_phase_2,0.14013886451721191,0.045166969299316406,0.0440518856048584,1927.3125
oos_experiment,TK-PB-Drahi_1-d1-HOM-UHI-79830456b8-r5,5,MULTISTAGE_RH,LEXMMFPEA,16,2,lex_phase_2,0.26892995834350586,0.04280495643615723,0.04183816909790039,1947.515625
oos_experiment,TK-PB-Drahi_1-d1-HOM-UHI-79830456b8-r5,5,MULTISTAGE_RH,LEXMMFPEA,16,3,lex_phase_3,0.14013886451721191,0.044857025146484375,0.043698787689208984,1927.3125
oos_experiment,TK-PB-Drahi_1-d1-HOM-UHI-79830456b8-r5,5,MULTISTAGE_RH,LEXMMFPEA,16,3,lex_phase_3,0.26892995834350586,0.041391849517822266,0.04016613960266113,1947.515625
oos_experiment,TK-PB-Drahi_1-d1-HOM-UHI-79830456b8-r5,5,MULTISTAGE_RH,LEXMMFPEA,16,4,lex_phase_4,0.14013886451721191,0.042814016342163086,0.04172706604003906,1927.3125
oos_experiment,TK-PB-Drahi_1-d1-HOM-UHI-79830456b8-r5,5,MULTISTAGE_RH,LEXMMFPEA,16,4,lex_phase_4,0.26892995834350586,0.039940834045410156,0.03886985778808594,1947.515625
oos_experiment,TK-PB-Drahi_1-d1-HOM-UHI-79830456b8-r5,5,MULTISTAGE_RH,LEXMMFPEA,16,5,lex_phase_5,0.14013886451721191,0.03900599479675293,0.03789997100830078,1927.3125
oos_experiment,TK-PB-Drahi_1-d1-HOM-UHI-79830456b8-r5,5,MULTISTAGE_RH,LEXMMFPEA,16,5,lex_phase_5,0.26892995834350586,0.029629945755004883,0.028333187103271484,1947.515625
oos_experiment,TK-PB-Drahi_1-d1-HOM-UHI-79830456b8-r5,5,MULTISTAGE_RH,LEXMMFPEA,16,6,economic_tie_break,0.14013886451721191,10.06505799293518,10.063882112503052,1927.3125
oos_experiment,TK-PB-Drahi_1-d1-HOM-UHI-79830456b8-r5,5,MULTISTAGE_RH,LEXMMFPEA,16,6,economic_tie_break,0.26892995834350586,14.558982133865356,14.557904958724976,1947.515625
oos_experiment,TK-PB-Drahi_1-d1-HOM-UHI-79830456b8-r5,5,MULTISTAGE_RH,LEXMMFPEA,17,1,lex_phase_1,0.1453568935394287,0.4232640266418457,0.1448650360107422,1927.3125
oos_experiment,TK-PB-Drahi_1-d1-HOM-UHI-79830456b8-r5,5,MULTISTAGE_RH,LEXMMFPEA,17,1,lex_phase_1,0.24236202239990234,0.44914793968200684,0.13870596885681152,1947.515625
oos_experiment,TK-PB-Drahi_1-d1-HOM-UHI-79830456b8-r5,5,MULTISTAGE_RH,LEXMMFPEA,17,2,lex_phase_2,0.1453568935394287,0.04409313201904297,0.0428929328918457,1927.3125
oos_experiment,TK-PB-Drahi_1-d1-HOM-UHI-79830456b8-r5,5,MULTISTAGE_RH,LEXMMFPEA,17,2,lex_phase_2,0.24236202239990234,0.05053114891052246,0.04913210868835449,1947.515625
oos_experiment,TK-PB-Drahi_1-d1-HOM-UHI-79830456b8-r5,5,MULTISTAGE_RH,LEXMMFPEA,17,3,lex_phase_3,0.1453568935394287,0.0431210994720459,0.04193592071533203,1927.3125
oos_experiment,TK-PB-Drahi_1-d1-HOM-UHI-79830456b8-r5,5,MULTISTAGE_RH,LEXMMFPEA,17,3,lex_phase_3,0.24236202239990234,0.03225398063659668,0.03118300437927246,1947.515625
oos_experiment,TK-PB-Drahi_1-d1-HOM-UHI-79830456b8-r5,5,MULTISTAGE_RH,LEXMMFPEA,17,4,lex_phase_4,0.1453568935394287,0.043272972106933594,0.04222297668457031,1927.3125
oos_experiment,TK-PB-Drahi_1-d1-HOM-UHI-79830456b8-r5,5,MULTISTAGE_RH,LEXMMFPEA,17,4,lex_phase_4,0.24236202239990234,0.029001951217651367,0.028030872344970703,1947.515625
oos_experiment,TK-PB-Drahi_1-d1-HOM-UHI-79830456b8-r5,5,MULTISTAGE_RH,LEXMMFPEA,17,5,lex_phase_5,0.1453568935394287,0.04051709175109863,0.03933000564575195,1927.3125
oos_experiment,TK-PB-Drahi_1-d1-HOM-UHI-79830456b8-r5,5,MULTISTAGE_RH,LEXMMFPEA,17,5,lex_phase_5,0.24236202239990234,0.028343915939331055,0.027231931686401367,1947.515625
oos_experiment,TK-PB-Drahi_1-d1-HOM-UHI-79830456b8-r5,5,MULTISTAGE_RH,LEXMMFPEA,17,6,economic_tie_break,0.1453568935394287,9.456809997558594,9.455629825592041,1927.3125
oos_experiment,TK-PB-Drahi_1-d1-HOM-UHI-79830456b8-r5,5,MULTISTAGE_RH,LEXMMFPEA,17,6,economic_tie_break,0.24236202239990234,6.226053953170776,6.22520899772644,1947.515625
oos_experiment,TK-PB-Drahi_1-d1-HOM-UHI-79830456b8-r5,5,MULTISTAGE_RH,LEXMMFPEA,18,1,lex_phase_1,0.1453568935394287,0.4232640266418457,0.1448650360107422,1927.3125
oos_experiment,TK-PB-Drahi_1-d1-HOM-UHI-79830456b8-r5,5,MULTISTAGE_RH,LEXMMFPEA,18,1,lex_phase_1,0.24236202239990234,0.44914793968200684,0.13870596885681152,1947.515625
oos_experiment,TK-PB-Drahi_1-d1-HOM-UHI-79830456b8-r5,5,MULTISTAGE_RH,LEXMMFPEA,18,2,lex_phase_2,0.1453568935394287,0.04409313201904297,0.0428929328918457,1927.3125
oos_experiment,TK-PB-Drahi_1-d1-HOM-UHI-79830456b8-r5,5,MULTISTAGE_RH,LEXMMFPEA,18,2,lex_phase_2,0.24236202239990234,0.05053114891052246,0.04913210868835449,1947.515625
oos_experiment,TK-PB-Drahi_1-d1-HOM-UHI-79830456b8-r5,5,MULTISTAGE_RH,LEXMMFPEA,18,3,lex_phase_3,0.1453568935394287,0.0431210994720459,0.04193592071533203,1927.3125
oos_experiment,TK-PB-Drahi_1-d1-HOM-UHI-79830456b8-r5,5,MULTISTAGE_RH,LEXMMFPEA,18,3,lex_phase_3,0.24236202239990234,0.03225398063659668,0.03118300437927246,1947.515625
oos_experiment,TK-PB-Drahi_1-d1-HOM-UHI-79830456b8-r5,5,MULTISTAGE_RH,LEXMMFPEA,18,4,lex_phase_4,0.1453568935394287,0.043272972106933594,0.04222297668457031,1927.3125
oos_experiment,TK-PB-Drahi_1-d1-HOM-UHI-79830456b8-r5,5,MULTISTAGE_RH,LEXMMFPEA,18,4,lex_phase_4,0.24236202239990234,0.029001951217651367,0.028030872344970703,1947.515625
oos_experiment,TK-PB-Drahi_1-d1-HOM-UHI-79830456b8-r5,5,MULTISTAGE_RH,LEXMMFPEA,18,5,lex_phase_5,0.1453568935394287,0.04051709175109863,0.03933000564575195,1927.3125
oos_experiment,TK-PB-Drahi_1-d1-HOM-UHI-79830456b8-r5,5,MULTISTAGE_RH,LEXMMFPEA,18,5,lex_phase_5,0.24236202239990234,0.028343915939331055,0.027231931686401367,1947.515625
oos_experiment,TK-PB-Drahi_1-d1-HOM-UHI-79830456b8-r5,5,MULTISTAGE_RH,LEXMMFPEA,18,6,economic_tie_break,0.1453568935394287,9.456809997558594,9.455629825592041,1927.3125
oos_experiment,TK-PB-Drahi_1-d1-HOM-UHI-79830456b8-r5,5,MULTISTAGE_RH,LEXMMFPEA,18,6,economic_tie_break,0.24236202239990234,6.226053953170776,6.22520899772644,1947.515625
oos_experiment,TK-PB-Drahi_1-d1-HOM-UHI-79830456b8-r5,5,MULTISTAGE_RH,LEXMMFPEA,19,1,lex_phase_1,0.1453568935394287,0.4232640266418457,0.1448650360107422,1927.3125
oos_experiment,TK-PB-Drahi_1-d1-HOM-UHI-79830456b8-r5,5,MULTISTAGE_RH,LEXMMFPEA,19,1,lex_phase_1,0.24236202239990234,0.44914793968200684,0.13870596885681152,1947.515625
oos_experiment,TK-PB-Drahi_1-d1-HOM-UHI-79830456b8-r5,5,MULTISTAGE_RH,LEXMMFPEA,19,2,lex_phase_2,0.1453568935394287,0.04409313201904297,0.0428929328918457,1927.3125
oos_experiment,TK-PB-Drahi_1-d1-HOM-UHI-79830456b8-r5,5,MULTISTAGE_RH,LEXMMFPEA,19,2,lex_phase_2,0.24236202239990234,0.05053114891052246,0.04913210868835449,1947.515625
oos_experiment,TK-PB-Drahi_1-d1-HOM-UHI-79830456b8-r5,5,MULTISTAGE_RH,LEXMMFPEA,19,3,lex_phase_3,0.1453568935394287,0.0431210994720459,0.04193592071533203,1927.3125
oos_experiment,TK-PB-Drahi_1-d1-HOM-UHI-79830456b8-r5,5,MULTISTAGE_RH,LEXMMFPEA,19,3,lex_phase_3,0.24236202239990234,0.03225398063659668,0.03118300437927246,1947.515625
oos_experiment,TK-PB-Drahi_1-d1-HOM-UHI-79830456b8-r5,5,MULTISTAGE_RH,LEXMMFPEA,19,4,lex_phase_4,0.1453568935394287,0.043272972106933594,0.04222297668457031,1927.3125
oos_experiment,TK-PB-Drahi_1-d1-HOM-UHI-79830456b8-r5,5,MULTISTAGE_RH,LEXMMFPEA,19,4,lex_phase_4,0.24236202239990234,0.029001951217651367,0.028030872344970703,1947.515625
oos_experiment,TK-PB-Drahi_1-d1-HOM-UHI-79830456b8-r5,5,MULTISTAGE_RH,LEXMMFPEA,19,5,lex_phase_5,0.1453568935394287,0.04051709175109863,0.03933000564575195,1927.3125
oos_experiment,TK-PB-Drahi_1-d1-HOM-UHI-79830456b8-r5,5,MULTISTAGE_RH,LEXMMFPEA,19,5,lex_phase_5,0.24236202239990234,0.028343915939331055,0.027231931686401367,1947.515625
oos_experiment,TK-PB-Drahi_1-d1-HOM-UHI-79830456b8-r5,5,MULTISTAGE_RH,LEXMMFPEA,19,6,economic_tie_break,0.1453568935394287,9.456809997558594,9.455629825592041,1927.3125
oos_experiment,TK-PB-Drahi_1-d1-HOM-UHI-79830456b8-r5,5,MULTISTAGE_RH,LEXMMFPEA,19,6,economic_tie_break,0.24236202239990234,6.226053953170776,6.22520899772644,1947.515625
oos_experiment,TK-PB-Drahi_1-d1-HOM-UHI-79830456b8-r5,5,MULTISTAGE_RH,LEXMMFPEA,20,1,lex_phase_1,0.1453568935394287,0.4232640266418457,0.1448650360107422,1927.3125
oos_experiment,TK-PB-Drahi_1-d1-HOM-UHI-79830456b8-r5,5,MULTISTAGE_RH,LEXMMFPEA,20,1,lex_phase_1,0.24236202239990234,0.44914793968200684,0.13870596885681152,1947.515625
oos_experiment,TK-PB-Drahi_1-d1-HOM-UHI-79830456b8-r5,5,MULTISTAGE_RH,LEXMMFPEA,20,2,lex_phase_2,0.1453568935394287,0.04409313201904297,0.0428929328918457,1927.3125
oos_experiment,TK-PB-Drahi_1-d1-HOM-UHI-79830456b8-r5,5,MULTISTAGE_RH,LEXMMFPEA,20,2,lex_phase_2,0.24236202239990234,0.05053114891052246,0.04913210868835449,1947.515625
oos_experiment,TK-PB-Drahi_1-d1-HOM-UHI-79830456b8-r5,5,MULTISTAGE_RH,LEXMMFPEA,20,3,lex_phase_3,0.1453568935394287,0.0431210994720459,0.04193592071533203,1927.3125
oos_experiment,TK-PB-Drahi_1-d1-HOM-UHI-79830456b8-r5,5,MULTISTAGE_RH,LEXMMFPEA,20,3,lex_phase_3,0.24236202239990234,0.03225398063659668,0.03118300437927246,1947.515625
oos_experiment,TK-PB-Drahi_1-d1-HOM-UHI-79830456b8-r5,5,MULTISTAGE_RH,LEXMMFPEA,20,4,lex_phase_4,0.1453568935394287,0.043272972106933594,0.04222297668457031,1927.3125
oos_experiment,TK-PB-Drahi_1-d1-HOM-UHI-79830456b8-r5,5,MULTISTAGE_RH,LEXMMFPEA,20,4,lex_phase_4,0.24236202239990234,0.029001951217651367,0.028030872344970703,1947.515625
oos_experiment,TK-PB-Drahi_1-d1-HOM-UHI-79830456b8-r5,5,MULTISTAGE_RH,LEXMMFPEA,20,5,lex_phase_5,0.1453568935394287,0.04051709175109863,0.03933000564575195,1927.3125
oos_experiment,TK-PB-Drahi_1-d1-HOM-UHI-79830456b8-r5,5,MULTISTAGE_RH,LEXMMFPEA,20,5,lex_phase_5,0.24236202239990234,0.028343915939331055,0.027231931686401367,1947.515625
oos_experiment,TK-PB-Drahi_1-d1-HOM-UHI-79830456b8-r5,5,MULTISTAGE_RH,LEXMMFPEA,20,6,economic_tie_break,0.1453568935394287,9.456809997558594,9.455629825592041,1927.3125
oos_experiment,TK-PB-Drahi_1-d1-HOM-UHI-79830456b8-r5,5,MULTISTAGE_RH,LEXMMFPEA,20,6,economic_tie_break,0.24236202239990234,6.226053953170776,6.22520899772644,1947.515625
oos_experiment,TK-PB-Drahi_1-d1-HOM-UHI-79830456b8-r5,5,MULTISTAGE_RH,LEXMMFPEA,21,1,lex_phase_1,0.15073204040527344,0.46986985206604004,0.1591801643371582,1927.3125
oos_experiment,TK-PB-Drahi_1-d1-HOM-UHI-79830456b8-r5,5,MULTISTAGE_RH,LEXMMFPEA,21,1,lex_phase_1,0.14961695671081543,0.48503684997558594,0.16835808753967285,1947.515625
oos_experiment,TK-PB-Drahi_1-d1-HOM-UHI-79830456b8-r5,5,MULTISTAGE_RH,LEXMMFPEA,21,2,lex_phase_2,0.15073204040527344,0.04347705841064453,0.04233598709106445,1927.3125
oos_experiment,TK-PB-Drahi_1-d1-HOM-UHI-79830456b8-r5,5,MULTISTAGE_RH,LEXMMFPEA,21,2,lex_phase_2,0.14961695671081543,0.04837489128112793,0.047100067138671875,1947.515625
oos_experiment,TK-PB-Drahi_1-d1-HOM-UHI-79830456b8-r5,5,MULTISTAGE_RH,LEXMMFPEA,21,3,lex_phase_3,0.15073204040527344,0.0420989990234375,0.040966033935546875,1927.3125
oos_experiment,TK-PB-Drahi_1-d1-HOM-UHI-79830456b8-r5,5,MULTISTAGE_RH,LEXMMFPEA,21,3,lex_phase_3,0.14961695671081543,0.04459214210510254,0.04329419136047363,1947.515625
oos_experiment,TK-PB-Drahi_1-d1-HOM-UHI-79830456b8-r5,5,MULTISTAGE_RH,LEXMMFPEA,21,4,lex_phase_4,0.15073204040527344,0.04210710525512695,0.040986061096191406,1927.3125
oos_experiment,TK-PB-Drahi_1-d1-HOM-UHI-79830456b8-r5,5,MULTISTAGE_RH,LEXMMFPEA,21,4,lex_phase_4,0.14961695671081543,0.04354095458984375,0.04204297065734863,1947.515625
oos_experiment,TK-PB-Drahi_1-d1-HOM-UHI-79830456b8-r5,5,MULTISTAGE_RH,LEXMMFPEA,21,5,lex_phase_5,0.15073204040527344,0.03784799575805664,0.0367279052734375,1927.3125
oos_experiment,TK-PB-Drahi_1-d1-HOM-UHI-79830456b8-r5,5,MULTISTAGE_RH,LEXMMFPEA,21,5,lex_phase_5,0.14961695671081543,0.043380022048950195,0.04197096824645996,1947.515625
oos_experiment,TK-PB-Drahi_1-d1-HOM-UHI-79830456b8-r5,5,MULTISTAGE_RH,LEXMMFPEA,21,6,economic_tie_break,0.15073204040527344,17.754764080047607,17.753493070602417,1927.3125
oos_experiment,TK-PB-Drahi_1-d1-HOM-UHI-79830456b8-r5,5,MULTISTAGE_RH,LEXMMFPEA,21,6,economic_tie_break,0.14961695671081543,14.404907941818237,14.403618097305298,1947.515625
oos_experiment,TK-PB-Drahi_1-d1-HOM-UHI-79830456b8-r5,5,MULTISTAGE_RH,LEXMMFPEA,22,1,lex_phase_1,0.15073204040527344,0.46986985206604004,0.1591801643371582,1927.3125
oos_experiment,TK-PB-Drahi_1-d1-HOM-UHI-79830456b8-r5,5,MULTISTAGE_RH,LEXMMFPEA,22,1,lex_phase_1,0.14961695671081543,0.48503684997558594,0.16835808753967285,1947.515625
oos_experiment,TK-PB-Drahi_1-d1-HOM-UHI-79830456b8-r5,5,MULTISTAGE_RH,LEXMMFPEA,22,2,lex_phase_2,0.15073204040527344,0.04347705841064453,0.04233598709106445,1927.3125
oos_experiment,TK-PB-Drahi_1-d1-HOM-UHI-79830456b8-r5,5,MULTISTAGE_RH,LEXMMFPEA,22,2,lex_phase_2,0.14961695671081543,0.04837489128112793,0.047100067138671875,1947.515625
oos_experiment,TK-PB-Drahi_1-d1-HOM-UHI-79830456b8-r5,5,MULTISTAGE_RH,LEXMMFPEA,22,3,lex_phase_3,0.15073204040527344,0.0420989990234375,0.040966033935546875,1927.3125
oos_experiment,TK-PB-Drahi_1-d1-HOM-UHI-79830456b8-r5,5,MULTISTAGE_RH,LEXMMFPEA,22,3,lex_phase_3,0.14961695671081543,0.04459214210510254,0.04329419136047363,1947.515625
oos_experiment,TK-PB-Drahi_1-d1-HOM-UHI-79830456b8-r5,5,MULTISTAGE_RH,LEXMMFPEA,22,4,lex_phase_4,0.15073204040527344,0.04210710525512695,0.040986061096191406,1927.3125
oos_experiment,TK-PB-Drahi_1-d1-HOM-UHI-79830456b8-r5,5,MULTISTAGE_RH,LEXMMFPEA,22,4,lex_phase_4,0.14961695671081543,0.04354095458984375,0.04204297065734863,1947.515625
oos_experiment,TK-PB-Drahi_1-d1-HOM-UHI-79830456b8-r5,5,MULTISTAGE_RH,LEXMMFPEA,22,5,lex_phase_5,0.15073204040527344,0.03784799575805664,0.0367279052734375,1927.3125
oos_experiment,TK-PB-Drahi_1-d1-HOM-UHI-79830456b8-r5,5,MULTISTAGE_RH,LEXMMFPEA,22,5,lex_phase_5,0.14961695671081543,0.043380022048950195,0.04197096824645996,1947.515625
oos_experiment,TK-PB-Drahi_1-d1-HOM-UHI-79830456b8-r5,5,MULTISTAGE_RH,LEXMMFPEA,22,6,economic_tie_break,0.15073204040527344,17.754764080047607,17.753493070602417,1927.3125
oos_experiment,TK-PB-Drahi_1-d1-HOM-UHI-79830456b8-r5,5,MULTISTAGE_RH,LEXMMFPEA,22,6,economic_tie_break,0.14961695671081543,14.404907941818237,14.403618097305298,1947.515625
oos_experiment,TK-PB-Drahi_1-d1-HOM-UHI-79830456b8-r5,5,MULTISTAGE_RH,LEXMMFPEA,23,1,lex_phase_1,0.15073204040527344,0.46986985206604004,0.1591801643371582,1927.3125
oos_experiment,TK-PB-Drahi_1-d1-HOM-UHI-79830456b8-r5,5,MULTISTAGE_RH,LEXMMFPEA,23,1,lex_phase_1,0.14961695671081543,0.48503684997558594,0.16835808753967285,1947.515625
oos_experiment,TK-PB-Drahi_1-d1-HOM-UHI-79830456b8-r5,5,MULTISTAGE_RH,LEXMMFPEA,23,2,lex_phase_2,0.15073204040527344,0.04347705841064453,0.04233598709106445,1927.3125
oos_experiment,TK-PB-Drahi_1-d1-HOM-UHI-79830456b8-r5,5,MULTISTAGE_RH,LEXMMFPEA,23,2,lex_phase_2,0.14961695671081543,0.04837489128112793,0.047100067138671875,1947.515625
oos_experiment,TK-PB-Drahi_1-d1-HOM-UHI-79830456b8-r5,5,MULTISTAGE_RH,LEXMMFPEA,23,3,lex_phase_3,0.15073204040527344,0.0420989990234375,0.040966033935546875,1927.3125
oos_experiment,TK-PB-Drahi_1-d1-HOM-UHI-79830456b8-r5,5,MULTISTAGE_RH,LEXMMFPEA,23,3,lex_phase_3,0.14961695671081543,0.04459214210510254,0.04329419136047363,1947.515625
oos_experiment,TK-PB-Drahi_1-d1-HOM-UHI-79830456b8-r5,5,MULTISTAGE_RH,LEXMMFPEA,23,4,lex_phase_4,0.15073204040527344,0.04210710525512695,0.040986061096191406,1927.3125
oos_experiment,TK-PB-Drahi_1-d1-HOM-UHI-79830456b8-r5,5,MULTISTAGE_RH,LEXMMFPEA,23,4,lex_phase_4,0.14961695671081543,0.04354095458984375,0.04204297065734863,1947.515625
oos_experiment,TK-PB-Drahi_1-d1-HOM-UHI-79830456b8-r5,5,MULTISTAGE_RH,LEXMMFPEA,23,5,lex_phase_5,0.15073204040527344,0.03784799575805664,0.0367279052734375,1927.3125
oos_experiment,TK-PB-Drahi_1-d1-HOM-UHI-79830456b8-r5,5,MULTISTAGE_RH,LEXMMFPEA,23,5,lex_phase_5,0.14961695671081543,0.043380022048950195,0.04197096824645996,1947.515625
oos_experiment,TK-PB-Drahi_1-d1-HOM-UHI-79830456b8-r5,5,MULTISTAGE_RH,LEXMMFPEA,23,6,economic_tie_break,0.15073204040527344,17.754764080047607,17.753493070602417,1927.3125
oos_experiment,TK-PB-Drahi_1-d1-HOM-UHI-79830456b8-r5,5,MULTISTAGE_RH,LEXMMFPEA,23,6,economic_tie_break,0.14961695671081543,14.404907941818237,14.403618097305298,1947.515625
oos_experiment,TK-PB-Drahi_1-d1-HOM-UHI-79830456b8-r5,5,MULTISTAGE_RH,LEXMMFPEA,24,1,lex_phase_1,0.15073204040527344,0.46986985206604004,0.1591801643371582,1927.3125
oos_experiment,TK-PB-Drahi_1-d1-HOM-UHI-79830456b8-r5,5,MULTISTAGE_RH,LEXMMFPEA,24,1,lex_phase_1,0.14961695671081543,0.48503684997558594,0.16835808753967285,1947.515625
oos_experiment,TK-PB-Drahi_1-d1-HOM-UHI-79830456b8-r5,5,MULTISTAGE_RH,LEXMMFPEA,24,2,lex_phase_2,0.15073204040527344,0.04347705841064453,0.04233598709106445,1927.3125
oos_experiment,TK-PB-Drahi_1-d1-HOM-UHI-79830456b8-r5,5,MULTISTAGE_RH,LEXMMFPEA,24,2,lex_phase_2,0.14961695671081543,0.04837489128112793,0.047100067138671875,1947.515625
oos_experiment,TK-PB-Drahi_1-d1-HOM-UHI-79830456b8-r5,5,MULTISTAGE_RH,LEXMMFPEA,24,3,lex_phase_3,0.15073204040527344,0.0420989990234375,0.040966033935546875,1927.3125
oos_experiment,TK-PB-Drahi_1-d1-HOM-UHI-79830456b8-r5,5,MULTISTAGE_RH,LEXMMFPEA,24,3,lex_phase_3,0.14961695671081543,0.04459214210510254,0.04329419136047363,1947.515625
oos_experiment,TK-PB-Drahi_1-d1-HOM-UHI-79830456b8-r5,5,MULTISTAGE_RH,LEXMMFPEA,24,4,lex_phase_4,0.15073204040527344,0.04210710525512695,0.040986061096191406,1927.3125
oos_experiment,TK-PB-Drahi_1-d1-HOM-UHI-79830456b8-r5,5,MULTISTAGE_RH,LEXMMFPEA,24,4,lex_phase_4,0.14961695671081543,0.04354095458984375,0.04204297065734863,1947.515625
oos_experiment,TK-PB-Drahi_1-d1-HOM-UHI-79830456b8-r5,5,MULTISTAGE_RH,LEXMMFPEA,24,5,lex_phase_5,0.15073204040527344,0.03784799575805664,0.0367279052734375,1927.3125
oos_experiment,TK-PB-Drahi_1-d1-HOM-UHI-79830456b8-r5,5,MULTISTAGE_RH,LEXMMFPEA,24,5,lex_phase_5,0.14961695671081543,0.043380022048950195,0.04197096824645996,1947.515625
oos_experiment,TK-PB-Drahi_1-d1-HOM-UHI-79830456b8-r5,5,MULTISTAGE_RH,LEXMMFPEA,24,6,economic_tie_break,0.15073204040527344,17.754764080047607,17.753493070602417,1927.3125
oos_experiment,TK-PB-Drahi_1-d1-HOM-UHI-79830456b8-r5,5,MULTISTAGE_RH,LEXMMFPEA,24,6,economic_tie_break,0.14961695671081543,14.404907941818237,14.403618097305298,1947.515625
oos_experiment,TK-PB-Drahi_1-d1-HOM-UHI-79830456b8-r5,5,MULTISTAGE_RH,LEXMMFSA,1,1,lex_phase_1,0.23979806900024414,8.218314170837402,7.8400280475616455,1927.3125
oos_experiment,TK-PB-Drahi_1-d1-HOM-UHI-79830456b8-r5,5,MULTISTAGE_RH,LEXMMFSA,1,1,lex_phase_1,0.26447606086730957,7.445224046707153,7.082520961761475,1947.515625
oos_experiment,TK-PB-Drahi_1-d1-HOM-UHI-79830456b8-r5,5,MULTISTAGE_RH,LEXMMFSA,1,2,lex_phase_2,0.23979806900024414,0.05165910720825195,0.05049610137939453,1927.3125
oos_experiment,TK-PB-Drahi_1-d1-HOM-UHI-79830456b8-r5,5,MULTISTAGE_RH,LEXMMFSA,1,2,lex_phase_2,0.26447606086730957,0.06840109825134277,0.06704497337341309,1947.515625
oos_experiment,TK-PB-Drahi_1-d1-HOM-UHI-79830456b8-r5,5,MULTISTAGE_RH,LEXMMFSA,1,3,lex_phase_3,0.23979806900024414,0.0530550479888916,0.05202198028564453,1927.3125
oos_experiment,TK-PB-Drahi_1-d1-HOM-UHI-79830456b8-r5,5,MULTISTAGE_RH,LEXMMFSA,1,3,lex_phase_3,0.26447606086730957,0.06499600410461426,0.06377387046813965,1947.515625
oos_experiment,TK-PB-Drahi_1-d1-HOM-UHI-79830456b8-r5,5,MULTISTAGE_RH,LEXMMFSA,1,4,lex_phase_4,0.23979806900024414,0.05567193031311035,0.054609060287475586,1927.3125
oos_experiment,TK-PB-Drahi_1-d1-HOM-UHI-79830456b8-r5,5,MULTISTAGE_RH,LEXMMFSA,1,4,lex_phase_4,0.26447606086730957,0.059165000915527344,0.05804300308227539,1947.515625
oos_experiment,TK-PB-Drahi_1-d1-HOM-UHI-79830456b8-r5,5,MULTISTAGE_RH,LEXMMFSA,1,5,lex_phase_5,0.23979806900024414,0.04953408241271973,0.04849720001220703,1927.3125
oos_experiment,TK-PB-Drahi_1-d1-HOM-UHI-79830456b8-r5,5,MULTISTAGE_RH,LEXMMFSA,1,5,lex_phase_5,0.26447606086730957,0.05220985412597656,0.051062822341918945,1947.515625
oos_experiment,TK-PB-Drahi_1-d1-HOM-UHI-79830456b8-r5,5,MULTISTAGE_RH,LEXMMFSA,1,6,economic_tie_break,0.23979806900024414,0.030282974243164062,0.02924203872680664,1927.3125
oos_experiment,TK-PB-Drahi_1-d1-HOM-UHI-79830456b8-r5,5,MULTISTAGE_RH,LEXMMFSA,1,6,economic_tie_break,0.26447606086730957,0.03779888153076172,0.03654599189758301,1947.515625
oos_experiment,TK-PB-Drahi_1-d1-HOM-UHI-79830456b8-r5,5,MULTISTAGE_RH,LEXMMFSA,2,1,lex_phase_1,0.23979806900024414,8.218314170837402,7.8400280475616455,1927.3125
oos_experiment,TK-PB-Drahi_1-d1-HOM-UHI-79830456b8-r5,5,MULTISTAGE_RH,LEXMMFSA,2,1,lex_phase_1,0.26447606086730957,7.445224046707153,7.082520961761475,1947.515625
oos_experiment,TK-PB-Drahi_1-d1-HOM-UHI-79830456b8-r5,5,MULTISTAGE_RH,LEXMMFSA,2,2,lex_phase_2,0.23979806900024414,0.05165910720825195,0.05049610137939453,1927.3125
oos_experiment,TK-PB-Drahi_1-d1-HOM-UHI-79830456b8-r5,5,MULTISTAGE_RH,LEXMMFSA,2,2,lex_phase_2,0.26447606086730957,0.06840109825134277,0.06704497337341309,1947.515625
oos_experiment,TK-PB-Drahi_1-d1-HOM-UHI-79830456b8-r5,5,MULTISTAGE_RH,LEXMMFSA,2,3,lex_phase_3,0.23979806900024414,0.0530550479888916,0.05202198028564453,1927.3125
oos_experiment,TK-PB-Drahi_1-d1-HOM-UHI-79830456b8-r5,5,MULTISTAGE_RH,LEXMMFSA,2,3,lex_phase_3,0.26447606086730957,0.06499600410461426,0.06377387046813965,1947.515625
oos_experiment,TK-PB-Drahi_1-d1-HOM-UHI-79830456b8-r5,5,MULTISTAGE_RH,LEXMMFSA,2,4,lex_phase_4,0.23979806900024414,0.05567193031311035,0.054609060287475586,1927.3125
oos_experiment,TK-PB-Drahi_1-d1-HOM-UHI-79830456b8-r5,5,MULTISTAGE_RH,LEXMMFSA,2,4,lex_phase_4,0.26447606086730957,0.059165000915527344,0.05804300308227539,1947.515625
oos_experiment,TK-PB-Drahi_1-d1-HOM-UHI-79830456b8-r5,5,MULTISTAGE_RH,LEXMMFSA,2,5,lex_phase_5,0.23979806900024414,0.04953408241271973,0.04849720001220703,1927.3125
oos_experiment,TK-PB-Drahi_1-d1-HOM-UHI-79830456b8-r5,5,MULTISTAGE_RH,LEXMMFSA,2,5,lex_phase_5,0.26447606086730957,0.05220985412597656,0.051062822341918945,1947.515625
oos_experiment,TK-PB-Drahi_1-d1-HOM-UHI-79830456b8-r5,5,MULTISTAGE_RH,LEXMMFSA,2,6,economic_tie_break,0.23979806900024414,0.030282974243164062,0.02924203872680664,1927.3125
oos_experiment,TK-PB-Drahi_1-d1-HOM-UHI-79830456b8-r5,5,MULTISTAGE_RH,LEXMMFSA,2,6,economic_tie_break,0.26447606086730957,0.03779888153076172,0.03654599189758301,1947.515625
oos_experiment,TK-PB-Drahi_1-d1-HOM-UHI-79830456b8-r5,5,MULTISTAGE_RH,LEXMMFSA,3,1,lex_phase_1,0.23979806900024414,8.218314170837402,7.8400280475616455,1927.3125
oos_experiment,TK-PB-Drahi_1-d1-HOM-UHI-79830456b8-r5,5,MULTISTAGE_RH,LEXMMFSA,3,1,lex_phase_1,0.26447606086730957,7.445224046707153,7.082520961761475,1947.515625
oos_experiment,TK-PB-Drahi_1-d1-HOM-UHI-79830456b8-r5,5,MULTISTAGE_RH,LEXMMFSA,3,2,lex_phase_2,0.23979806900024414,0.05165910720825195,0.05049610137939453,1927.3125
oos_experiment,TK-PB-Drahi_1-d1-HOM-UHI-79830456b8-r5,5,MULTISTAGE_RH,LEXMMFSA,3,2,lex_phase_2,0.26447606086730957,0.06840109825134277,0.06704497337341309,1947.515625
oos_experiment,TK-PB-Drahi_1-d1-HOM-UHI-79830456b8-r5,5,MULTISTAGE_RH,LEXMMFSA,3,3,lex_phase_3,0.23979806900024414,0.0530550479888916,0.05202198028564453,1927.3125
oos_experiment,TK-PB-Drahi_1-d1-HOM-UHI-79830456b8-r5,5,MULTISTAGE_RH,LEXMMFSA,3,3,lex_phase_3,0.26447606086730957,0.06499600410461426,0.06377387046813965,1947.515625
oos_experiment,TK-PB-Drahi_1-d1-HOM-UHI-79830456b8-r5,5,MULTISTAGE_RH,LEXMMFSA,3,4,lex_phase_4,0.23979806900024414,0.05567193031311035,0.054609060287475586,1927.3125
oos_experiment,TK-PB-Drahi_1-d1-HOM-UHI-79830456b8-r5,5,MULTISTAGE_RH,LEXMMFSA,3,4,lex_phase_4,0.26447606086730957,0.059165000915527344,0.05804300308227539,1947.515625
oos_experiment,TK-PB-Drahi_1-d1-HOM-UHI-79830456b8-r5,5,MULTISTAGE_RH,LEXMMFSA,3,5,lex_phase_5,0.23979806900024414,0.04953408241271973,0.04849720001220703,1927.3125
oos_experiment,TK-PB-Drahi_1-d1-HOM-UHI-79830456b8-r5,5,MULTISTAGE_RH,LEXMMFSA,3,5,lex_phase_5,0.26447606086730957,0.05220985412597656,0.051062822341918945,1947.515625
oos_experiment,TK-PB-Drahi_1-d1-HOM-UHI-79830456b8-r5,5,MULTISTAGE_RH,LEXMMFSA,3,6,economic_tie_break,0.23979806900024414,0.030282974243164062,0.02924203872680664,1927.3125
oos_experiment,TK-PB-Drahi_1-d1-HOM-UHI-79830456b8-r5,5,MULTISTAGE_RH,LEXMMFSA,3,6,economic_tie_break,0.26447606086730957,0.03779888153076172,0.03654599189758301,1947.515625
oos_experiment,TK-PB-Drahi_1-d1-HOM-UHI-79830456b8-r5,5,MULTISTAGE_RH,LEXMMFSA,4,1,lex_phase_1,0.23979806900024414,8.218314170837402,7.8400280475616455,1927.3125
oos_experiment,TK-PB-Drahi_1-d1-HOM-UHI-79830456b8-r5,5,MULTISTAGE_RH,LEXMMFSA,4,1,lex_phase_1,0.26447606086730957,7.445224046707153,7.082520961761475,1947.515625
oos_experiment,TK-PB-Drahi_1-d1-HOM-UHI-79830456b8-r5,5,MULTISTAGE_RH,LEXMMFSA,4,2,lex_phase_2,0.23979806900024414,0.05165910720825195,0.05049610137939453,1927.3125
oos_experiment,TK-PB-Drahi_1-d1-HOM-UHI-79830456b8-r5,5,MULTISTAGE_RH,LEXMMFSA,4,2,lex_phase_2,0.26447606086730957,0.06840109825134277,0.06704497337341309,1947.515625
oos_experiment,TK-PB-Drahi_1-d1-HOM-UHI-79830456b8-r5,5,MULTISTAGE_RH,LEXMMFSA,4,3,lex_phase_3,0.23979806900024414,0.0530550479888916,0.05202198028564453,1927.3125
oos_experiment,TK-PB-Drahi_1-d1-HOM-UHI-79830456b8-r5,5,MULTISTAGE_RH,LEXMMFSA,4,3,lex_phase_3,0.26447606086730957,0.06499600410461426,0.06377387046813965,1947.515625
oos_experiment,TK-PB-Drahi_1-d1-HOM-UHI-79830456b8-r5,5,MULTISTAGE_RH,LEXMMFSA,4,4,lex_phase_4,0.23979806900024414,0.05567193031311035,0.054609060287475586,1927.3125
oos_experiment,TK-PB-Drahi_1-d1-HOM-UHI-79830456b8-r5,5,MULTISTAGE_RH,LEXMMFSA,4,4,lex_phase_4,0.26447606086730957,0.059165000915527344,0.05804300308227539,1947.515625
oos_experiment,TK-PB-Drahi_1-d1-HOM-UHI-79830456b8-r5,5,MULTISTAGE_RH,LEXMMFSA,4,5,lex_phase_5,0.23979806900024414,0.04953408241271973,0.04849720001220703,1927.3125
oos_experiment,TK-PB-Drahi_1-d1-HOM-UHI-79830456b8-r5,5,MULTISTAGE_RH,LEXMMFSA,4,5,lex_phase_5,0.26447606086730957,0.05220985412597656,0.051062822341918945,1947.515625
oos_experiment,TK-PB-Drahi_1-d1-HOM-UHI-79830456b8-r5,5,MULTISTAGE_RH,LEXMMFSA,4,6,economic_tie_break,0.23979806900024414,0.030282974243164062,0.02924203872680664,1927.3125
oos_experiment,TK-PB-Drahi_1-d1-HOM-UHI-79830456b8-r5,5,MULTISTAGE_RH,LEXMMFSA,4,6,economic_tie_break,0.26447606086730957,0.03779888153076172,0.03654599189758301,1947.515625
oos_experiment,TK-PB-Drahi_1-d1-HOM-UHI-79830456b8-r5,5,MULTISTAGE_RH,LEXMMFSA,5,1,lex_phase_1,0.18618106842041016,4.678673982620239,4.303807973861694,1927.3125
oos_experiment,TK-PB-Drahi_1-d1-HOM-UHI-79830456b8-r5,5,MULTISTAGE_RH,LEXMMFSA,5,1,lex_phase_1,0.13345909118652344,3.3195908069610596,2.9565489292144775,1947.515625
oos_experiment,TK-PB-Drahi_1-d1-HOM-UHI-79830456b8-r5,5,MULTISTAGE_RH,LEXMMFSA,5,2,lex_phase_2,0.18618106842041016,0.05265307426452637,0.05091500282287598,1927.3125
oos_experiment,TK-PB-Drahi_1-d1-HOM-UHI-79830456b8-r5,5,MULTISTAGE_RH,LEXMMFSA,5,2,lex_phase_2,0.13345909118652344,0.05467104911804199,0.05356001853942871,1947.515625
oos_experiment,TK-PB-Drahi_1-d1-HOM-UHI-79830456b8-r5,5,MULTISTAGE_RH,LEXMMFSA,5,3,lex_phase_3,0.18618106842041016,0.050084829330444336,0.048928022384643555,1927.3125
oos_experiment,TK-PB-Drahi_1-d1-HOM-UHI-79830456b8-r5,5,MULTISTAGE_RH,LEXMMFSA,5,3,lex_phase_3,0.13345909118652344,0.058866024017333984,0.0578150749206543,1947.515625
oos_experiment,TK-PB-Drahi_1-d1-HOM-UHI-79830456b8-r5,5,MULTISTAGE_RH,LEXMMFSA,5,4,lex_phase_4,0.18618106842041016,0.05530405044555664,0.054064035415649414,1927.3125
oos_experiment,TK-PB-Drahi_1-d1-HOM-UHI-79830456b8-r5,5,MULTISTAGE_RH,LEXMMFSA,5,4,lex_phase_4,0.13345909118652344,0.04688215255737305,0.04589390754699707,1947.515625
oos_experiment,TK-PB-Drahi_1-d1-HOM-UHI-79830456b8-r5,5,MULTISTAGE_RH,LEXMMFSA,5,5,lex_phase_5,0.18618106842041016,0.04825901985168457,0.047042131423950195,1927.3125
oos_experiment,TK-PB-Drahi_1-d1-HOM-UHI-79830456b8-r5,5,MULTISTAGE_RH,LEXMMFSA,5,5,lex_phase_5,0.13345909118652344,0.049577951431274414,0.048403024673461914,1947.515625
oos_experiment,TK-PB-Drahi_1-d1-HOM-UHI-79830456b8-r5,5,MULTISTAGE_RH,LEXMMFSA,5,6,economic_tie_break,0.18618106842041016,0.03094005584716797,0.029880046844482422,1927.3125
oos_experiment,TK-PB-Drahi_1-d1-HOM-UHI-79830456b8-r5,5,MULTISTAGE_RH,LEXMMFSA,5,6,economic_tie_break,0.13345909118652344,0.03029012680053711,0.02915811538696289,1947.515625
oos_experiment,TK-PB-Drahi_1-d1-HOM-UHI-79830456b8-r5,5,MULTISTAGE_RH,LEXMMFSA,6,1,lex_phase_1,0.18618106842041016,4.678673982620239,4.303807973861694,1927.3125
oos_experiment,TK-PB-Drahi_1-d1-HOM-UHI-79830456b8-r5,5,MULTISTAGE_RH,LEXMMFSA,6,1,lex_phase_1,0.13345909118652344,3.3195908069610596,2.9565489292144775,1947.515625
oos_experiment,TK-PB-Drahi_1-d1-HOM-UHI-79830456b8-r5,5,MULTISTAGE_RH,LEXMMFSA,6,2,lex_phase_2,0.18618106842041016,0.05265307426452637,0.05091500282287598,1927.3125
oos_experiment,TK-PB-Drahi_1-d1-HOM-UHI-79830456b8-r5,5,MULTISTAGE_RH,LEXMMFSA,6,2,lex_phase_2,0.13345909118652344,0.05467104911804199,0.05356001853942871,1947.515625
oos_experiment,TK-PB-Drahi_1-d1-HOM-UHI-79830456b8-r5,5,MULTISTAGE_RH,LEXMMFSA,6,3,lex_phase_3,0.18618106842041016,0.050084829330444336,0.048928022384643555,1927.3125
oos_experiment,TK-PB-Drahi_1-d1-HOM-UHI-79830456b8-r5,5,MULTISTAGE_RH,LEXMMFSA,6,3,lex_phase_3,0.13345909118652344,0.058866024017333984,0.0578150749206543,1947.515625
oos_experiment,TK-PB-Drahi_1-d1-HOM-UHI-79830456b8-r5,5,MULTISTAGE_RH,LEXMMFSA,6,4,lex_phase_4,0.18618106842041016,0.05530405044555664,0.054064035415649414,1927.3125
oos_experiment,TK-PB-Drahi_1-d1-HOM-UHI-79830456b8-r5,5,MULTISTAGE_RH,LEXMMFSA,6,4,lex_phase_4,0.13345909118652344,0.04688215255737305,0.04589390754699707,1947.515625
oos_experiment,TK-PB-Drahi_1-d1-HOM-UHI-79830456b8-r5,5,MULTISTAGE_RH,LEXMMFSA,6,5,lex_phase_5,0.18618106842041016,0.04825901985168457,0.047042131423950195,1927.3125
oos_experiment,TK-PB-Drahi_1-d1-HOM-UHI-79830456b8-r5,5,MULTISTAGE_RH,LEXMMFSA,6,5,lex_phase_5,0.13345909118652344,0.049577951431274414,0.048403024673461914,1947.515625
oos_experiment,TK-PB-Drahi_1-d1-HOM-UHI-79830456b8-r5,5,MULTISTAGE_RH,LEXMMFSA,6,6,economic_tie_break,0.18618106842041016,0.03094005584716797,0.029880046844482422,1927.3125
oos_experiment,TK-PB-Drahi_1-d1-HOM-UHI-79830456b8-r5,5,MULTISTAGE_RH,LEXMMFSA,6,6,economic_tie_break,0.13345909118652344,0.03029012680053711,0.02915811538696289,1947.515625
oos_experiment,TK-PB-Drahi_1-d1-HOM-UHI-79830456b8-r5,5,MULTISTAGE_RH,LEXMMFSA,7,1,lex_phase_1,0.18618106842041016,4.678673982620239,4.303807973861694,1927.3125
oos_experiment,TK-PB-Drahi_1-d1-HOM-UHI-79830456b8-r5,5,MULTISTAGE_RH,LEXMMFSA,7,1,lex_phase_1,0.13345909118652344,3.3195908069610596,2.9565489292144775,1947.515625
oos_experiment,TK-PB-Drahi_1-d1-HOM-UHI-79830456b8-r5,5,MULTISTAGE_RH,LEXMMFSA,7,2,lex_phase_2,0.18618106842041016,0.05265307426452637,0.05091500282287598,1927.3125
oos_experiment,TK-PB-Drahi_1-d1-HOM-UHI-79830456b8-r5,5,MULTISTAGE_RH,LEXMMFSA,7,2,lex_phase_2,0.13345909118652344,0.05467104911804199,0.05356001853942871,1947.515625
oos_experiment,TK-PB-Drahi_1-d1-HOM-UHI-79830456b8-r5,5,MULTISTAGE_RH,LEXMMFSA,7,3,lex_phase_3,0.18618106842041016,0.050084829330444336,0.048928022384643555,1927.3125
oos_experiment,TK-PB-Drahi_1-d1-HOM-UHI-79830456b8-r5,5,MULTISTAGE_RH,LEXMMFSA,7,3,lex_phase_3,0.13345909118652344,0.058866024017333984,0.0578150749206543,1947.515625
oos_experiment,TK-PB-Drahi_1-d1-HOM-UHI-79830456b8-r5,5,MULTISTAGE_RH,LEXMMFSA,7,4,lex_phase_4,0.18618106842041016,0.05530405044555664,0.054064035415649414,1927.3125
oos_experiment,TK-PB-Drahi_1-d1-HOM-UHI-79830456b8-r5,5,MULTISTAGE_RH,LEXMMFSA,7,4,lex_phase_4,0.13345909118652344,0.04688215255737305,0.04589390754699707,1947.515625
oos_experiment,TK-PB-Drahi_1-d1-HOM-UHI-79830456b8-r5,5,MULTISTAGE_RH,LEXMMFSA,7,5,lex_phase_5,0.18618106842041016,0.04825901985168457,0.047042131423950195,1927.3125
oos_experiment,TK-PB-Drahi_1-d1-HOM-UHI-79830456b8-r5,5,MULTISTAGE_RH,LEXMMFSA,7,5,lex_phase_5,0.13345909118652344,0.049577951431274414,0.048403024673461914,1947.515625
oos_experiment,TK-PB-Drahi_1-d1-HOM-UHI-79830456b8-r5,5,MULTISTAGE_RH,LEXMMFSA,7,6,economic_tie_break,0.18618106842041016,0.03094005584716797,0.029880046844482422,1927.3125
oos_experiment,TK-PB-Drahi_1-d1-HOM-UHI-79830456b8-r5,5,MULTISTAGE_RH,LEXMMFSA,7,6,economic_tie_break,0.13345909118652344,0.03029012680053711,0.02915811538696289,1947.515625
oos_experiment,TK-PB-Drahi_1-d1-HOM-UHI-79830456b8-r5,5,MULTISTAGE_RH,LEXMMFSA,8,1,lex_phase_1,0.18618106842041016,4.678673982620239,4.303807973861694,1927.3125
oos_experiment,TK-PB-Drahi_1-d1-HOM-UHI-79830456b8-r5,5,MULTISTAGE_RH,LEXMMFSA,8,1,lex_phase_1,0.13345909118652344,3.3195908069610596,2.9565489292144775,1947.515625
oos_experiment,TK-PB-Drahi_1-d1-HOM-UHI-79830456b8-r5,5,MULTISTAGE_RH,LEXMMFSA,8,2,lex_phase_2,0.18618106842041016,0.05265307426452637,0.05091500282287598,1927.3125
oos_experiment,TK-PB-Drahi_1-d1-HOM-UHI-79830456b8-r5,5,MULTISTAGE_RH,LEXMMFSA,8,2,lex_phase_2,0.13345909118652344,0.05467104911804199,0.05356001853942871,1947.515625
oos_experiment,TK-PB-Drahi_1-d1-HOM-UHI-79830456b8-r5,5,MULTISTAGE_RH,LEXMMFSA,8,3,lex_phase_3,0.18618106842041016,0.050084829330444336,0.048928022384643555,1927.3125
oos_experiment,TK-PB-Drahi_1-d1-HOM-UHI-79830456b8-r5,5,MULTISTAGE_RH,LEXMMFSA,8,3,lex_phase_3,0.13345909118652344,0.058866024017333984,0.0578150749206543,1947.515625
oos_experiment,TK-PB-Drahi_1-d1-HOM-UHI-79830456b8-r5,5,MULTISTAGE_RH,LEXMMFSA,8,4,lex_phase_4,0.18618106842041016,0.05530405044555664,0.054064035415649414,1927.3125
oos_experiment,TK-PB-Drahi_1-d1-HOM-UHI-79830456b8-r5,5,MULTISTAGE_RH,LEXMMFSA,8,4,lex_phase_4,0.13345909118652344,0.04688215255737305,0.04589390754699707,1947.515625
oos_experiment,TK-PB-Drahi_1-d1-HOM-UHI-79830456b8-r5,5,MULTISTAGE_RH,LEXMMFSA,8,5,lex_phase_5,0.18618106842041016,0.04825901985168457,0.047042131423950195,1927.3125
oos_experiment,TK-PB-Drahi_1-d1-HOM-UHI-79830456b8-r5,5,MULTISTAGE_RH,LEXMMFSA,8,5,lex_phase_5,0.13345909118652344,0.049577951431274414,0.048403024673461914,1947.515625
oos_experiment,TK-PB-Drahi_1-d1-HOM-UHI-79830456b8-r5,5,MULTISTAGE_RH,LEXMMFSA,8,6,economic_tie_break,0.18618106842041016,0.03094005584716797,0.029880046844482422,1927.3125
oos_experiment,TK-PB-Drahi_1-d1-HOM-UHI-79830456b8-r5,5,MULTISTAGE_RH,LEXMMFSA,8,6,economic_tie_break,0.13345909118652344,0.03029012680053711,0.02915811538696289,1947.515625
oos_experiment,TK-PB-Drahi_1-d1-HOM-UHI-79830456b8-r5,5,MULTISTAGE_RH,LEXMMFSA,9,1,lex_phase_1,0.2139880657196045,5.52079701423645,5.173479080200195,1927.3125
oos_experiment,TK-PB-Drahi_1-d1-HOM-UHI-79830456b8-r5,5,MULTISTAGE_RH,LEXMMFSA,9,1,lex_phase_1,0.12792301177978516,6.3840131759643555,6.036163091659546,1947.515625
oos_experiment,TK-PB-Drahi_1-d1-HOM-UHI-79830456b8-r5,5,MULTISTAGE_RH,LEXMMFSA,9,2,lex_phase_2,0.2139880657196045,0.05782794952392578,0.05675005912780762,1927.3125
oos_experiment,TK-PB-Drahi_1-d1-HOM-UHI-79830456b8-r5,5,MULTISTAGE_RH,LEXMMFSA,9,2,lex_phase_2,0.12792301177978516,0.0651390552520752,0.06386995315551758,1947.515625
oos_experiment,TK-PB-Drahi_1-d1-HOM-UHI-79830456b8-r5,5,MULTISTAGE_RH,LEXMMFSA,9,3,lex_phase_3,0.2139880657196045,0.06064796447753906,0.05950307846069336,1927.3125
oos_experiment,TK-PB-Drahi_1-d1-HOM-UHI-79830456b8-r5,5,MULTISTAGE_RH,LEXMMFSA,9,3,lex_phase_3,0.12792301177978516,0.050377845764160156,0.04937911033630371,1947.515625
oos_experiment,TK-PB-Drahi_1-d1-HOM-UHI-79830456b8-r5,5,MULTISTAGE_RH,LEXMMFSA,9,4,lex_phase_4,0.2139880657196045,0.05253314971923828,0.05101299285888672,1927.3125
oos_experiment,TK-PB-Drahi_1-d1-HOM-UHI-79830456b8-r5,5,MULTISTAGE_RH,LEXMMFSA,9,4,lex_phase_4,0.12792301177978516,0.05684399604797363,0.05566692352294922,1947.515625
oos_experiment,TK-PB-Drahi_1-d1-HOM-UHI-79830456b8-r5,5,MULTISTAGE_RH,LEXMMFSA,9,5,lex_phase_5,0.2139880657196045,0.04642796516418457,0.04520702362060547,1927.3125
oos_experiment,TK-PB-Drahi_1-d1-HOM-UHI-79830456b8-r5,5,MULTISTAGE_RH,LEXMMFSA,9,5,lex_phase_5,0.12792301177978516,0.04690718650817871,0.04591703414916992,1947.515625
oos_experiment,TK-PB-Drahi_1-d1-HOM-UHI-79830456b8-r5,5,MULTISTAGE_RH,LEXMMFSA,9,6,economic_tie_break,0.2139880657196045,0.029107093811035156,0.028074026107788086,1927.3125
oos_experiment,TK-PB-Drahi_1-d1-HOM-UHI-79830456b8-r5,5,MULTISTAGE_RH,LEXMMFSA,9,6,economic_tie_break,0.12792301177978516,0.032401084899902344,0.0314939022064209,1947.515625
oos_experiment,TK-PB-Drahi_1-d1-HOM-UHI-79830456b8-r5,5,MULTISTAGE_RH,LEXMMFSA,10,1,lex_phase_1,0.2139880657196045,5.52079701423645,5.173479080200195,1927.3125
oos_experiment,TK-PB-Drahi_1-d1-HOM-UHI-79830456b8-r5,5,MULTISTAGE_RH,LEXMMFSA,10,1,lex_phase_1,0.12792301177978516,6.3840131759643555,6.036163091659546,1947.515625
oos_experiment,TK-PB-Drahi_1-d1-HOM-UHI-79830456b8-r5,5,MULTISTAGE_RH,LEXMMFSA,10,2,lex_phase_2,0.2139880657196045,0.05782794952392578,0.05675005912780762,1927.3125
oos_experiment,TK-PB-Drahi_1-d1-HOM-UHI-79830456b8-r5,5,MULTISTAGE_RH,LEXMMFSA,10,2,lex_phase_2,0.12792301177978516,0.0651390552520752,0.06386995315551758,1947.515625
oos_experiment,TK-PB-Drahi_1-d1-HOM-UHI-79830456b8-r5,5,MULTISTAGE_RH,LEXMMFSA,10,3,lex_phase_3,0.2139880657196045,0.06064796447753906,0.05950307846069336,1927.3125
oos_experiment,TK-PB-Drahi_1-d1-HOM-UHI-79830456b8-r5,5,MULTISTAGE_RH,LEXMMFSA,10,3,lex_phase_3,0.12792301177978516,0.050377845764160156,0.04937911033630371,1947.515625
oos_experiment,TK-PB-Drahi_1-d1-HOM-UHI-79830456b8-r5,5,MULTISTAGE_RH,LEXMMFSA,10,4,lex_phase_4,0.2139880657196045,0.05253314971923828,0.05101299285888672,1927.3125
oos_experiment,TK-PB-Drahi_1-d1-HOM-UHI-79830456b8-r5,5,MULTISTAGE_RH,LEXMMFSA,10,4,lex_phase_4,0.12792301177978516,0.05684399604797363,0.05566692352294922,1947.515625
oos_experiment,TK-PB-Drahi_1-d1-HOM-UHI-79830456b8-r5,5,MULTISTAGE_RH,LEXMMFSA,10,5,lex_phase_5,0.2139880657196045,0.04642796516418457,0.04520702362060547,1927.3125
oos_experiment,TK-PB-Drahi_1-d1-HOM-UHI-79830456b8-r5,5,MULTISTAGE_RH,LEXMMFSA,10,5,lex_phase_5,0.12792301177978516,0.04690718650817871,0.04591703414916992,1947.515625
oos_experiment,TK-PB-Drahi_1-d1-HOM-UHI-79830456b8-r5,5,MULTISTAGE_RH,LEXMMFSA,10,6,economic_tie_break,0.2139880657196045,0.029107093811035156,0.028074026107788086,1927.3125
oos_experiment,TK-PB-Drahi_1-d1-HOM-UHI-79830456b8-r5,5,MULTISTAGE_RH,LEXMMFSA,10,6,economic_tie_break,0.12792301177978516,0.032401084899902344,0.0314939022064209,1947.515625
oos_experiment,TK-PB-Drahi_1-d1-HOM-UHI-79830456b8-r5,5,MULTISTAGE_RH,LEXMMFSA,11,1,lex_phase_1,0.2139880657196045,5.52079701423645,5.173479080200195,1927.3125
oos_experiment,TK-PB-Drahi_1-d1-HOM-UHI-79830456b8-r5,5,MULTISTAGE_RH,LEXMMFSA,11,1,lex_phase_1,0.12792301177978516,6.3840131759643555,6.036163091659546,1947.515625
oos_experiment,TK-PB-Drahi_1-d1-HOM-UHI-79830456b8-r5,5,MULTISTAGE_RH,LEXMMFSA,11,2,lex_phase_2,0.2139880657196045,0.05782794952392578,0.05675005912780762,1927.3125
oos_experiment,TK-PB-Drahi_1-d1-HOM-UHI-79830456b8-r5,5,MULTISTAGE_RH,LEXMMFSA,11,2,lex_phase_2,0.12792301177978516,0.0651390552520752,0.06386995315551758,1947.515625
oos_experiment,TK-PB-Drahi_1-d1-HOM-UHI-79830456b8-r5,5,MULTISTAGE_RH,LEXMMFSA,11,3,lex_phase_3,0.2139880657196045,0.06064796447753906,0.05950307846069336,1927.3125
oos_experiment,TK-PB-Drahi_1-d1-HOM-UHI-79830456b8-r5,5,MULTISTAGE_RH,LEXMMFSA,11,3,lex_phase_3,0.12792301177978516,0.050377845764160156,0.04937911033630371,1947.515625
oos_experiment,TK-PB-Drahi_1-d1-HOM-UHI-79830456b8-r5,5,MULTISTAGE_RH,LEXMMFSA,11,4,lex_phase_4,0.2139880657196045,0.05253314971923828,0.05101299285888672,1927.3125
oos_experiment,TK-PB-Drahi_1-d1-HOM-UHI-79830456b8-r5,5,MULTISTAGE_RH,LEXMMFSA,11,4,lex_phase_4,0.12792301177978516,0.05684399604797363,0.05566692352294922,1947.515625
oos_experiment,TK-PB-Drahi_1-d1-HOM-UHI-79830456b8-r5,5,MULTISTAGE_RH,LEXMMFSA,11,5,lex_phase_5,0.2139880657196045,0.04642796516418457,0.04520702362060547,1927.3125
oos_experiment,TK-PB-Drahi_1-d1-HOM-UHI-79830456b8-r5,5,MULTISTAGE_RH,LEXMMFSA,11,5,lex_phase_5,0.12792301177978516,0.04690718650817871,0.04591703414916992,1947.515625
oos_experiment,TK-PB-Drahi_1-d1-HOM-UHI-79830456b8-r5,5,MULTISTAGE_RH,LEXMMFSA,11,6,economic_tie_break,0.2139880657196045,0.029107093811035156,0.028074026107788086,1927.3125
oos_experiment,TK-PB-Drahi_1-d1-HOM-UHI-79830456b8-r5,5,MULTISTAGE_RH,LEXMMFSA,11,6,economic_tie_break,0.12792301177978516,0.032401084899902344,0.0314939022064209,1947.515625
oos_experiment,TK-PB-Drahi_1-d1-HOM-UHI-79830456b8-r5,5,MULTISTAGE_RH,LEXMMFSA,12,1,lex_phase_1,0.2139880657196045,5.52079701423645,5.173479080200195,1927.3125
oos_experiment,TK-PB-Drahi_1-d1-HOM-UHI-79830456b8-r5,5,MULTISTAGE_RH,LEXMMFSA,12,1,lex_phase_1,0.12792301177978516,6.3840131759643555,6.036163091659546,1947.515625
oos_experiment,TK-PB-Drahi_1-d1-HOM-UHI-79830456b8-r5,5,MULTISTAGE_RH,LEXMMFSA,12,2,lex_phase_2,0.2139880657196045,0.05782794952392578,0.05675005912780762,1927.3125
oos_experiment,TK-PB-Drahi_1-d1-HOM-UHI-79830456b8-r5,5,MULTISTAGE_RH,LEXMMFSA,12,2,lex_phase_2,0.12792301177978516,0.0651390552520752,0.06386995315551758,1947.515625
oos_experiment,TK-PB-Drahi_1-d1-HOM-UHI-79830456b8-r5,5,MULTISTAGE_RH,LEXMMFSA,12,3,lex_phase_3,0.2139880657196045,0.06064796447753906,0.05950307846069336,1927.3125
oos_experiment,TK-PB-Drahi_1-d1-HOM-UHI-79830456b8-r5,5,MULTISTAGE_RH,LEXMMFSA,12,3,lex_phase_3,0.12792301177978516,0.050377845764160156,0.04937911033630371,1947.515625
oos_experiment,TK-PB-Drahi_1-d1-HOM-UHI-79830456b8-r5,5,MULTISTAGE_RH,LEXMMFSA,12,4,lex_phase_4,0.2139880657196045,0.05253314971923828,0.05101299285888672,1927.3125
oos_experiment,TK-PB-Drahi_1-d1-HOM-UHI-79830456b8-r5,5,MULTISTAGE_RH,LEXMMFSA,12,4,lex_phase_4,0.12792301177978516,0.05684399604797363,0.05566692352294922,1947.515625
oos_experiment,TK-PB-Drahi_1-d1-HOM-UHI-79830456b8-r5,5,MULTISTAGE_RH,LEXMMFSA,12,5,lex_phase_5,0.2139880657196045,0.04642796516418457,0.04520702362060547,1927.3125
oos_experiment,TK-PB-Drahi_1-d1-HOM-UHI-79830456b8-r5,5,MULTISTAGE_RH,LEXMMFSA,12,5,lex_phase_5,0.12792301177978516,0.04690718650817871,0.04591703414916992,1947.515625
oos_experiment,TK-PB-Drahi_1-d1-HOM-UHI-79830456b8-r5,5,MULTISTAGE_RH,LEXMMFSA,12,6,economic_tie_break,0.2139880657196045,0.029107093811035156,0.028074026107788086,1927.3125
oos_experiment,TK-PB-Drahi_1-d1-HOM-UHI-79830456b8-r5,5,MULTISTAGE_RH,LEXMMFSA,12,6,economic_tie_break,0.12792301177978516,0.032401084899902344,0.0314939022064209,1947.515625
oos_experiment,TK-PB-Drahi_1-d1-HOM-UHI-79830456b8-r5,5,MULTISTAGE_RH,LEXMMFSA,13,1,lex_phase_1,0.12735795974731445,8.743052005767822,8.436743021011353,1927.3125
oos_experiment,TK-PB-Drahi_1-d1-HOM-UHI-79830456b8-r5,5,MULTISTAGE_RH,LEXMMFSA,13,1,lex_phase_1,0.13727283477783203,9.391515970230103,9.041785955429077,1947.515625
oos_experiment,TK-PB-Drahi_1-d1-HOM-UHI-79830456b8-r5,5,MULTISTAGE_RH,LEXMMFSA,13,2,lex_phase_2,0.12735795974731445,0.042840003967285156,0.04187321662902832,1927.3125
oos_experiment,TK-PB-Drahi_1-d1-HOM-UHI-79830456b8-r5,5,MULTISTAGE_RH,LEXMMFSA,13,2,lex_phase_2,0.13727283477783203,0.056433916091918945,0.055329084396362305,1947.515625
oos_experiment,TK-PB-Drahi_1-d1-HOM-UHI-79830456b8-r5,5,MULTISTAGE_RH,LEXMMFSA,13,3,lex_phase_3,0.12735795974731445,0.04349493980407715,0.0424799919128418,1927.3125
oos_experiment,TK-PB-Drahi_1-d1-HOM-UHI-79830456b8-r5,5,MULTISTAGE_RH,LEXMMFSA,13,3,lex_phase_3,0.13727283477783203,0.0559539794921875,0.054704904556274414,1947.515625
oos_experiment,TK-PB-Drahi_1-d1-HOM-UHI-79830456b8-r5,5,MULTISTAGE_RH,LEXMMFSA,13,4,lex_phase_4,0.12735795974731445,0.04154205322265625,0.04033708572387695,1927.3125
oos_experiment,TK-PB-Drahi_1-d1-HOM-UHI-79830456b8-r5,5,MULTISTAGE_RH,LEXMMFSA,13,4,lex_phase_4,0.13727283477783203,0.05559515953063965,0.05450010299682617,1947.515625
oos_experiment,TK-PB-Drahi_1-d1-HOM-UHI-79830456b8-r5,5,MULTISTAGE_RH,LEXMMFSA,13,5,lex_phase_5,0.12735795974731445,0.03782296180725098,0.03690505027770996,1927.3125
oos_experiment,TK-PB-Drahi_1-d1-HOM-UHI-79830456b8-r5,5,MULTISTAGE_RH,LEXMMFSA,13,5,lex_phase_5,0.13727283477783203,0.057565927505493164,0.05613398551940918,1947.515625
oos_experiment,TK-PB-Drahi_1-d1-HOM-UHI-79830456b8-r5,5,MULTISTAGE_RH,LEXMMFSA,13,6,economic_tie_break,0.12735795974731445,0.02746105194091797,0.026263952255249023,1927.3125
oos_experiment,TK-PB-Drahi_1-d1-HOM-UHI-79830456b8-r5,5,MULTISTAGE_RH,LEXMMFSA,13,6,economic_tie_break,0.13727283477783203,0.03695201873779297,0.035650014877319336,1947.515625
oos_experiment,TK-PB-Drahi_1-d1-HOM-UHI-79830456b8-r5,5,MULTISTAGE_RH,LEXMMFSA,14,1,lex_phase_1,0.12735795974731445,8.743052005767822,8.436743021011353,1927.3125
oos_experiment,TK-PB-Drahi_1-d1-HOM-UHI-79830456b8-r5,5,MULTISTAGE_RH,LEXMMFSA,14,1,lex_phase_1,0.13727283477783203,9.391515970230103,9.041785955429077,1947.515625
oos_experiment,TK-PB-Drahi_1-d1-HOM-UHI-79830456b8-r5,5,MULTISTAGE_RH,LEXMMFSA,14,2,lex_phase_2,0.12735795974731445,0.042840003967285156,0.04187321662902832,1927.3125
oos_experiment,TK-PB-Drahi_1-d1-HOM-UHI-79830456b8-r5,5,MULTISTAGE_RH,LEXMMFSA,14,2,lex_phase_2,0.13727283477783203,0.056433916091918945,0.055329084396362305,1947.515625
oos_experiment,TK-PB-Drahi_1-d1-HOM-UHI-79830456b8-r5,5,MULTISTAGE_RH,LEXMMFSA,14,3,lex_phase_3,0.12735795974731445,0.04349493980407715,0.0424799919128418,1927.3125
oos_experiment,TK-PB-Drahi_1-d1-HOM-UHI-79830456b8-r5,5,MULTISTAGE_RH,LEXMMFSA,14,3,lex_phase_3,0.13727283477783203,0.0559539794921875,0.054704904556274414,1947.515625
oos_experiment,TK-PB-Drahi_1-d1-HOM-UHI-79830456b8-r5,5,MULTISTAGE_RH,LEXMMFSA,14,4,lex_phase_4,0.12735795974731445,0.04154205322265625,0.04033708572387695,1927.3125
oos_experiment,TK-PB-Drahi_1-d1-HOM-UHI-79830456b8-r5,5,MULTISTAGE_RH,LEXMMFSA,14,4,lex_phase_4,0.13727283477783203,0.05559515953063965,0.05450010299682617,1947.515625
oos_experiment,TK-PB-Drahi_1-d1-HOM-UHI-79830456b8-r5,5,MULTISTAGE_RH,LEXMMFSA,14,5,lex_phase_5,0.12735795974731445,0.03782296180725098,0.03690505027770996,1927.3125
oos_experiment,TK-PB-Drahi_1-d1-HOM-UHI-79830456b8-r5,5,MULTISTAGE_RH,LEXMMFSA,14,5,lex_phase_5,0.13727283477783203,0.057565927505493164,0.05613398551940918,1947.515625
oos_experiment,TK-PB-Drahi_1-d1-HOM-UHI-79830456b8-r5,5,MULTISTAGE_RH,LEXMMFSA,14,6,economic_tie_break,0.12735795974731445,0.02746105194091797,0.026263952255249023,1927.3125
oos_experiment,TK-PB-Drahi_1-d1-HOM-UHI-79830456b8-r5,5,MULTISTAGE_RH,LEXMMFSA,14,6,economic_tie_break,0.13727283477783203,0.03695201873779297,0.035650014877319336,1947.515625
oos_experiment,TK-PB-Drahi_1-d1-HOM-UHI-79830456b8-r5,5,MULTISTAGE_RH,LEXMMFSA,15,1,lex_phase_1,0.12735795974731445,8.743052005767822,8.436743021011353,1927.3125
oos_experiment,TK-PB-Drahi_1-d1-HOM-UHI-79830456b8-r5,5,MULTISTAGE_RH,LEXMMFSA,15,1,lex_phase_1,0.13727283477783203,9.391515970230103,9.041785955429077,1947.515625
oos_experiment,TK-PB-Drahi_1-d1-HOM-UHI-79830456b8-r5,5,MULTISTAGE_RH,LEXMMFSA,15,2,lex_phase_2,0.12735795974731445,0.042840003967285156,0.04187321662902832,1927.3125
oos_experiment,TK-PB-Drahi_1-d1-HOM-UHI-79830456b8-r5,5,MULTISTAGE_RH,LEXMMFSA,15,2,lex_phase_2,0.13727283477783203,0.056433916091918945,0.055329084396362305,1947.515625
oos_experiment,TK-PB-Drahi_1-d1-HOM-UHI-79830456b8-r5,5,MULTISTAGE_RH,LEXMMFSA,15,3,lex_phase_3,0.12735795974731445,0.04349493980407715,0.0424799919128418,1927.3125
oos_experiment,TK-PB-Drahi_1-d1-HOM-UHI-79830456b8-r5,5,MULTISTAGE_RH,LEXMMFSA,15,3,lex_phase_3,0.13727283477783203,0.0559539794921875,0.054704904556274414,1947.515625
oos_experiment,TK-PB-Drahi_1-d1-HOM-UHI-79830456b8-r5,5,MULTISTAGE_RH,LEXMMFSA,15,4,lex_phase_4,0.12735795974731445,0.04154205322265625,0.04033708572387695,1927.3125
oos_experiment,TK-PB-Drahi_1-d1-HOM-UHI-79830456b8-r5,5,MULTISTAGE_RH,LEXMMFSA,15,4,lex_phase_4,0.13727283477783203,0.05559515953063965,0.05450010299682617,1947.515625
oos_experiment,TK-PB-Drahi_1-d1-HOM-UHI-79830456b8-r5,5,MULTISTAGE_RH,LEXMMFSA,15,5,lex_phase_5,0.12735795974731445,0.03782296180725098,0.03690505027770996,1927.3125
oos_experiment,TK-PB-Drahi_1-d1-HOM-UHI-79830456b8-r5,5,MULTISTAGE_RH,LEXMMFSA,15,5,lex_phase_5,0.13727283477783203,0.057565927505493164,0.05613398551940918,1947.515625
oos_experiment,TK-PB-Drahi_1-d1-HOM-UHI-79830456b8-r5,5,MULTISTAGE_RH,LEXMMFSA,15,6,economic_tie_break,0.12735795974731445,0.02746105194091797,0.026263952255249023,1927.3125
oos_experiment,TK-PB-Drahi_1-d1-HOM-UHI-79830456b8-r5,5,MULTISTAGE_RH,LEXMMFSA,15,6,economic_tie_break,0.13727283477783203,0.03695201873779297,0.035650014877319336,1947.515625
oos_experiment,TK-PB-Drahi_1-d1-HOM-UHI-79830456b8-r5,5,MULTISTAGE_RH,LEXMMFSA,16,1,lex_phase_1,0.12735795974731445,8.743052005767822,8.436743021011353,1927.3125
oos_experiment,TK-PB-Drahi_1-d1-HOM-UHI-79830456b8-r5,5,MULTISTAGE_RH,LEXMMFSA,16,1,lex_phase_1,0.13727283477783203,9.391515970230103,9.041785955429077,1947.515625
oos_experiment,TK-PB-Drahi_1-d1-HOM-UHI-79830456b8-r5,5,MULTISTAGE_RH,LEXMMFSA,16,2,lex_phase_2,0.12735795974731445,0.042840003967285156,0.04187321662902832,1927.3125
oos_experiment,TK-PB-Drahi_1-d1-HOM-UHI-79830456b8-r5,5,MULTISTAGE_RH,LEXMMFSA,16,2,lex_phase_2,0.13727283477783203,0.056433916091918945,0.055329084396362305,1947.515625
oos_experiment,TK-PB-Drahi_1-d1-HOM-UHI-79830456b8-r5,5,MULTISTAGE_RH,LEXMMFSA,16,3,lex_phase_3,0.12735795974731445,0.04349493980407715,0.0424799919128418,1927.3125
oos_experiment,TK-PB-Drahi_1-d1-HOM-UHI-79830456b8-r5,5,MULTISTAGE_RH,LEXMMFSA,16,3,lex_phase_3,0.13727283477783203,0.0559539794921875,0.054704904556274414,1947.515625
oos_experiment,TK-PB-Drahi_1-d1-HOM-UHI-79830456b8-r5,5,MULTISTAGE_RH,LEXMMFSA,16,4,lex_phase_4,0.12735795974731445,0.04154205322265625,0.04033708572387695,1927.3125
oos_experiment,TK-PB-Drahi_1-d1-HOM-UHI-79830456b8-r5,5,MULTISTAGE_RH,LEXMMFSA,16,4,lex_phase_4,0.13727283477783203,0.05559515953063965,0.05450010299682617,1947.515625
oos_experiment,TK-PB-Drahi_1-d1-HOM-UHI-79830456b8-r5,5,MULTISTAGE_RH,LEXMMFSA,16,5,lex_phase_5,0.12735795974731445,0.03782296180725098,0.03690505027770996,1927.3125
oos_experiment,TK-PB-Drahi_1-d1-HOM-UHI-79830456b8-r5,5,MULTISTAGE_RH,LEXMMFSA,16,5,lex_phase_5,0.13727283477783203,0.057565927505493164,0.05613398551940918,1947.515625
oos_experiment,TK-PB-Drahi_1-d1-HOM-UHI-79830456b8-r5,5,MULTISTAGE_RH,LEXMMFSA,16,6,economic_tie_break,0.12735795974731445,0.02746105194091797,0.026263952255249023,1927.3125
oos_experiment,TK-PB-Drahi_1-d1-HOM-UHI-79830456b8-r5,5,MULTISTAGE_RH,LEXMMFSA,16,6,economic_tie_break,0.13727283477783203,0.03695201873779297,0.035650014877319336,1947.515625
oos_experiment,TK-PB-Drahi_1-d1-HOM-UHI-79830456b8-r5,5,MULTISTAGE_RH,LEXMMFSA,17,1,lex_phase_1,0.13949012756347656,5.686124801635742,5.355495929718018,1927.3125
oos_experiment,TK-PB-Drahi_1-d1-HOM-UHI-79830456b8-r5,5,MULTISTAGE_RH,LEXMMFSA,17,1,lex_phase_1,0.13829898834228516,6.971803188323975,6.4420859813690186,1947.515625
oos_experiment,TK-PB-Drahi_1-d1-HOM-UHI-79830456b8-r5,5,MULTISTAGE_RH,LEXMMFSA,17,2,lex_phase_2,0.13949012756347656,0.08542108535766602,0.08431291580200195,1927.3125
oos_experiment,TK-PB-Drahi_1-d1-HOM-UHI-79830456b8-r5,5,MULTISTAGE_RH,LEXMMFSA,17,2,lex_phase_2,0.13829898834228516,0.07910299301147461,0.07783913612365723,1947.515625
oos_experiment,TK-PB-Drahi_1-d1-HOM-UHI-79830456b8-r5,5,MULTISTAGE_RH,LEXMMFSA,17,3,lex_phase_3,0.13949012756347656,0.06488418579101562,0.06369996070861816,1927.3125
oos_experiment,TK-PB-Drahi_1-d1-HOM-UHI-79830456b8-r5,5,MULTISTAGE_RH,LEXMMFSA,17,3,lex_phase_3,0.13829898834228516,0.06725311279296875,0.0659019947052002,1947.515625
oos_experiment,TK-PB-Drahi_1-d1-HOM-UHI-79830456b8-r5,5,MULTISTAGE_RH,LEXMMFSA,17,4,lex_phase_4,0.13949012756347656,0.04868602752685547,0.047614097595214844,1927.3125
oos_experiment,TK-PB-Drahi_1-d1-HOM-UHI-79830456b8-r5,5,MULTISTAGE_RH,LEXMMFSA,17,4,lex_phase_4,0.13829898834228516,0.05551004409790039,0.054411888122558594,1947.515625
oos_experiment,TK-PB-Drahi_1-d1-HOM-UHI-79830456b8-r5,5,MULTISTAGE_RH,LEXMMFSA,17,5,lex_phase_5,0.13949012756347656,0.06627988815307617,0.06509685516357422,1927.3125
oos_experiment,TK-PB-Drahi_1-d1-HOM-UHI-79830456b8-r5,5,MULTISTAGE_RH,LEXMMFSA,17,5,lex_phase_5,0.13829898834228516,0.05314898490905762,0.05206418037414551,1947.515625
oos_experiment,TK-PB-Drahi_1-d1-HOM-UHI-79830456b8-r5,5,MULTISTAGE_RH,LEXMMFSA,17,6,economic_tie_break,0.13949012756347656,0.028451919555664062,0.027161836624145508,1927.3125
oos_experiment,TK-PB-Drahi_1-d1-HOM-UHI-79830456b8-r5,5,MULTISTAGE_RH,LEXMMFSA,17,6,economic_tie_break,0.13829898834228516,0.030150890350341797,0.02899312973022461,1947.515625
oos_experiment,TK-PB-Drahi_1-d1-HOM-UHI-79830456b8-r5,5,MULTISTAGE_RH,LEXMMFSA,18,1,lex_phase_1,0.13949012756347656,5.686124801635742,5.355495929718018,1927.3125
oos_experiment,TK-PB-Drahi_1-d1-HOM-UHI-79830456b8-r5,5,MULTISTAGE_RH,LEXMMFSA,18,1,lex_phase_1,0.13829898834228516,6.971803188323975,6.4420859813690186,1947.515625
oos_experiment,TK-PB-Drahi_1-d1-HOM-UHI-79830456b8-r5,5,MULTISTAGE_RH,LEXMMFSA,18,2,lex_phase_2,0.13949012756347656,0.08542108535766602,0.08431291580200195,1927.3125
oos_experiment,TK-PB-Drahi_1-d1-HOM-UHI-79830456b8-r5,5,MULTISTAGE_RH,LEXMMFSA,18,2,lex_phase_2,0.13829898834228516,0.07910299301147461,0.07783913612365723,1947.515625
oos_experiment,TK-PB-Drahi_1-d1-HOM-UHI-79830456b8-r5,5,MULTISTAGE_RH,LEXMMFSA,18,3,lex_phase_3,0.13949012756347656,0.06488418579101562,0.06369996070861816,1927.3125
oos_experiment,TK-PB-Drahi_1-d1-HOM-UHI-79830456b8-r5,5,MULTISTAGE_RH,LEXMMFSA,18,3,lex_phase_3,0.13829898834228516,0.06725311279296875,0.0659019947052002,1947.515625
oos_experiment,TK-PB-Drahi_1-d1-HOM-UHI-79830456b8-r5,5,MULTISTAGE_RH,LEXMMFSA,18,4,lex_phase_4,0.13949012756347656,0.04868602752685547,0.047614097595214844,1927.3125
oos_experiment,TK-PB-Drahi_1-d1-HOM-UHI-79830456b8-r5,5,MULTISTAGE_RH,LEXMMFSA,18,4,lex_phase_4,0.13829898834228516,0.05551004409790039,0.054411888122558594,1947.515625
oos_experiment,TK-PB-Drahi_1-d1-HOM-UHI-79830456b8-r5,5,MULTISTAGE_RH,LEXMMFSA,18,5,lex_phase_5,0.13949012756347656,0.06627988815307617,0.06509685516357422,1927.3125
oos_experiment,TK-PB-Drahi_1-d1-HOM-UHI-79830456b8-r5,5,MULTISTAGE_RH,LEXMMFSA,18,5,lex_phase_5,0.13829898834228516,0.05314898490905762,0.05206418037414551,1947.515625
oos_experiment,TK-PB-Drahi_1-d1-HOM-UHI-79830456b8-r5,5,MULTISTAGE_RH,LEXMMFSA,18,6,economic_tie_break,0.13949012756347656,0.028451919555664062,0.027161836624145508,1927.3125
oos_experiment,TK-PB-Drahi_1-d1-HOM-UHI-79830456b8-r5,5,MULTISTAGE_RH,LEXMMFSA,18,6,economic_tie_break,0.13829898834228516,0.030150890350341797,0.02899312973022461,1947.515625
oos_experiment,TK-PB-Drahi_1-d1-HOM-UHI-79830456b8-r5,5,MULTISTAGE_RH,LEXMMFSA,19,1,lex_phase_1,0.13949012756347656,5.686124801635742,5.355495929718018,1927.3125
oos_experiment,TK-PB-Drahi_1-d1-HOM-UHI-79830456b8-r5,5,MULTISTAGE_RH,LEXMMFSA,19,1,lex_phase_1,0.13829898834228516,6.971803188323975,6.4420859813690186,1947.515625
oos_experiment,TK-PB-Drahi_1-d1-HOM-UHI-79830456b8-r5,5,MULTISTAGE_RH,LEXMMFSA,19,2,lex_phase_2,0.13949012756347656,0.08542108535766602,0.08431291580200195,1927.3125
oos_experiment,TK-PB-Drahi_1-d1-HOM-UHI-79830456b8-r5,5,MULTISTAGE_RH,LEXMMFSA,19,2,lex_phase_2,0.13829898834228516,0.07910299301147461,0.07783913612365723,1947.515625
oos_experiment,TK-PB-Drahi_1-d1-HOM-UHI-79830456b8-r5,5,MULTISTAGE_RH,LEXMMFSA,19,3,lex_phase_3,0.13949012756347656,0.06488418579101562,0.06369996070861816,1927.3125
oos_experiment,TK-PB-Drahi_1-d1-HOM-UHI-79830456b8-r5,5,MULTISTAGE_RH,LEXMMFSA,19,3,lex_phase_3,0.13829898834228516,0.06725311279296875,0.0659019947052002,1947.515625
oos_experiment,TK-PB-Drahi_1-d1-HOM-UHI-79830456b8-r5,5,MULTISTAGE_RH,LEXMMFSA,19,4,lex_phase_4,0.13949012756347656,0.04868602752685547,0.047614097595214844,1927.3125
oos_experiment,TK-PB-Drahi_1-d1-HOM-UHI-79830456b8-r5,5,MULTISTAGE_RH,LEXMMFSA,19,4,lex_phase_4,0.13829898834228516,0.05551004409790039,0.054411888122558594,1947.515625
oos_experiment,TK-PB-Drahi_1-d1-HOM-UHI-79830456b8-r5,5,MULTISTAGE_RH,LEXMMFSA,19,5,lex_phase_5,0.13949012756347656,0.06627988815307617,0.06509685516357422,1927.3125
oos_experiment,TK-PB-Drahi_1-d1-HOM-UHI-79830456b8-r5,5,MULTISTAGE_RH,LEXMMFSA,19,5,lex_phase_5,0.13829898834228516,0.05314898490905762,0.05206418037414551,1947.515625
oos_experiment,TK-PB-Drahi_1-d1-HOM-UHI-79830456b8-r5,5,MULTISTAGE_RH,LEXMMFSA,19,6,economic_tie_break,0.13949012756347656,0.028451919555664062,0.027161836624145508,1927.3125
oos_experiment,TK-PB-Drahi_1-d1-HOM-UHI-79830456b8-r5,5,MULTISTAGE_RH,LEXMMFSA,19,6,economic_tie_break,0.13829898834228516,0.030150890350341797,0.02899312973022461,1947.515625
oos_experiment,TK-PB-Drahi_1-d1-HOM-UHI-79830456b8-r5,5,MULTISTAGE_RH,LEXMMFSA,20,1,lex_phase_1,0.13949012756347656,5.686124801635742,5.355495929718018,1927.3125
oos_experiment,TK-PB-Drahi_1-d1-HOM-UHI-79830456b8-r5,5,MULTISTAGE_RH,LEXMMFSA,20,1,lex_phase_1,0.13829898834228516,6.971803188323975,6.4420859813690186,1947.515625
oos_experiment,TK-PB-Drahi_1-d1-HOM-UHI-79830456b8-r5,5,MULTISTAGE_RH,LEXMMFSA,20,2,lex_phase_2,0.13949012756347656,0.08542108535766602,0.08431291580200195,1927.3125
oos_experiment,TK-PB-Drahi_1-d1-HOM-UHI-79830456b8-r5,5,MULTISTAGE_RH,LEXMMFSA,20,2,lex_phase_2,0.13829898834228516,0.07910299301147461,0.07783913612365723,1947.515625
oos_experiment,TK-PB-Drahi_1-d1-HOM-UHI-79830456b8-r5,5,MULTISTAGE_RH,LEXMMFSA,20,3,lex_phase_3,0.13949012756347656,0.06488418579101562,0.06369996070861816,1927.3125
oos_experiment,TK-PB-Drahi_1-d1-HOM-UHI-79830456b8-r5,5,MULTISTAGE_RH,LEXMMFSA,20,3,lex_phase_3,0.13829898834228516,0.06725311279296875,0.0659019947052002,1947.515625
oos_experiment,TK-PB-Drahi_1-d1-HOM-UHI-79830456b8-r5,5,MULTISTAGE_RH,LEXMMFSA,20,4,lex_phase_4,0.13949012756347656,0.04868602752685547,0.047614097595214844,1927.3125
oos_experiment,TK-PB-Drahi_1-d1-HOM-UHI-79830456b8-r5,5,MULTISTAGE_RH,LEXMMFSA,20,4,lex_phase_4,0.13829898834228516,0.05551004409790039,0.054411888122558594,1947.515625
oos_experiment,TK-PB-Drahi_1-d1-HOM-UHI-79830456b8-r5,5,MULTISTAGE_RH,LEXMMFSA,20,5,lex_phase_5,0.13949012756347656,0.06627988815307617,0.06509685516357422,1927.3125
oos_experiment,TK-PB-Drahi_1-d1-HOM-UHI-79830456b8-r5,5,MULTISTAGE_RH,LEXMMFSA,20,5,lex_phase_5,0.13829898834228516,0.05314898490905762,0.05206418037414551,1947.515625
oos_experiment,TK-PB-Drahi_1-d1-HOM-UHI-79830456b8-r5,5,MULTISTAGE_RH,LEXMMFSA,20,6,economic_tie_break,0.13949012756347656,0.028451919555664062,0.027161836624145508,1927.3125
oos_experiment,TK-PB-Drahi_1-d1-HOM-UHI-79830456b8-r5,5,MULTISTAGE_RH,LEXMMFSA,20,6,economic_tie_break,0.13829898834228516,0.030150890350341797,0.02899312973022461,1947.515625
oos_experiment,TK-PB-Drahi_1-d1-HOM-UHI-79830456b8-r5,5,MULTISTAGE_RH,LEXMMFSA,21,1,lex_phase_1,0.12360692024230957,9.044147968292236,8.773424863815308,1927.3125
oos_experiment,TK-PB-Drahi_1-d1-HOM-UHI-79830456b8-r5,5,MULTISTAGE_RH,LEXMMFSA,21,1,lex_phase_1,0.1519019603729248,12.265666961669922,11.92766785621643,1947.515625
oos_experiment,TK-PB-Drahi_1-d1-HOM-UHI-79830456b8-r5,5,MULTISTAGE_RH,LEXMMFSA,21,2,lex_phase_2,0.12360692024230957,0.05035400390625,0.0492398738861084,1927.3125
oos_experiment,TK-PB-Drahi_1-d1-HOM-UHI-79830456b8-r5,5,MULTISTAGE_RH,LEXMMFSA,21,2,lex_phase_2,0.1519019603729248,0.06138896942138672,0.060237884521484375,1947.515625
oos_experiment,TK-PB-Drahi_1-d1-HOM-UHI-79830456b8-r5,5,MULTISTAGE_RH,LEXMMFSA,21,3,lex_phase_3,0.12360692024230957,0.05769014358520508,0.05646991729736328,1927.3125
oos_experiment,TK-PB-Drahi_1-d1-HOM-UHI-79830456b8-r5,5,MULTISTAGE_RH,LEXMMFSA,21,3,lex_phase_3,0.1519019603729248,0.06031179428100586,0.05909395217895508,1947.515625
oos_experiment,TK-PB-Drahi_1-d1-HOM-UHI-79830456b8-r5,5,MULTISTAGE_RH,LEXMMFSA,21,4,lex_phase_4,0.12360692024230957,0.03849911689758301,0.03738093376159668,1927.3125
oos_experiment,TK-PB-Drahi_1-d1-HOM-UHI-79830456b8-r5,5,MULTISTAGE_RH,LEXMMFSA,21,4,lex_phase_4,0.1519019603729248,0.0597689151763916,0.05864691734313965,1947.515625
oos_experiment,TK-PB-Drahi_1-d1-HOM-UHI-79830456b8-r5,5,MULTISTAGE_RH,LEXMMFSA,21,5,lex_phase_5,0.12360692024230957,0.036715030670166016,0.0355830192565918,1927.3125
oos_experiment,TK-PB-Drahi_1-d1-HOM-UHI-79830456b8-r5,5,MULTISTAGE_RH,LEXMMFSA,21,5,lex_phase_5,0.1519019603729248,0.05340909957885742,0.05188894271850586,1947.515625
oos_experiment,TK-PB-Drahi_1-d1-HOM-UHI-79830456b8-r5,5,MULTISTAGE_RH,LEXMMFSA,21,6,economic_tie_break,0.12360692024230957,0.027981996536254883,0.026849031448364258,1927.3125
oos_experiment,TK-PB-Drahi_1-d1-HOM-UHI-79830456b8-r5,5,MULTISTAGE_RH,LEXMMFSA,21,6,economic_tie_break,0.1519019603729248,0.030377864837646484,0.029417037963867188,1947.515625
oos_experiment,TK-PB-Drahi_1-d1-HOM-UHI-79830456b8-r5,5,MULTISTAGE_RH,LEXMMFSA,22,1,lex_phase_1,0.12360692024230957,9.044147968292236,8.773424863815308,1927.3125
oos_experiment,TK-PB-Drahi_1-d1-HOM-UHI-79830456b8-r5,5,MULTISTAGE_RH,LEXMMFSA,22,1,lex_phase_1,0.1519019603729248,12.265666961669922,11.92766785621643,1947.515625
oos_experiment,TK-PB-Drahi_1-d1-HOM-UHI-79830456b8-r5,5,MULTISTAGE_RH,LEXMMFSA,22,2,lex_phase_2,0.12360692024230957,0.05035400390625,0.0492398738861084,1927.3125
oos_experiment,TK-PB-Drahi_1-d1-HOM-UHI-79830456b8-r5,5,MULTISTAGE_RH,LEXMMFSA,22,2,lex_phase_2,0.1519019603729248,0.06138896942138672,0.060237884521484375,1947.515625
oos_experiment,TK-PB-Drahi_1-d1-HOM-UHI-79830456b8-r5,5,MULTISTAGE_RH,LEXMMFSA,22,3,lex_phase_3,0.12360692024230957,0.05769014358520508,0.05646991729736328,1927.3125
oos_experiment,TK-PB-Drahi_1-d1-HOM-UHI-79830456b8-r5,5,MULTISTAGE_RH,LEXMMFSA,22,3,lex_phase_3,0.1519019603729248,0.06031179428100586,0.05909395217895508,1947.515625
oos_experiment,TK-PB-Drahi_1-d1-HOM-UHI-79830456b8-r5,5,MULTISTAGE_RH,LEXMMFSA,22,4,lex_phase_4,0.12360692024230957,0.03849911689758301,0.03738093376159668,1927.3125
oos_experiment,TK-PB-Drahi_1-d1-HOM-UHI-79830456b8-r5,5,MULTISTAGE_RH,LEXMMFSA,22,4,lex_phase_4,0.1519019603729248,0.0597689151763916,0.05864691734313965,1947.515625
oos_experiment,TK-PB-Drahi_1-d1-HOM-UHI-79830456b8-r5,5,MULTISTAGE_RH,LEXMMFSA,22,5,lex_phase_5,0.12360692024230957,0.036715030670166016,0.0355830192565918,1927.3125
oos_experiment,TK-PB-Drahi_1-d1-HOM-UHI-79830456b8-r5,5,MULTISTAGE_RH,LEXMMFSA,22,5,lex_phase_5,0.1519019603729248,0.05340909957885742,0.05188894271850586,1947.515625
oos_experiment,TK-PB-Drahi_1-d1-HOM-UHI-79830456b8-r5,5,MULTISTAGE_RH,LEXMMFSA,22,6,economic_tie_break,0.12360692024230957,0.027981996536254883,0.026849031448364258,1927.3125
oos_experiment,TK-PB-Drahi_1-d1-HOM-UHI-79830456b8-r5,5,MULTISTAGE_RH,LEXMMFSA,22,6,economic_tie_break,0.1519019603729248,0.030377864837646484,0.029417037963867188,1947.515625
oos_experiment,TK-PB-Drahi_1-d1-HOM-UHI-79830456b8-r5,5,MULTISTAGE_RH,LEXMMFSA,23,1,lex_phase_1,0.12360692024230957,9.044147968292236,8.773424863815308,1927.3125
oos_experiment,TK-PB-Drahi_1-d1-HOM-UHI-79830456b8-r5,5,MULTISTAGE_RH,LEXMMFSA,23,1,lex_phase_1,0.1519019603729248,12.265666961669922,11.92766785621643,1947.515625
oos_experiment,TK-PB-Drahi_1-d1-HOM-UHI-79830456b8-r5,5,MULTISTAGE_RH,LEXMMFSA,23,2,lex_phase_2,0.12360692024230957,0.05035400390625,0.0492398738861084,1927.3125
oos_experiment,TK-PB-Drahi_1-d1-HOM-UHI-79830456b8-r5,5,MULTISTAGE_RH,LEXMMFSA,23,2,lex_phase_2,0.1519019603729248,0.06138896942138672,0.060237884521484375,1947.515625
oos_experiment,TK-PB-Drahi_1-d1-HOM-UHI-79830456b8-r5,5,MULTISTAGE_RH,LEXMMFSA,23,3,lex_phase_3,0.12360692024230957,0.05769014358520508,0.05646991729736328,1927.3125
oos_experiment,TK-PB-Drahi_1-d1-HOM-UHI-79830456b8-r5,5,MULTISTAGE_RH,LEXMMFSA,23,3,lex_phase_3,0.1519019603729248,0.06031179428100586,0.05909395217895508,1947.515625
oos_experiment,TK-PB-Drahi_1-d1-HOM-UHI-79830456b8-r5,5,MULTISTAGE_RH,LEXMMFSA,23,4,lex_phase_4,0.12360692024230957,0.03849911689758301,0.03738093376159668,1927.3125
oos_experiment,TK-PB-Drahi_1-d1-HOM-UHI-79830456b8-r5,5,MULTISTAGE_RH,LEXMMFSA,23,4,lex_phase_4,0.1519019603729248,0.0597689151763916,0.05864691734313965,1947.515625
oos_experiment,TK-PB-Drahi_1-d1-HOM-UHI-79830456b8-r5,5,MULTISTAGE_RH,LEXMMFSA,23,5,lex_phase_5,0.12360692024230957,0.036715030670166016,0.0355830192565918,1927.3125
oos_experiment,TK-PB-Drahi_1-d1-HOM-UHI-79830456b8-r5,5,MULTISTAGE_RH,LEXMMFSA,23,5,lex_phase_5,0.1519019603729248,0.05340909957885742,0.05188894271850586,1947.515625
oos_experiment,TK-PB-Drahi_1-d1-HOM-UHI-79830456b8-r5,5,MULTISTAGE_RH,LEXMMFSA,23,6,economic_tie_break,0.12360692024230957,0.027981996536254883,0.026849031448364258,1927.3125
oos_experiment,TK-PB-Drahi_1-d1-HOM-UHI-79830456b8-r5,5,MULTISTAGE_RH,LEXMMFSA,23,6,economic_tie_break,0.1519019603729248,0.030377864837646484,0.029417037963867188,1947.515625
oos_experiment,TK-PB-Drahi_1-d1-HOM-UHI-79830456b8-r5,5,MULTISTAGE_RH,LEXMMFSA,24,1,lex_phase_1,0.12360692024230957,9.044147968292236,8.773424863815308,1927.3125
oos_experiment,TK-PB-Drahi_1-d1-HOM-UHI-79830456b8-r5,5,MULTISTAGE_RH,LEXMMFSA,24,1,lex_phase_1,0.1519019603729248,12.265666961669922,11.92766785621643,1947.515625
oos_experiment,TK-PB-Drahi_1-d1-HOM-UHI-79830456b8-r5,5,MULTISTAGE_RH,LEXMMFSA,24,2,lex_phase_2,0.12360692024230957,0.05035400390625,0.0492398738861084,1927.3125
oos_experiment,TK-PB-Drahi_1-d1-HOM-UHI-79830456b8-r5,5,MULTISTAGE_RH,LEXMMFSA,24,2,lex_phase_2,0.1519019603729248,0.06138896942138672,0.060237884521484375,1947.515625
oos_experiment,TK-PB-Drahi_1-d1-HOM-UHI-79830456b8-r5,5,MULTISTAGE_RH,LEXMMFSA,24,3,lex_phase_3,0.12360692024230957,0.05769014358520508,0.05646991729736328,1927.3125
oos_experiment,TK-PB-Drahi_1-d1-HOM-UHI-79830456b8-r5,5,MULTISTAGE_RH,LEXMMFSA,24,3,lex_phase_3,0.1519019603729248,0.06031179428100586,0.05909395217895508,1947.515625
oos_experiment,TK-PB-Drahi_1-d1-HOM-UHI-79830456b8-r5,5,MULTISTAGE_RH,LEXMMFSA,24,4,lex_phase_4,0.12360692024230957,0.03849911689758301,0.03738093376159668,1927.3125
oos_experiment,TK-PB-Drahi_1-d1-HOM-UHI-79830456b8-r5,5,MULTISTAGE_RH,LEXMMFSA,24,4,lex_phase_4,0.1519019603729248,0.0597689151763916,0.05864691734313965,1947.515625
oos_experiment,TK-PB-Drahi_1-d1-HOM-UHI-79830456b8-r5,5,MULTISTAGE_RH,LEXMMFSA,24,5,lex_phase_5,0.12360692024230957,0.036715030670166016,0.0355830192565918,1927.3125
oos_experiment,TK-PB-Drahi_1-d1-HOM-UHI-79830456b8-r5,5,MULTISTAGE_RH,LEXMMFSA,24,5,lex_phase_5,0.1519019603729248,0.05340909957885742,0.05188894271850586,1947.515625
oos_experiment,TK-PB-Drahi_1-d1-HOM-UHI-79830456b8-r5,5,MULTISTAGE_RH,LEXMMFSA,24,6,economic_tie_break,0.12360692024230957,0.027981996536254883,0.026849031448364258,1927.3125
oos_experiment,TK-PB-Drahi_1-d1-HOM-UHI-79830456b8-r5,5,MULTISTAGE_RH,LEXMMFSA,24,6,economic_tie_break,0.1519019603729248,0.030377864837646484,0.029417037963867188,1947.515625
oos_experiment,TK-PB-Drahi_1-d1-HOM-UHI-79830456b8-r5,5,MULTISTAGE_RH,NONE,1,0,single_solve,0.8119900226593018,0.6612939834594727,0.43233394622802734,1901.71484375
oos_experiment,TK-PB-Drahi_1-d1-HOM-UHI-79830456b8-r5,5,MULTISTAGE_RH,NONE,1,0,single_solve,0.39095282554626465,0.6239621639251709,0.3831460475921631,1927.3125
oos_experiment,TK-PB-Drahi_1-d1-HOM-UHI-79830456b8-r5,5,MULTISTAGE_RH,NONE,2,0,single_solve,0.8119900226593018,0.6612939834594727,0.43233394622802734,1901.71484375
oos_experiment,TK-PB-Drahi_1-d1-HOM-UHI-79830456b8-r5,5,MULTISTAGE_RH,NONE,2,0,single_solve,0.39095282554626465,0.6239621639251709,0.3831460475921631,1927.3125
oos_experiment,TK-PB-Drahi_1-d1-HOM-UHI-79830456b8-r5,5,MULTISTAGE_RH,NONE,3,0,single_solve,0.8119900226593018,0.6612939834594727,0.43233394622802734,1901.71484375
oos_experiment,TK-PB-Drahi_1-d1-HOM-UHI-79830456b8-r5,5,MULTISTAGE_RH,NONE,3,0,single_solve,0.39095282554626465,0.6239621639251709,0.3831460475921631,1927.3125
oos_experiment,TK-PB-Drahi_1-d1-HOM-UHI-79830456b8-r5,5,MULTISTAGE_RH,NONE,4,0,single_solve,0.8119900226593018,0.6612939834594727,0.43233394622802734,1901.71484375
oos_experiment,TK-PB-Drahi_1-d1-HOM-UHI-79830456b8-r5,5,MULTISTAGE_RH,NONE,4,0,single_solve,0.39095282554626465,0.6239621639251709,0.3831460475921631,1927.3125
oos_experiment,TK-PB-Drahi_1-d1-HOM-UHI-79830456b8-r5,5,MULTISTAGE_RH,NONE,5,0,single_solve,0.3119781017303467,0.5279331207275391,0.2911338806152344,1901.71484375
oos_experiment,TK-PB-Drahi_1-d1-HOM-UHI-79830456b8-r5,5,MULTISTAGE_RH,NONE,5,0,single_solve,0.7993710041046143,0.5174410343170166,0.27089881896972656,1927.3125
oos_experiment,TK-PB-Drahi_1-d1-HOM-UHI-79830456b8-r5,5,MULTISTAGE_RH,NONE,6,0,single_solve,0.3119781017303467,0.5279331207275391,0.2911338806152344,1901.71484375
oos_experiment,TK-PB-Drahi_1-d1-HOM-UHI-79830456b8-r5,5,MULTISTAGE_RH,NONE,6,0,single_solve,0.7993710041046143,0.5174410343170166,0.27089881896972656,1927.3125
oos_experiment,TK-PB-Drahi_1-d1-HOM-UHI-79830456b8-r5,5,MULTISTAGE_RH,NONE,7,0,single_solve,0.3119781017303467,0.5279331207275391,0.2911338806152344,1901.71484375
oos_experiment,TK-PB-Drahi_1-d1-HOM-UHI-79830456b8-r5,5,MULTISTAGE_RH,NONE,7,0,single_solve,0.7993710041046143,0.5174410343170166,0.27089881896972656,1927.3125
oos_experiment,TK-PB-Drahi_1-d1-HOM-UHI-79830456b8-r5,5,MULTISTAGE_RH,NONE,8,0,single_solve,0.3119781017303467,0.5279331207275391,0.2911338806152344,1901.71484375
oos_experiment,TK-PB-Drahi_1-d1-HOM-UHI-79830456b8-r5,5,MULTISTAGE_RH,NONE,8,0,single_solve,0.7993710041046143,0.5174410343170166,0.27089881896972656,1927.3125
oos_experiment,TK-PB-Drahi_1-d1-HOM-UHI-79830456b8-r5,5,MULTISTAGE_RH,NONE,9,0,single_solve,0.15275287628173828,0.6874868869781494,0.2634248733520508,1901.71484375
oos_experiment,TK-PB-Drahi_1-d1-HOM-UHI-79830456b8-r5,5,MULTISTAGE_RH,NONE,9,0,single_solve,0.16843891143798828,0.7199661731719971,0.25573205947875977,1927.3125
oos_experiment,TK-PB-Drahi_1-d1-HOM-UHI-79830456b8-r5,5,MULTISTAGE_RH,NONE,10,0,single_solve,0.15275287628173828,0.6874868869781494,0.2634248733520508,1901.71484375
oos_experiment,TK-PB-Drahi_1-d1-HOM-UHI-79830456b8-r5,5,MULTISTAGE_RH,NONE,10,0,single_solve,0.16843891143798828,0.7199661731719971,0.25573205947875977,1927.3125
oos_experiment,TK-PB-Drahi_1-d1-HOM-UHI-79830456b8-r5,5,MULTISTAGE_RH,NONE,11,0,single_solve,0.15275287628173828,0.6874868869781494,0.2634248733520508,1901.71484375
oos_experiment,TK-PB-Drahi_1-d1-HOM-UHI-79830456b8-r5,5,MULTISTAGE_RH,NONE,11,0,single_solve,0.16843891143798828,0.7199661731719971,0.25573205947875977,1927.3125
oos_experiment,TK-PB-Drahi_1-d1-HOM-UHI-79830456b8-r5,5,MULTISTAGE_RH,NONE,12,0,single_solve,0.15275287628173828,0.6874868869781494,0.2634248733520508,1901.71484375
oos_experiment,TK-PB-Drahi_1-d1-HOM-UHI-79830456b8-r5,5,MULTISTAGE_RH,NONE,12,0,single_solve,0.16843891143798828,0.7199661731719971,0.25573205947875977,1927.3125
oos_experiment,TK-PB-Drahi_1-d1-HOM-UHI-79830456b8-r5,5,MULTISTAGE_RH,NONE,13,0,single_solve,0.13928008079528809,0.7462661266326904,0.254302978515625,1901.71484375
oos_experiment,TK-PB-Drahi_1-d1-HOM-UHI-79830456b8-r5,5,MULTISTAGE_RH,NONE,13,0,single_solve,0.12162113189697266,0.46254587173461914,0.20865797996520996,1927.3125
oos_experiment,TK-PB-Drahi_1-d1-HOM-UHI-79830456b8-r5,5,MULTISTAGE_RH,NONE,14,0,single_solve,0.13928008079528809,0.7462661266326904,0.254302978515625,1901.71484375
oos_experiment,TK-PB-Drahi_1-d1-HOM-UHI-79830456b8-r5,5,MULTISTAGE_RH,NONE,14,0,single_solve,0.12162113189697266,0.46254587173461914,0.20865797996520996,1927.3125
oos_experiment,TK-PB-Drahi_1-d1-HOM-UHI-79830456b8-r5,5,MULTISTAGE_RH,NONE,15,0,single_solve,0.13928008079528809,0.7462661266326904,0.254302978515625,1901.71484375
oos_experiment,TK-PB-Drahi_1-d1-HOM-UHI-79830456b8-r5,5,MULTISTAGE_RH,NONE,15,0,single_solve,0.12162113189697266,0.46254587173461914,0.20865797996520996,1927.3125
oos_experiment,TK-PB-Drahi_1-d1-HOM-UHI-79830456b8-r5,5,MULTISTAGE_RH,NONE,16,0,single_solve,0.13928008079528809,0.7462661266326904,0.254302978515625,1901.71484375
oos_experiment,TK-PB-Drahi_1-d1-HOM-UHI-79830456b8-r5,5,MULTISTAGE_RH,NONE,16,0,single_solve,0.12162113189697266,0.46254587173461914,0.20865797996520996,1927.3125
oos_experiment,TK-PB-Drahi_1-d1-HOM-UHI-79830456b8-r5,5,MULTISTAGE_RH,NONE,17,0,single_solve,0.14437103271484375,1.2669379711151123,0.26551318168640137,1901.71484375
oos_experiment,TK-PB-Drahi_1-d1-HOM-UHI-79830456b8-r5,5,MULTISTAGE_RH,NONE,17,0,single_solve,0.13099098205566406,0.4537038803100586,0.21597719192504883,1927.3125
oos_experiment,TK-PB-Drahi_1-d1-HOM-UHI-79830456b8-r5,5,MULTISTAGE_RH,NONE,18,0,single_solve,0.14437103271484375,1.2669379711151123,0.26551318168640137,1901.71484375
oos_experiment,TK-PB-Drahi_1-d1-HOM-UHI-79830456b8-r5,5,MULTISTAGE_RH,NONE,18,0,single_solve,0.13099098205566406,0.4537038803100586,0.21597719192504883,1927.3125
oos_experiment,TK-PB-Drahi_1-d1-HOM-UHI-79830456b8-r5,5,MULTISTAGE_RH,NONE,19,0,single_solve,0.14437103271484375,1.2669379711151123,0.26551318168640137,1901.71484375
oos_experiment,TK-PB-Drahi_1-d1-HOM-UHI-79830456b8-r5,5,MULTISTAGE_RH,NONE,19,0,single_solve,0.13099098205566406,0.4537038803100586,0.21597719192504883,1927.3125
oos_experiment,TK-PB-Drahi_1-d1-HOM-UHI-79830456b8-r5,5,MULTISTAGE_RH,NONE,20,0,single_solve,0.14437103271484375,1.2669379711151123,0.26551318168640137,1901.71484375
oos_experiment,TK-PB-Drahi_1-d1-HOM-UHI-79830456b8-r5,5,MULTISTAGE_RH,NONE,20,0,single_solve,0.13099098205566406,0.4537038803100586,0.21597719192504883,1927.3125
oos_experiment,TK-PB-Drahi_1-d1-HOM-UHI-79830456b8-r5,5,MULTISTAGE_RH,NONE,21,0,single_solve,0.13816595077514648,0.6667520999908447,0.3961198329925537,1901.71484375
oos_experiment,TK-PB-Drahi_1-d1-HOM-UHI-79830456b8-r5,5,MULTISTAGE_RH,NONE,21,0,single_solve,0.8116040229797363,0.6423370838165283,0.3938920497894287,1927.3125
oos_experiment,TK-PB-Drahi_1-d1-HOM-UHI-79830456b8-r5,5,MULTISTAGE_RH,NONE,22,0,single_solve,0.13816595077514648,0.6667520999908447,0.3961198329925537,1901.71484375
oos_experiment,TK-PB-Drahi_1-d1-HOM-UHI-79830456b8-r5,5,MULTISTAGE_RH,NONE,22,0,single_solve,0.8116040229797363,0.6423370838165283,0.3938920497894287,1927.3125
oos_experiment,TK-PB-Drahi_1-d1-HOM-UHI-79830456b8-r5,5,MULTISTAGE_RH,NONE,23,0,single_solve,0.13816595077514648,0.6667520999908447,0.3961198329925537,1901.71484375
oos_experiment,TK-PB-Drahi_1-d1-HOM-UHI-79830456b8-r5,5,MULTISTAGE_RH,NONE,23,0,single_solve,0.8116040229797363,0.6423370838165283,0.3938920497894287,1927.3125
oos_experiment,TK-PB-Drahi_1-d1-HOM-UHI-79830456b8-r5,5,MULTISTAGE_RH,NONE,24,0,single_solve,0.13816595077514648,0.6667520999908447,0.3961198329925537,1901.71484375
oos_experiment,TK-PB-Drahi_1-d1-HOM-UHI-79830456b8-r5,5,MULTISTAGE_RH,NONE,24,0,single_solve,0.8116040229797363,0.6423370838165283,0.3938920497894287,1927.3125
oos_experiment,TK-PB-Drahi_1-d1-HOM-UHI-79830456b8-r5,5,MULTISTAGE_RH,PEA,1,0,single_solve,1.5524861812591553,1.0475869178771973,0.7148590087890625,1927.3125
oos_experiment,TK-PB-Drahi_1-d1-HOM-UHI-79830456b8-r5,5,MULTISTAGE_RH,PEA,1,0,single_solve,1.4801549911499023,1.2432761192321777,0.9508450031280518,1947.515625
oos_experiment,TK-PB-Drahi_1-d1-HOM-UHI-79830456b8-r5,5,MULTISTAGE_RH,PEA,2,0,single_solve,1.5524861812591553,1.0475869178771973,0.7148590087890625,1927.3125
oos_experiment,TK-PB-Drahi_1-d1-HOM-UHI-79830456b8-r5,5,MULTISTAGE_RH,PEA,2,0,single_solve,1.4801549911499023,1.2432761192321777,0.9508450031280518,1947.515625
oos_experiment,TK-PB-Drahi_1-d1-HOM-UHI-79830456b8-r5,5,MULTISTAGE_RH,PEA,3,0,single_solve,1.5524861812591553,1.0475869178771973,0.7148590087890625,1927.3125
oos_experiment,TK-PB-Drahi_1-d1-HOM-UHI-79830456b8-r5,5,MULTISTAGE_RH,PEA,3,0,single_solve,1.4801549911499023,1.2432761192321777,0.9508450031280518,1947.515625
oos_experiment,TK-PB-Drahi_1-d1-HOM-UHI-79830456b8-r5,5,MULTISTAGE_RH,PEA,4,0,single_solve,1.5524861812591553,1.0475869178771973,0.7148590087890625,1927.3125
oos_experiment,TK-PB-Drahi_1-d1-HOM-UHI-79830456b8-r5,5,MULTISTAGE_RH,PEA,4,0,single_solve,1.4801549911499023,1.2432761192321777,0.9508450031280518,1947.515625
oos_experiment,TK-PB-Drahi_1-d1-HOM-UHI-79830456b8-r5,5,MULTISTAGE_RH,PEA,5,0,single_solve,1.408890962600708,0.5453281402587891,0.3063809871673584,1927.3125
oos_experiment,TK-PB-Drahi_1-d1-HOM-UHI-79830456b8-r5,5,MULTISTAGE_RH,PEA,5,0,single_solve,0.5342860221862793,0.5566229820251465,0.28886914253234863,1947.515625
oos_experiment,TK-PB-Drahi_1-d1-HOM-UHI-79830456b8-r5,5,MULTISTAGE_RH,PEA,6,0,single_solve,1.408890962600708,0.5453281402587891,0.3063809871673584,1927.3125
oos_experiment,TK-PB-Drahi_1-d1-HOM-UHI-79830456b8-r5,5,MULTISTAGE_RH,PEA,6,0,single_solve,0.5342860221862793,0.5566229820251465,0.28886914253234863,1947.515625
oos_experiment,TK-PB-Drahi_1-d1-HOM-UHI-79830456b8-r5,5,MULTISTAGE_RH,PEA,7,0,single_solve,1.408890962600708,0.5453281402587891,0.3063809871673584,1927.3125
oos_experiment,TK-PB-Drahi_1-d1-HOM-UHI-79830456b8-r5,5,MULTISTAGE_RH,PEA,7,0,single_solve,0.5342860221862793,0.5566229820251465,0.28886914253234863,1947.515625
oos_experiment,TK-PB-Drahi_1-d1-HOM-UHI-79830456b8-r5,5,MULTISTAGE_RH,PEA,8,0,single_solve,1.408890962600708,0.5453281402587891,0.3063809871673584,1927.3125
oos_experiment,TK-PB-Drahi_1-d1-HOM-UHI-79830456b8-r5,5,MULTISTAGE_RH,PEA,8,0,single_solve,0.5342860221862793,0.5566229820251465,0.28886914253234863,1947.515625
oos_experiment,TK-PB-Drahi_1-d1-HOM-UHI-79830456b8-r5,5,MULTISTAGE_RH,PEA,9,0,single_solve,0.5974669456481934,0.62510085105896,0.3543119430541992,1927.3125
oos_experiment,TK-PB-Drahi_1-d1-HOM-UHI-79830456b8-r5,5,MULTISTAGE_RH,PEA,9,0,single_solve,1.2744529247283936,0.568371057510376,0.32568907737731934,1947.515625
oos_experiment,TK-PB-Drahi_1-d1-HOM-UHI-79830456b8-r5,5,MULTISTAGE_RH,PEA,10,0,single_solve,0.5974669456481934,0.62510085105896,0.3543119430541992,1927.3125
oos_experiment,TK-PB-Drahi_1-d1-HOM-UHI-79830456b8-r5,5,MULTISTAGE_RH,PEA,10,0,single_solve,1.2744529247283936,0.568371057510376,0.32568907737731934,1947.515625
oos_experiment,TK-PB-Drahi_1-d1-HOM-UHI-79830456b8-r5,5,MULTISTAGE_RH,PEA,11,0,single_solve,0.5974669456481934,0.62510085105896,0.3543119430541992,1927.3125
oos_experiment,TK-PB-Drahi_1-d1-HOM-UHI-79830456b8-r5,5,MULTISTAGE_RH,PEA,11,0,single_solve,1.2744529247283936,0.568371057510376,0.32568907737731934,1947.515625
oos_experiment,TK-PB-Drahi_1-d1-HOM-UHI-79830456b8-r5,5,MULTISTAGE_RH,PEA,12,0,single_solve,0.5974669456481934,0.62510085105896,0.3543119430541992,1927.3125
oos_experiment,TK-PB-Drahi_1-d1-HOM-UHI-79830456b8-r5,5,MULTISTAGE_RH,PEA,12,0,single_solve,1.2744529247283936,0.568371057510376,0.32568907737731934,1947.515625
oos_experiment,TK-PB-Drahi_1-d1-HOM-UHI-79830456b8-r5,5,MULTISTAGE_RH,PEA,13,0,single_solve,1.3897159099578857,0.6194407939910889,0.3636031150817871,1927.3125
oos_experiment,TK-PB-Drahi_1-d1-HOM-UHI-79830456b8-r5,5,MULTISTAGE_RH,PEA,13,0,single_solve,0.5751709938049316,0.6764059066772461,0.39853405952453613,1947.515625
oos_experiment,TK-PB-Drahi_1-d1-HOM-UHI-79830456b8-r5,5,MULTISTAGE_RH,PEA,14,0,single_solve,1.3897159099578857,0.6194407939910889,0.3636031150817871,1927.3125
oos_experiment,TK-PB-Drahi_1-d1-HOM-UHI-79830456b8-r5,5,MULTISTAGE_RH,PEA,14,0,single_solve,0.5751709938049316,0.6764059066772461,0.39853405952453613,1947.515625
oos_experiment,TK-PB-Drahi_1-d1-HOM-UHI-79830456b8-r5,5,MULTISTAGE_RH,PEA,15,0,single_solve,1.3897159099578857,0.6194407939910889,0.3636031150817871,1927.3125
oos_experiment,TK-PB-Drahi_1-d1-HOM-UHI-79830456b8-r5,5,MULTISTAGE_RH,PEA,15,0,single_solve,0.5751709938049316,0.6764059066772461,0.39853405952453613,1947.515625
oos_experiment,TK-PB-Drahi_1-d1-HOM-UHI-79830456b8-r5,5,MULTISTAGE_RH,PEA,16,0,single_solve,1.3897159099578857,0.6194407939910889,0.3636031150817871,1927.3125
oos_experiment,TK-PB-Drahi_1-d1-HOM-UHI-79830456b8-r5,5,MULTISTAGE_RH,PEA,16,0,single_solve,0.5751709938049316,0.6764059066772461,0.39853405952453613,1947.515625
oos_experiment,TK-PB-Drahi_1-d1-HOM-UHI-79830456b8-r5,5,MULTISTAGE_RH,PEA,17,0,single_solve,0.5919568538665771,0.648831844329834,0.37558698654174805,1927.3125
oos_experiment,TK-PB-Drahi_1-d1-HOM-UHI-79830456b8-r5,5,MULTISTAGE_RH,PEA,17,0,single_solve,1.349316120147705,0.6304669380187988,0.3516349792480469,1947.515625
oos_experiment,TK-PB-Drahi_1-d1-HOM-UHI-79830456b8-r5,5,MULTISTAGE_RH,PEA,18,0,single_solve,0.5919568538665771,0.648831844329834,0.37558698654174805,1927.3125
oos_experiment,TK-PB-Drahi_1-d1-HOM-UHI-79830456b8-r5,5,MULTISTAGE_RH,PEA,18,0,single_solve,1.349316120147705,0.6304669380187988,0.3516349792480469,1947.515625
oos_experiment,TK-PB-Drahi_1-d1-HOM-UHI-79830456b8-r5,5,MULTISTAGE_RH,PEA,19,0,single_solve,0.5919568538665771,0.648831844329834,0.37558698654174805,1927.3125
oos_experiment,TK-PB-Drahi_1-d1-HOM-UHI-79830456b8-r5,5,MULTISTAGE_RH,PEA,19,0,single_solve,1.349316120147705,0.6304669380187988,0.3516349792480469,1947.515625
oos_experiment,TK-PB-Drahi_1-d1-HOM-UHI-79830456b8-r5,5,MULTISTAGE_RH,PEA,20,0,single_solve,0.5919568538665771,0.648831844329834,0.37558698654174805,1927.3125
oos_experiment,TK-PB-Drahi_1-d1-HOM-UHI-79830456b8-r5,5,MULTISTAGE_RH,PEA,20,0,single_solve,1.349316120147705,0.6304669380187988,0.3516349792480469,1947.515625
oos_experiment,TK-PB-Drahi_1-d1-HOM-UHI-79830456b8-r5,5,MULTISTAGE_RH,PEA,21,0,single_solve,1.3402259349822998,2.4290390014648438,2.1720950603485107,1927.3125
oos_experiment,TK-PB-Drahi_1-d1-HOM-UHI-79830456b8-r5,5,MULTISTAGE_RH,PEA,21,0,single_solve,0.5841331481933594,2.644639015197754,2.3320000171661377,1947.515625
oos_experiment,TK-PB-Drahi_1-d1-HOM-UHI-79830456b8-r5,5,MULTISTAGE_RH,PEA,22,0,single_solve,1.3402259349822998,2.4290390014648438,2.1720950603485107,1927.3125
oos_experiment,TK-PB-Drahi_1-d1-HOM-UHI-79830456b8-r5,5,MULTISTAGE_RH,PEA,22,0,single_solve,0.5841331481933594,2.644639015197754,2.3320000171661377,1947.515625
oos_experiment,TK-PB-Drahi_1-d1-HOM-UHI-79830456b8-r5,5,MULTISTAGE_RH,PEA,23,0,single_solve,1.3402259349822998,2.4290390014648438,2.1720950603485107,1927.3125
oos_experiment,TK-PB-Drahi_1-d1-HOM-UHI-79830456b8-r5,5,MULTISTAGE_RH,PEA,23,0,single_solve,0.5841331481933594,2.644639015197754,2.3320000171661377,1947.515625
oos_experiment,TK-PB-Drahi_1-d1-HOM-UHI-79830456b8-r5,5,MULTISTAGE_RH,PEA,24,0,single_solve,1.3402259349822998,2.4290390014648438,2.1720950603485107,1927.3125
oos_experiment,TK-PB-Drahi_1-d1-HOM-UHI-79830456b8-r5,5,MULTISTAGE_RH,PEA,24,0,single_solve,0.5841331481933594,2.644639015197754,2.3320000171661377,1947.515625
oos_experiment,TK-PB-Drahi_1-d1-HOM-UHI-79830456b8-r5,5,MULTISTAGE_RH,SA,1,0,single_solve,2.1414530277252197,1.0422508716583252,0.7754180431365967,1927.3125
oos_experiment,TK-PB-Drahi_1-d1-HOM-UHI-79830456b8-r5,5,MULTISTAGE_RH,SA,1,0,single_solve,3.369218111038208,1.5772218704223633,1.3526039123535156,1947.515625
oos_experiment,TK-PB-Drahi_1-d1-HOM-UHI-79830456b8-r5,5,MULTISTAGE_RH,SA,2,0,single_solve,2.1414530277252197,1.0422508716583252,0.7754180431365967,1927.3125
oos_experiment,TK-PB-Drahi_1-d1-HOM-UHI-79830456b8-r5,5,MULTISTAGE_RH,SA,2,0,single_solve,3.369218111038208,1.5772218704223633,1.3526039123535156,1947.515625
oos_experiment,TK-PB-Drahi_1-d1-HOM-UHI-79830456b8-r5,5,MULTISTAGE_RH,SA,3,0,single_solve,2.1414530277252197,1.0422508716583252,0.7754180431365967,1927.3125
oos_experiment,TK-PB-Drahi_1-d1-HOM-UHI-79830456b8-r5,5,MULTISTAGE_RH,SA,3,0,single_solve,3.369218111038208,1.5772218704223633,1.3526039123535156,1947.515625
oos_experiment,TK-PB-Drahi_1-d1-HOM-UHI-79830456b8-r5,5,MULTISTAGE_RH,SA,4,0,single_solve,2.1414530277252197,1.0422508716583252,0.7754180431365967,1927.3125
oos_experiment,TK-PB-Drahi_1-d1-HOM-UHI-79830456b8-r5,5,MULTISTAGE_RH,SA,4,0,single_solve,3.369218111038208,1.5772218704223633,1.3526039123535156,1947.515625
oos_experiment,TK-PB-Drahi_1-d1-HOM-UHI-79830456b8-r5,5,MULTISTAGE_RH,SA,5,0,single_solve,2.6941819190979004,0.8591837882995605,0.5998477935791016,1927.3125
oos_experiment,TK-PB-Drahi_1-d1-HOM-UHI-79830456b8-r5,5,MULTISTAGE_RH,SA,5,0,single_solve,2.3651041984558105,0.7406980991363525,0.5056250095367432,1947.515625
oos_experiment,TK-PB-Drahi_1-d1-HOM-UHI-79830456b8-r5,5,MULTISTAGE_RH,SA,6,0,single_solve,2.6941819190979004,0.8591837882995605,0.5998477935791016,1927.3125
oos_experiment,TK-PB-Drahi_1-d1-HOM-UHI-79830456b8-r5,5,MULTISTAGE_RH,SA,6,0,single_solve,2.3651041984558105,0.7406980991363525,0.5056250095367432,1947.515625
oos_experiment,TK-PB-Drahi_1-d1-HOM-UHI-79830456b8-r5,5,MULTISTAGE_RH,SA,7,0,single_solve,2.6941819190979004,0.8591837882995605,0.5998477935791016,1927.3125
oos_experiment,TK-PB-Drahi_1-d1-HOM-UHI-79830456b8-r5,5,MULTISTAGE_RH,SA,7,0,single_solve,2.3651041984558105,0.7406980991363525,0.5056250095367432,1947.515625
oos_experiment,TK-PB-Drahi_1-d1-HOM-UHI-79830456b8-r5,5,MULTISTAGE_RH,SA,8,0,single_solve,2.6941819190979004,0.8591837882995605,0.5998477935791016,1927.3125
oos_experiment,TK-PB-Drahi_1-d1-HOM-UHI-79830456b8-r5,5,MULTISTAGE_RH,SA,8,0,single_solve,2.3651041984558105,0.7406980991363525,0.5056250095367432,1947.515625
oos_experiment,TK-PB-Drahi_1-d1-HOM-UHI-79830456b8-r5,5,MULTISTAGE_RH,SA,9,0,single_solve,2.1430459022521973,0.8953578472137451,0.5765159130096436,1927.3125
oos_experiment,TK-PB-Drahi_1-d1-HOM-UHI-79830456b8-r5,5,MULTISTAGE_RH,SA,9,0,single_solve,2.223118782043457,0.8760910034179688,0.5889389514923096,1947.515625
oos_experiment,TK-PB-Drahi_1-d1-HOM-UHI-79830456b8-r5,5,MULTISTAGE_RH,SA,10,0,single_solve,2.1430459022521973,0.8953578472137451,0.5765159130096436,1927.3125
oos_experiment,TK-PB-Drahi_1-d1-HOM-UHI-79830456b8-r5,5,MULTISTAGE_RH,SA,10,0,single_solve,2.223118782043457,0.8760910034179688,0.5889389514923096,1947.515625
oos_experiment,TK-PB-Drahi_1-d1-HOM-UHI-79830456b8-r5,5,MULTISTAGE_RH,SA,11,0,single_solve,2.1430459022521973,0.8953578472137451,0.5765159130096436,1927.3125
oos_experiment,TK-PB-Drahi_1-d1-HOM-UHI-79830456b8-r5,5,MULTISTAGE_RH,SA,11,0,single_solve,2.223118782043457,0.8760910034179688,0.5889389514923096,1947.515625
oos_experiment,TK-PB-Drahi_1-d1-HOM-UHI-79830456b8-r5,5,MULTISTAGE_RH,SA,12,0,single_solve,2.1430459022521973,0.8953578472137451,0.5765159130096436,1927.3125
oos_experiment,TK-PB-Drahi_1-d1-HOM-UHI-79830456b8-r5,5,MULTISTAGE_RH,SA,12,0,single_solve,2.223118782043457,0.8760910034179688,0.5889389514923096,1947.515625
oos_experiment,TK-PB-Drahi_1-d1-HOM-UHI-79830456b8-r5,5,MULTISTAGE_RH,SA,13,0,single_solve,2.064530849456787,0.7851459980010986,0.5013959407806396,1927.3125
oos_experiment,TK-PB-Drahi_1-d1-HOM-UHI-79830456b8-r5,5,MULTISTAGE_RH,SA,13,0,single_solve,2.265594005584717,0.8391017913818359,0.5611350536346436,1947.515625
oos_experiment,TK-PB-Drahi_1-d1-HOM-UHI-79830456b8-r5,5,MULTISTAGE_RH,SA,14,0,single_solve,2.064530849456787,0.7851459980010986,0.5013959407806396,1927.3125
oos_experiment,TK-PB-Drahi_1-d1-HOM-UHI-79830456b8-r5,5,MULTISTAGE_RH,SA,14,0,single_solve,2.265594005584717,0.8391017913818359,0.5611350536346436,1947.515625
oos_experiment,TK-PB-Drahi_1-d1-HOM-UHI-79830456b8-r5,5,MULTISTAGE_RH,SA,15,0,single_solve,2.064530849456787,0.7851459980010986,0.5013959407806396,1927.3125
oos_experiment,TK-PB-Drahi_1-d1-HOM-UHI-79830456b8-r5,5,MULTISTAGE_RH,SA,15,0,single_solve,2.265594005584717,0.8391017913818359,0.5611350536346436,1947.515625
oos_experiment,TK-PB-Drahi_1-d1-HOM-UHI-79830456b8-r5,5,MULTISTAGE_RH,SA,16,0,single_solve,2.064530849456787,0.7851459980010986,0.5013959407806396,1927.3125
oos_experiment,TK-PB-Drahi_1-d1-HOM-UHI-79830456b8-r5,5,MULTISTAGE_RH,SA,16,0,single_solve,2.265594005584717,0.8391017913818359,0.5611350536346436,1947.515625
oos_experiment,TK-PB-Drahi_1-d1-HOM-UHI-79830456b8-r5,5,MULTISTAGE_RH,SA,17,0,single_solve,2.148063898086548,0.8769030570983887,0.5900399684906006,1927.3125
oos_experiment,TK-PB-Drahi_1-d1-HOM-UHI-79830456b8-r5,5,MULTISTAGE_RH,SA,17,0,single_solve,2.2511048316955566,0.9105408191680908,0.6317431926727295,1947.515625
oos_experiment,TK-PB-Drahi_1-d1-HOM-UHI-79830456b8-r5,5,MULTISTAGE_RH,SA,18,0,single_solve,2.148063898086548,0.8769030570983887,0.5900399684906006,1927.3125
oos_experiment,TK-PB-Drahi_1-d1-HOM-UHI-79830456b8-r5,5,MULTISTAGE_RH,SA,18,0,single_solve,2.2511048316955566,0.9105408191680908,0.6317431926727295,1947.515625
oos_experiment,TK-PB-Drahi_1-d1-HOM-UHI-79830456b8-r5,5,MULTISTAGE_RH,SA,19,0,single_solve,2.148063898086548,0.8769030570983887,0.5900399684906006,1927.3125
oos_experiment,TK-PB-Drahi_1-d1-HOM-UHI-79830456b8-r5,5,MULTISTAGE_RH,SA,19,0,single_solve,2.2511048316955566,0.9105408191680908,0.6317431926727295,1947.515625
oos_experiment,TK-PB-Drahi_1-d1-HOM-UHI-79830456b8-r5,5,MULTISTAGE_RH,SA,20,0,single_solve,2.148063898086548,0.8769030570983887,0.5900399684906006,1927.3125
oos_experiment,TK-PB-Drahi_1-d1-HOM-UHI-79830456b8-r5,5,MULTISTAGE_RH,SA,20,0,single_solve,2.2511048316955566,0.9105408191680908,0.6317431926727295,1947.515625
oos_experiment,TK-PB-Drahi_1-d1-HOM-UHI-79830456b8-r5,5,MULTISTAGE_RH,SA,21,0,single_solve,2.0842950344085693,1.0408310890197754,0.7523109912872314,1927.3125
oos_experiment,TK-PB-Drahi_1-d1-HOM-UHI-79830456b8-r5,5,MULTISTAGE_RH,SA,21,0,single_solve,2.420552968978882,1.7741239070892334,1.4823429584503174,1947.515625
oos_experiment,TK-PB-Drahi_1-d1-HOM-UHI-79830456b8-r5,5,MULTISTAGE_RH,SA,22,0,single_solve,2.0842950344085693,1.0408310890197754,0.7523109912872314,1927.3125
oos_experiment,TK-PB-Drahi_1-d1-HOM-UHI-79830456b8-r5,5,MULTISTAGE_RH,SA,22,0,single_solve,2.420552968978882,1.7741239070892334,1.4823429584503174,1947.515625
oos_experiment,TK-PB-Drahi_1-d1-HOM-UHI-79830456b8-r5,5,MULTISTAGE_RH,SA,23,0,single_solve,2.0842950344085693,1.0408310890197754,0.7523109912872314,1927.3125
oos_experiment,TK-PB-Drahi_1-d1-HOM-UHI-79830456b8-r5,5,MULTISTAGE_RH,SA,23,0,single_solve,2.420552968978882,1.7741239070892334,1.4823429584503174,1947.515625
oos_experiment,TK-PB-Drahi_1-d1-HOM-UHI-79830456b8-r5,5,MULTISTAGE_RH,SA,24,0,single_solve,2.0842950344085693,1.0408310890197754,0.7523109912872314,1927.3125
oos_experiment,TK-PB-Drahi_1-d1-HOM-UHI-79830456b8-r5,5,MULTISTAGE_RH,SA,24,0,single_solve,2.420552968978882,1.7741239070892334,1.4823429584503174,1947.515625
oos_experiment,TK-PB-Drahi_1-d1-HOM-UHI-79830456b8-r5,5,MULTISTAGE_RH,STATIC_DEMAND_SHARE,1,0,single_solve,0.18772196769714355,1.4031660556793213,0.3093249797821045,1927.3125
oos_experiment,TK-PB-Drahi_1-d1-HOM-UHI-79830456b8-r5,5,MULTISTAGE_RH,STATIC_DEMAND_SHARE,1,0,single_solve,0.18153595924377441,0.9639959335327148,0.272388219833374,1947.515625
oos_experiment,TK-PB-Drahi_1-d1-HOM-UHI-79830456b8-r5,5,MULTISTAGE_RH,STATIC_DEMAND_SHARE,2,0,single_solve,0.18772196769714355,1.4031660556793213,0.3093249797821045,1927.3125
oos_experiment,TK-PB-Drahi_1-d1-HOM-UHI-79830456b8-r5,5,MULTISTAGE_RH,STATIC_DEMAND_SHARE,2,0,single_solve,0.18153595924377441,0.9639959335327148,0.272388219833374,1947.515625
oos_experiment,TK-PB-Drahi_1-d1-HOM-UHI-79830456b8-r5,5,MULTISTAGE_RH,STATIC_DEMAND_SHARE,3,0,single_solve,0.18772196769714355,1.4031660556793213,0.3093249797821045,1927.3125
oos_experiment,TK-PB-Drahi_1-d1-HOM-UHI-79830456b8-r5,5,MULTISTAGE_RH,STATIC_DEMAND_SHARE,3,0,single_solve,0.18153595924377441,0.9639959335327148,0.272388219833374,1947.515625
oos_experiment,TK-PB-Drahi_1-d1-HOM-UHI-79830456b8-r5,5,MULTISTAGE_RH,STATIC_DEMAND_SHARE,4,0,single_solve,0.18772196769714355,1.4031660556793213,0.3093249797821045,1927.3125
oos_experiment,TK-PB-Drahi_1-d1-HOM-UHI-79830456b8-r5,5,MULTISTAGE_RH,STATIC_DEMAND_SHARE,4,0,single_solve,0.18153595924377441,0.9639959335327148,0.272388219833374,1947.515625
oos_experiment,TK-PB-Drahi_1-d1-HOM-UHI-79830456b8-r5,5,MULTISTAGE_RH,STATIC_DEMAND_SHARE,5,0,single_solve,0.14907217025756836,0.612421989440918,0.3176460266113281,1927.3125
oos_experiment,TK-PB-Drahi_1-d1-HOM-UHI-79830456b8-r5,5,MULTISTAGE_RH,STATIC_DEMAND_SHARE,5,0,single_solve,0.19516396522521973,0.6423280239105225,0.31716299057006836,1947.515625
oos_experiment,TK-PB-Drahi_1-d1-HOM-UHI-79830456b8-r5,5,MULTISTAGE_RH,STATIC_DEMAND_SHARE,6,0,single_solve,0.14907217025756836,0.612421989440918,0.3176460266113281,1927.3125
oos_experiment,TK-PB-Drahi_1-d1-HOM-UHI-79830456b8-r5,5,MULTISTAGE_RH,STATIC_DEMAND_SHARE,6,0,single_solve,0.19516396522521973,0.6423280239105225,0.31716299057006836,1947.515625
oos_experiment,TK-PB-Drahi_1-d1-HOM-UHI-79830456b8-r5,5,MULTISTAGE_RH,STATIC_DEMAND_SHARE,7,0,single_solve,0.14907217025756836,0.612421989440918,0.3176460266113281,1927.3125
oos_experiment,TK-PB-Drahi_1-d1-HOM-UHI-79830456b8-r5,5,MULTISTAGE_RH,STATIC_DEMAND_SHARE,7,0,single_solve,0.19516396522521973,0.6423280239105225,0.31716299057006836,1947.515625
oos_experiment,TK-PB-Drahi_1-d1-HOM-UHI-79830456b8-r5,5,MULTISTAGE_RH,STATIC_DEMAND_SHARE,8,0,single_solve,0.14907217025756836,0.612421989440918,0.3176460266113281,1927.3125
oos_experiment,TK-PB-Drahi_1-d1-HOM-UHI-79830456b8-r5,5,MULTISTAGE_RH,STATIC_DEMAND_SHARE,8,0,single_solve,0.19516396522521973,0.6423280239105225,0.31716299057006836,1947.515625
oos_experiment,TK-PB-Drahi_1-d1-HOM-UHI-79830456b8-r5,5,MULTISTAGE_RH,STATIC_DEMAND_SHARE,9,0,single_solve,0.15349197387695312,0.4748680591583252,0.20132708549499512,1927.3125
oos_experiment,TK-PB-Drahi_1-d1-HOM-UHI-79830456b8-r5,5,MULTISTAGE_RH,STATIC_DEMAND_SHARE,9,0,single_solve,0.5542919635772705,0.43947696685791016,0.16081690788269043,1947.515625
oos_experiment,TK-PB-Drahi_1-d1-HOM-UHI-79830456b8-r5,5,MULTISTAGE_RH,STATIC_DEMAND_SHARE,10,0,single_solve,0.15349197387695312,0.4748680591583252,0.20132708549499512,1927.3125
oos_experiment,TK-PB-Drahi_1-d1-HOM-UHI-79830456b8-r5,5,MULTISTAGE_RH,STATIC_DEMAND_SHARE,10,0,single_solve,0.5542919635772705,0.43947696685791016,0.16081690788269043,1947.515625
oos_experiment,TK-PB-Drahi_1-d1-HOM-UHI-79830456b8-r5,5,MULTISTAGE_RH,STATIC_DEMAND_SHARE,11,0,single_solve,0.15349197387695312,0.4748680591583252,0.20132708549499512,1927.3125
oos_experiment,TK-PB-Drahi_1-d1-HOM-UHI-79830456b8-r5,5,MULTISTAGE_RH,STATIC_DEMAND_SHARE,11,0,single_solve,0.5542919635772705,0.43947696685791016,0.16081690788269043,1947.515625
oos_experiment,TK-PB-Drahi_1-d1-HOM-UHI-79830456b8-r5,5,MULTISTAGE_RH,STATIC_DEMAND_SHARE,12,0,single_solve,0.15349197387695312,0.4748680591583252,0.20132708549499512,1927.3125
oos_experiment,TK-PB-Drahi_1-d1-HOM-UHI-79830456b8-r5,5,MULTISTAGE_RH,STATIC_DEMAND_SHARE,12,0,single_solve,0.5542919635772705,0.43947696685791016,0.16081690788269043,1947.515625
oos_experiment,TK-PB-Drahi_1-d1-HOM-UHI-79830456b8-r5,5,MULTISTAGE_RH,STATIC_DEMAND_SHARE,13,0,single_solve,0.42005205154418945,0.42272400856018066,0.15534305572509766,1927.3125
oos_experiment,TK-PB-Drahi_1-d1-HOM-UHI-79830456b8-r5,5,MULTISTAGE_RH,STATIC_DEMAND_SHARE,13,0,single_solve,0.1533949375152588,1.2883169651031494,0.18767905235290527,1947.515625
oos_experiment,TK-PB-Drahi_1-d1-HOM-UHI-79830456b8-r5,5,MULTISTAGE_RH,STATIC_DEMAND_SHARE,14,0,single_solve,0.42005205154418945,0.42272400856018066,0.15534305572509766,1927.3125
oos_experiment,TK-PB-Drahi_1-d1-HOM-UHI-79830456b8-r5,5,MULTISTAGE_RH,STATIC_DEMAND_SHARE,14,0,single_solve,0.1533949375152588,1.2883169651031494,0.18767905235290527,1947.515625
oos_experiment,TK-PB-Drahi_1-d1-HOM-UHI-79830456b8-r5,5,MULTISTAGE_RH,STATIC_DEMAND_SHARE,15,0,single_solve,0.42005205154418945,0.42272400856018066,0.15534305572509766,1927.3125
oos_experiment,TK-PB-Drahi_1-d1-HOM-UHI-79830456b8-r5,5,MULTISTAGE_RH,STATIC_DEMAND_SHARE,15,0,single_solve,0.1533949375152588,1.2883169651031494,0.18767905235290527,1947.515625
oos_experiment,TK-PB-Drahi_1-d1-HOM-UHI-79830456b8-r5,5,MULTISTAGE_RH,STATIC_DEMAND_SHARE,16,0,single_solve,0.42005205154418945,0.42272400856018066,0.15534305572509766,1927.3125
oos_experiment,TK-PB-Drahi_1-d1-HOM-UHI-79830456b8-r5,5,MULTISTAGE_RH,STATIC_DEMAND_SHARE,16,0,single_solve,0.1533949375152588,1.2883169651031494,0.18767905235290527,1947.515625
oos_experiment,TK-PB-Drahi_1-d1-HOM-UHI-79830456b8-r5,5,MULTISTAGE_RH,STATIC_DEMAND_SHARE,17,0,single_solve,0.7897870540618896,0.4885141849517822,0.2174818515777588,1927.3125
oos_experiment,TK-PB-Drahi_1-d1-HOM-UHI-79830456b8-r5,5,MULTISTAGE_RH,STATIC_DEMAND_SHARE,17,0,single_solve,0.1858510971069336,0.5802180767059326,0.24945998191833496,1947.515625
oos_experiment,TK-PB-Drahi_1-d1-HOM-UHI-79830456b8-r5,5,MULTISTAGE_RH,STATIC_DEMAND_SHARE,18,0,single_solve,0.7897870540618896,0.4885141849517822,0.2174818515777588,1927.3125
oos_experiment,TK-PB-Drahi_1-d1-HOM-UHI-79830456b8-r5,5,MULTISTAGE_RH,STATIC_DEMAND_SHARE,18,0,single_solve,0.1858510971069336,0.5802180767059326,0.24945998191833496,1947.515625
oos_experiment,TK-PB-Drahi_1-d1-HOM-UHI-79830456b8-r5,5,MULTISTAGE_RH,STATIC_DEMAND_SHARE,19,0,single_solve,0.7897870540618896,0.4885141849517822,0.2174818515777588,1927.3125
oos_experiment,TK-PB-Drahi_1-d1-HOM-UHI-79830456b8-r5,5,MULTISTAGE_RH,STATIC_DEMAND_SHARE,19,0,single_solve,0.1858510971069336,0.5802180767059326,0.24945998191833496,1947.515625
oos_experiment,TK-PB-Drahi_1-d1-HOM-UHI-79830456b8-r5,5,MULTISTAGE_RH,STATIC_DEMAND_SHARE,20,0,single_solve,0.7897870540618896,0.4885141849517822,0.2174818515777588,1927.3125
oos_experiment,TK-PB-Drahi_1-d1-HOM-UHI-79830456b8-r5,5,MULTISTAGE_RH,STATIC_DEMAND_SHARE,20,0,single_solve,0.1858510971069336,0.5802180767059326,0.24945998191833496,1947.515625
oos_experiment,TK-PB-Drahi_1-d1-HOM-UHI-79830456b8-r5,5,MULTISTAGE_RH,STATIC_DEMAND_SHARE,21,0,single_solve,0.3525998592376709,0.59535813331604,0.28606104850769043,1927.3125
oos_experiment,TK-PB-Drahi_1-d1-HOM-UHI-79830456b8-r5,5,MULTISTAGE_RH,STATIC_DEMAND_SHARE,21,0,single_solve,0.454395055770874,0.5951550006866455,0.3158879280090332,1947.515625
oos_experiment,TK-PB-Drahi_1-d1-HOM-UHI-79830456b8-r5,5,MULTISTAGE_RH,STATIC_DEMAND_SHARE,22,0,single_solve,0.3525998592376709,0.59535813331604,0.28606104850769043,1927.3125
oos_experiment,TK-PB-Drahi_1-d1-HOM-UHI-79830456b8-r5,5,MULTISTAGE_RH,STATIC_DEMAND_SHARE,22,0,single_solve,0.454395055770874,0.5951550006866455,0.3158879280090332,1947.515625
oos_experiment,TK-PB-Drahi_1-d1-HOM-UHI-79830456b8-r5,5,MULTISTAGE_RH,STATIC_DEMAND_SHARE,23,0,single_solve,0.3525998592376709,0.59535813331604,0.28606104850769043,1927.3125
oos_experiment,TK-PB-Drahi_1-d1-HOM-UHI-79830456b8-r5,5,MULTISTAGE_RH,STATIC_DEMAND_SHARE,23,0,single_solve,0.454395055770874,0.5951550006866455,0.3158879280090332,1947.515625
oos_experiment,TK-PB-Drahi_1-d1-HOM-UHI-79830456b8-r5,5,MULTISTAGE_RH,STATIC_DEMAND_SHARE,24,0,single_solve,0.3525998592376709,0.59535813331604,0.28606104850769043,1927.3125
oos_experiment,TK-PB-Drahi_1-d1-HOM-UHI-79830456b8-r5,5,MULTISTAGE_RH,STATIC_DEMAND_SHARE,24,0,single_solve,0.454395055770874,0.5951550006866455,0.3158879280090332,1947.515625
oos_experiment,TK-PB-Drahi_1-d1-HOM-UHI-79830456b8-r5,5,TWO_STAGE_RH,LEXMMFPEA,1,1,lex_phase_1,0.585982084274292,1.0105748176574707,0.34410810470581055,1927.3125
oos_experiment,TK-PB-Drahi_1-d1-HOM-UHI-79830456b8-r5,5,TWO_STAGE_RH,LEXMMFPEA,1,1,lex_phase_1,0.349078893661499,1.03780198097229,0.4153749942779541,1947.515625
oos_experiment,TK-PB-Drahi_1-d1-HOM-UHI-79830456b8-r5,5,TWO_STAGE_RH,LEXMMFPEA,1,2,lex_phase_2,0.585982084274292,0.10204792022705078,0.09976482391357422,1927.3125
oos_experiment,TK-PB-Drahi_1-d1-HOM-UHI-79830456b8-r5,5,TWO_STAGE_RH,LEXMMFPEA,1,2,lex_phase_2,0.349078893661499,0.1111140251159668,0.10890793800354004,1947.515625
oos_experiment,TK-PB-Drahi_1-d1-HOM-UHI-79830456b8-r5,5,TWO_STAGE_RH,LEXMMFPEA,1,3,lex_phase_3,0.585982084274292,0.1112370491027832,0.10882115364074707,1927.3125
oos_experiment,TK-PB-Drahi_1-d1-HOM-UHI-79830456b8-r5,5,TWO_STAGE_RH,LEXMMFPEA,1,3,lex_phase_3,0.349078893661499,0.0885779857635498,0.0865030288696289,1947.515625
oos_experiment,TK-PB-Drahi_1-d1-HOM-UHI-79830456b8-r5,5,TWO_STAGE_RH,LEXMMFPEA,1,4,lex_phase_4,0.585982084274292,0.09971404075622559,0.09746813774108887,1927.3125
oos_experiment,TK-PB-Drahi_1-d1-HOM-UHI-79830456b8-r5,5,TWO_STAGE_RH,LEXMMFPEA,1,4,lex_phase_4,0.349078893661499,0.09569787979125977,0.09345412254333496,1947.515625
oos_experiment,TK-PB-Drahi_1-d1-HOM-UHI-79830456b8-r5,5,TWO_STAGE_RH,LEXMMFPEA,1,5,lex_phase_5,0.585982084274292,0.08319997787475586,0.08103585243225098,1927.3125
oos_experiment,TK-PB-Drahi_1-d1-HOM-UHI-79830456b8-r5,5,TWO_STAGE_RH,LEXMMFPEA,1,5,lex_phase_5,0.349078893661499,0.09574294090270996,0.0932760238647461,1947.515625
oos_experiment,TK-PB-Drahi_1-d1-HOM-UHI-79830456b8-r5,5,TWO_STAGE_RH,LEXMMFPEA,1,6,economic_tie_break,0.585982084274292,108.57260489463806,108.57028603553772,1927.3125
oos_experiment,TK-PB-Drahi_1-d1-HOM-UHI-79830456b8-r5,5,TWO_STAGE_RH,LEXMMFPEA,1,6,economic_tie_break,0.349078893661499,98.70897698402405,98.7067699432373,1947.515625
oos_experiment,TK-PB-Drahi_1-d1-HOM-UHI-79830456b8-r5,5,TWO_STAGE_RH,LEXMMFPEA,2,1,lex_phase_1,0.585982084274292,1.0105748176574707,0.34410810470581055,1927.3125
oos_experiment,TK-PB-Drahi_1-d1-HOM-UHI-79830456b8-r5,5,TWO_STAGE_RH,LEXMMFPEA,2,1,lex_phase_1,0.349078893661499,1.03780198097229,0.4153749942779541,1947.515625
oos_experiment,TK-PB-Drahi_1-d1-HOM-UHI-79830456b8-r5,5,TWO_STAGE_RH,LEXMMFPEA,2,2,lex_phase_2,0.585982084274292,0.10204792022705078,0.09976482391357422,1927.3125
oos_experiment,TK-PB-Drahi_1-d1-HOM-UHI-79830456b8-r5,5,TWO_STAGE_RH,LEXMMFPEA,2,2,lex_phase_2,0.349078893661499,0.1111140251159668,0.10890793800354004,1947.515625
oos_experiment,TK-PB-Drahi_1-d1-HOM-UHI-79830456b8-r5,5,TWO_STAGE_RH,LEXMMFPEA,2,3,lex_phase_3,0.585982084274292,0.1112370491027832,0.10882115364074707,1927.3125
oos_experiment,TK-PB-Drahi_1-d1-HOM-UHI-79830456b8-r5,5,TWO_STAGE_RH,LEXMMFPEA,2,3,lex_phase_3,0.349078893661499,0.0885779857635498,0.0865030288696289,1947.515625
oos_experiment,TK-PB-Drahi_1-d1-HOM-UHI-79830456b8-r5,5,TWO_STAGE_RH,LEXMMFPEA,2,4,lex_phase_4,0.585982084274292,0.09971404075622559,0.09746813774108887,1927.3125
oos_experiment,TK-PB-Drahi_1-d1-HOM-UHI-79830456b8-r5,5,TWO_STAGE_RH,LEXMMFPEA,2,4,lex_phase_4,0.349078893661499,0.09569787979125977,0.09345412254333496,1947.515625
oos_experiment,TK-PB-Drahi_1-d1-HOM-UHI-79830456b8-r5,5,TWO_STAGE_RH,LEXMMFPEA,2,5,lex_phase_5,0.585982084274292,0.08319997787475586,0.08103585243225098,1927.3125
oos_experiment,TK-PB-Drahi_1-d1-HOM-UHI-79830456b8-r5,5,TWO_STAGE_RH,LEXMMFPEA,2,5,lex_phase_5,0.349078893661499,0.09574294090270996,0.0932760238647461,1947.515625
oos_experiment,TK-PB-Drahi_1-d1-HOM-UHI-79830456b8-r5,5,TWO_STAGE_RH,LEXMMFPEA,2,6,economic_tie_break,0.585982084274292,108.57260489463806,108.57028603553772,1927.3125
oos_experiment,TK-PB-Drahi_1-d1-HOM-UHI-79830456b8-r5,5,TWO_STAGE_RH,LEXMMFPEA,2,6,economic_tie_break,0.349078893661499,98.70897698402405,98.7067699432373,1947.515625
oos_experiment,TK-PB-Drahi_1-d1-HOM-UHI-79830456b8-r5,5,TWO_STAGE_RH,LEXMMFPEA,3,1,lex_phase_1,0.585982084274292,1.0105748176574707,0.34410810470581055,1927.3125
oos_experiment,TK-PB-Drahi_1-d1-HOM-UHI-79830456b8-r5,5,TWO_STAGE_RH,LEXMMFPEA,3,1,lex_phase_1,0.349078893661499,1.03780198097229,0.4153749942779541,1947.515625
oos_experiment,TK-PB-Drahi_1-d1-HOM-UHI-79830456b8-r5,5,TWO_STAGE_RH,LEXMMFPEA,3,2,lex_phase_2,0.585982084274292,0.10204792022705078,0.09976482391357422,1927.3125
oos_experiment,TK-PB-Drahi_1-d1-HOM-UHI-79830456b8-r5,5,TWO_STAGE_RH,LEXMMFPEA,3,2,lex_phase_2,0.349078893661499,0.1111140251159668,0.10890793800354004,1947.515625
oos_experiment,TK-PB-Drahi_1-d1-HOM-UHI-79830456b8-r5,5,TWO_STAGE_RH,LEXMMFPEA,3,3,lex_phase_3,0.585982084274292,0.1112370491027832,0.10882115364074707,1927.3125
oos_experiment,TK-PB-Drahi_1-d1-HOM-UHI-79830456b8-r5,5,TWO_STAGE_RH,LEXMMFPEA,3,3,lex_phase_3,0.349078893661499,0.0885779857635498,0.0865030288696289,1947.515625
oos_experiment,TK-PB-Drahi_1-d1-HOM-UHI-79830456b8-r5,5,TWO_STAGE_RH,LEXMMFPEA,3,4,lex_phase_4,0.585982084274292,0.09971404075622559,0.09746813774108887,1927.3125
oos_experiment,TK-PB-Drahi_1-d1-HOM-UHI-79830456b8-r5,5,TWO_STAGE_RH,LEXMMFPEA,3,4,lex_phase_4,0.349078893661499,0.09569787979125977,0.09345412254333496,1947.515625
oos_experiment,TK-PB-Drahi_1-d1-HOM-UHI-79830456b8-r5,5,TWO_STAGE_RH,LEXMMFPEA,3,5,lex_phase_5,0.585982084274292,0.08319997787475586,0.08103585243225098,1927.3125
oos_experiment,TK-PB-Drahi_1-d1-HOM-UHI-79830456b8-r5,5,TWO_STAGE_RH,LEXMMFPEA,3,5,lex_phase_5,0.349078893661499,0.09574294090270996,0.0932760238647461,1947.515625
oos_experiment,TK-PB-Drahi_1-d1-HOM-UHI-79830456b8-r5,5,TWO_STAGE_RH,LEXMMFPEA,3,6,economic_tie_break,0.585982084274292,108.57260489463806,108.57028603553772,1927.3125
oos_experiment,TK-PB-Drahi_1-d1-HOM-UHI-79830456b8-r5,5,TWO_STAGE_RH,LEXMMFPEA,3,6,economic_tie_break,0.349078893661499,98.70897698402405,98.7067699432373,1947.515625
oos_experiment,TK-PB-Drahi_1-d1-HOM-UHI-79830456b8-r5,5,TWO_STAGE_RH,LEXMMFPEA,4,1,lex_phase_1,0.585982084274292,1.0105748176574707,0.34410810470581055,1927.3125
oos_experiment,TK-PB-Drahi_1-d1-HOM-UHI-79830456b8-r5,5,TWO_STAGE_RH,LEXMMFPEA,4,1,lex_phase_1,0.349078893661499,1.03780198097229,0.4153749942779541,1947.515625
oos_experiment,TK-PB-Drahi_1-d1-HOM-UHI-79830456b8-r5,5,TWO_STAGE_RH,LEXMMFPEA,4,2,lex_phase_2,0.585982084274292,0.10204792022705078,0.09976482391357422,1927.3125
oos_experiment,TK-PB-Drahi_1-d1-HOM-UHI-79830456b8-r5,5,TWO_STAGE_RH,LEXMMFPEA,4,2,lex_phase_2,0.349078893661499,0.1111140251159668,0.10890793800354004,1947.515625
oos_experiment,TK-PB-Drahi_1-d1-HOM-UHI-79830456b8-r5,5,TWO_STAGE_RH,LEXMMFPEA,4,3,lex_phase_3,0.585982084274292,0.1112370491027832,0.10882115364074707,1927.3125
oos_experiment,TK-PB-Drahi_1-d1-HOM-UHI-79830456b8-r5,5,TWO_STAGE_RH,LEXMMFPEA,4,3,lex_phase_3,0.349078893661499,0.0885779857635498,0.0865030288696289,1947.515625
oos_experiment,TK-PB-Drahi_1-d1-HOM-UHI-79830456b8-r5,5,TWO_STAGE_RH,LEXMMFPEA,4,4,lex_phase_4,0.585982084274292,0.09971404075622559,0.09746813774108887,1927.3125
oos_experiment,TK-PB-Drahi_1-d1-HOM-UHI-79830456b8-r5,5,TWO_STAGE_RH,LEXMMFPEA,4,4,lex_phase_4,0.349078893661499,0.09569787979125977,0.09345412254333496,1947.515625
oos_experiment,TK-PB-Drahi_1-d1-HOM-UHI-79830456b8-r5,5,TWO_STAGE_RH,LEXMMFPEA,4,5,lex_phase_5,0.585982084274292,0.08319997787475586,0.08103585243225098,1927.3125
oos_experiment,TK-PB-Drahi_1-d1-HOM-UHI-79830456b8-r5,5,TWO_STAGE_RH,LEXMMFPEA,4,5,lex_phase_5,0.349078893661499,0.09574294090270996,0.0932760238647461,1947.515625
oos_experiment,TK-PB-Drahi_1-d1-HOM-UHI-79830456b8-r5,5,TWO_STAGE_RH,LEXMMFPEA,4,6,economic_tie_break,0.585982084274292,108.57260489463806,108.57028603553772,1927.3125
oos_experiment,TK-PB-Drahi_1-d1-HOM-UHI-79830456b8-r5,5,TWO_STAGE_RH,LEXMMFPEA,4,6,economic_tie_break,0.349078893661499,98.70897698402405,98.7067699432373,1947.515625
oos_experiment,TK-PB-Drahi_1-d1-HOM-UHI-79830456b8-r5,5,TWO_STAGE_RH,LEXMMFPEA,5,1,lex_phase_1,0.4141972064971924,0.9038200378417969,0.30349302291870117,1927.3125
oos_experiment,TK-PB-Drahi_1-d1-HOM-UHI-79830456b8-r5,5,TWO_STAGE_RH,LEXMMFPEA,5,1,lex_phase_1,1.2017760276794434,1.0363729000091553,0.33842992782592773,1947.515625
oos_experiment,TK-PB-Drahi_1-d1-HOM-UHI-79830456b8-r5,5,TWO_STAGE_RH,LEXMMFPEA,5,2,lex_phase_2,0.4141972064971924,0.09953880310058594,0.09711694717407227,1927.3125
oos_experiment,TK-PB-Drahi_1-d1-HOM-UHI-79830456b8-r5,5,TWO_STAGE_RH,LEXMMFPEA,5,2,lex_phase_2,1.2017760276794434,0.10578703880310059,0.1035301685333252,1947.515625
oos_experiment,TK-PB-Drahi_1-d1-HOM-UHI-79830456b8-r5,5,TWO_STAGE_RH,LEXMMFPEA,5,3,lex_phase_3,0.4141972064971924,0.1120748519897461,0.10923099517822266,1927.3125
oos_experiment,TK-PB-Drahi_1-d1-HOM-UHI-79830456b8-r5,5,TWO_STAGE_RH,LEXMMFPEA,5,3,lex_phase_3,1.2017760276794434,0.11131811141967773,0.1089010238647461,1947.515625
oos_experiment,TK-PB-Drahi_1-d1-HOM-UHI-79830456b8-r5,5,TWO_STAGE_RH,LEXMMFPEA,5,4,lex_phase_4,0.4141972064971924,0.11522293090820312,0.11246609687805176,1927.3125
oos_experiment,TK-PB-Drahi_1-d1-HOM-UHI-79830456b8-r5,5,TWO_STAGE_RH,LEXMMFPEA,5,4,lex_phase_4,1.2017760276794434,0.11730599403381348,0.11491012573242188,1947.515625
oos_experiment,TK-PB-Drahi_1-d1-HOM-UHI-79830456b8-r5,5,TWO_STAGE_RH,LEXMMFPEA,5,5,lex_phase_5,0.4141972064971924,0.0967409610748291,0.09386205673217773,1927.3125
oos_experiment,TK-PB-Drahi_1-d1-HOM-UHI-79830456b8-r5,5,TWO_STAGE_RH,LEXMMFPEA,5,5,lex_phase_5,1.2017760276794434,0.0922551155090332,0.08986306190490723,1947.515625
oos_experiment,TK-PB-Drahi_1-d1-HOM-UHI-79830456b8-r5,5,TWO_STAGE_RH,LEXMMFPEA,5,6,economic_tie_break,0.4141972064971924,40.25959396362305,40.25747585296631,1927.3125
oos_experiment,TK-PB-Drahi_1-d1-HOM-UHI-79830456b8-r5,5,TWO_STAGE_RH,LEXMMFPEA,5,6,economic_tie_break,1.2017760276794434,54.93972206115723,54.937215089797974,1947.515625
oos_experiment,TK-PB-Drahi_1-d1-HOM-UHI-79830456b8-r5,5,TWO_STAGE_RH,LEXMMFPEA,6,1,lex_phase_1,0.4141972064971924,0.9038200378417969,0.30349302291870117,1927.3125
oos_experiment,TK-PB-Drahi_1-d1-HOM-UHI-79830456b8-r5,5,TWO_STAGE_RH,LEXMMFPEA,6,1,lex_phase_1,1.2017760276794434,1.0363729000091553,0.33842992782592773,1947.515625
oos_experiment,TK-PB-Drahi_1-d1-HOM-UHI-79830456b8-r5,5,TWO_STAGE_RH,LEXMMFPEA,6,2,lex_phase_2,0.4141972064971924,0.09953880310058594,0.09711694717407227,1927.3125
oos_experiment,TK-PB-Drahi_1-d1-HOM-UHI-79830456b8-r5,5,TWO_STAGE_RH,LEXMMFPEA,6,2,lex_phase_2,1.2017760276794434,0.10578703880310059,0.1035301685333252,1947.515625
oos_experiment,TK-PB-Drahi_1-d1-HOM-UHI-79830456b8-r5,5,TWO_STAGE_RH,LEXMMFPEA,6,3,lex_phase_3,0.4141972064971924,0.1120748519897461,0.10923099517822266,1927.3125
oos_experiment,TK-PB-Drahi_1-d1-HOM-UHI-79830456b8-r5,5,TWO_STAGE_RH,LEXMMFPEA,6,3,lex_phase_3,1.2017760276794434,0.11131811141967773,0.1089010238647461,1947.515625
oos_experiment,TK-PB-Drahi_1-d1-HOM-UHI-79830456b8-r5,5,TWO_STAGE_RH,LEXMMFPEA,6,4,lex_phase_4,0.4141972064971924,0.11522293090820312,0.11246609687805176,1927.3125
oos_experiment,TK-PB-Drahi_1-d1-HOM-UHI-79830456b8-r5,5,TWO_STAGE_RH,LEXMMFPEA,6,4,lex_phase_4,1.2017760276794434,0.11730599403381348,0.11491012573242188,1947.515625
oos_experiment,TK-PB-Drahi_1-d1-HOM-UHI-79830456b8-r5,5,TWO_STAGE_RH,LEXMMFPEA,6,5,lex_phase_5,0.4141972064971924,0.0967409610748291,0.09386205673217773,1927.3125
oos_experiment,TK-PB-Drahi_1-d1-HOM-UHI-79830456b8-r5,5,TWO_STAGE_RH,LEXMMFPEA,6,5,lex_phase_5,1.2017760276794434,0.0922551155090332,0.08986306190490723,1947.515625
oos_experiment,TK-PB-Drahi_1-d1-HOM-UHI-79830456b8-r5,5,TWO_STAGE_RH,LEXMMFPEA,6,6,economic_tie_break,0.4141972064971924,40.25959396362305,40.25747585296631,1927.3125
oos_experiment,TK-PB-Drahi_1-d1-HOM-UHI-79830456b8-r5,5,TWO_STAGE_RH,LEXMMFPEA,6,6,economic_tie_break,1.2017760276794434,54.93972206115723,54.937215089797974,1947.515625
oos_experiment,TK-PB-Drahi_1-d1-HOM-UHI-79830456b8-r5,5,TWO_STAGE_RH,LEXMMFPEA,7,1,lex_phase_1,0.4141972064971924,0.9038200378417969,0.30349302291870117,1927.3125
oos_experiment,TK-PB-Drahi_1-d1-HOM-UHI-79830456b8-r5,5,TWO_STAGE_RH,LEXMMFPEA,7,1,lex_phase_1,1.2017760276794434,1.0363729000091553,0.33842992782592773,1947.515625
oos_experiment,TK-PB-Drahi_1-d1-HOM-UHI-79830456b8-r5,5,TWO_STAGE_RH,LEXMMFPEA,7,2,lex_phase_2,0.4141972064971924,0.09953880310058594,0.09711694717407227,1927.3125
oos_experiment,TK-PB-Drahi_1-d1-HOM-UHI-79830456b8-r5,5,TWO_STAGE_RH,LEXMMFPEA,7,2,lex_phase_2,1.2017760276794434,0.10578703880310059,0.1035301685333252,1947.515625
oos_experiment,TK-PB-Drahi_1-d1-HOM-UHI-79830456b8-r5,5,TWO_STAGE_RH,LEXMMFPEA,7,3,lex_phase_3,0.4141972064971924,0.1120748519897461,0.10923099517822266,1927.3125
oos_experiment,TK-PB-Drahi_1-d1-HOM-UHI-79830456b8-r5,5,TWO_STAGE_RH,LEXMMFPEA,7,3,lex_phase_3,1.2017760276794434,0.11131811141967773,0.1089010238647461,1947.515625
oos_experiment,TK-PB-Drahi_1-d1-HOM-UHI-79830456b8-r5,5,TWO_STAGE_RH,LEXMMFPEA,7,4,lex_phase_4,0.4141972064971924,0.11522293090820312,0.11246609687805176,1927.3125
oos_experiment,TK-PB-Drahi_1-d1-HOM-UHI-79830456b8-r5,5,TWO_STAGE_RH,LEXMMFPEA,7,4,lex_phase_4,1.2017760276794434,0.11730599403381348,0.11491012573242188,1947.515625
oos_experiment,TK-PB-Drahi_1-d1-HOM-UHI-79830456b8-r5,5,TWO_STAGE_RH,LEXMMFPEA,7,5,lex_phase_5,0.4141972064971924,0.0967409610748291,0.09386205673217773,1927.3125
oos_experiment,TK-PB-Drahi_1-d1-HOM-UHI-79830456b8-r5,5,TWO_STAGE_RH,LEXMMFPEA,7,5,lex_phase_5,1.2017760276794434,0.0922551155090332,0.08986306190490723,1947.515625
oos_experiment,TK-PB-Drahi_1-d1-HOM-UHI-79830456b8-r5,5,TWO_STAGE_RH,LEXMMFPEA,7,6,economic_tie_break,0.4141972064971924,40.25959396362305,40.25747585296631,1927.3125
oos_experiment,TK-PB-Drahi_1-d1-HOM-UHI-79830456b8-r5,5,TWO_STAGE_RH,LEXMMFPEA,7,6,economic_tie_break,1.2017760276794434,54.93972206115723,54.937215089797974,1947.515625
oos_experiment,TK-PB-Drahi_1-d1-HOM-UHI-79830456b8-r5,5,TWO_STAGE_RH,LEXMMFPEA,8,1,lex_phase_1,0.4141972064971924,0.9038200378417969,0.30349302291870117,1927.3125
oos_experiment,TK-PB-Drahi_1-d1-HOM-UHI-79830456b8-r5,5,TWO_STAGE_RH,LEXMMFPEA,8,1,lex_phase_1,1.2017760276794434,1.0363729000091553,0.33842992782592773,1947.515625
oos_experiment,TK-PB-Drahi_1-d1-HOM-UHI-79830456b8-r5,5,TWO_STAGE_RH,LEXMMFPEA,8,2,lex_phase_2,0.4141972064971924,0.09953880310058594,0.09711694717407227,1927.3125
oos_experiment,TK-PB-Drahi_1-d1-HOM-UHI-79830456b8-r5,5,TWO_STAGE_RH,LEXMMFPEA,8,2,lex_phase_2,1.2017760276794434,0.10578703880310059,0.1035301685333252,1947.515625
oos_experiment,TK-PB-Drahi_1-d1-HOM-UHI-79830456b8-r5,5,TWO_STAGE_RH,LEXMMFPEA,8,3,lex_phase_3,0.4141972064971924,0.1120748519897461,0.10923099517822266,1927.3125
oos_experiment,TK-PB-Drahi_1-d1-HOM-UHI-79830456b8-r5,5,TWO_STAGE_RH,LEXMMFPEA,8,3,lex_phase_3,1.2017760276794434,0.11131811141967773,0.1089010238647461,1947.515625
oos_experiment,TK-PB-Drahi_1-d1-HOM-UHI-79830456b8-r5,5,TWO_STAGE_RH,LEXMMFPEA,8,4,lex_phase_4,0.4141972064971924,0.11522293090820312,0.11246609687805176,1927.3125
oos_experiment,TK-PB-Drahi_1-d1-HOM-UHI-79830456b8-r5,5,TWO_STAGE_RH,LEXMMFPEA,8,4,lex_phase_4,1.2017760276794434,0.11730599403381348,0.11491012573242188,1947.515625
oos_experiment,TK-PB-Drahi_1-d1-HOM-UHI-79830456b8-r5,5,TWO_STAGE_RH,LEXMMFPEA,8,5,lex_phase_5,0.4141972064971924,0.0967409610748291,0.09386205673217773,1927.3125
oos_experiment,TK-PB-Drahi_1-d1-HOM-UHI-79830456b8-r5,5,TWO_STAGE_RH,LEXMMFPEA,8,5,lex_phase_5,1.2017760276794434,0.0922551155090332,0.08986306190490723,1947.515625
oos_experiment,TK-PB-Drahi_1-d1-HOM-UHI-79830456b8-r5,5,TWO_STAGE_RH,LEXMMFPEA,8,6,economic_tie_break,0.4141972064971924,40.25959396362305,40.25747585296631,1927.3125
oos_experiment,TK-PB-Drahi_1-d1-HOM-UHI-79830456b8-r5,5,TWO_STAGE_RH,LEXMMFPEA,8,6,economic_tie_break,1.2017760276794434,54.93972206115723,54.937215089797974,1947.515625
oos_experiment,TK-PB-Drahi_1-d1-HOM-UHI-79830456b8-r5,5,TWO_STAGE_RH,LEXMMFPEA,9,1,lex_phase_1,1.2145190238952637,0.877600908279419,0.2556271553039551,1927.3125
oos_experiment,TK-PB-Drahi_1-d1-HOM-UHI-79830456b8-r5,5,TWO_STAGE_RH,LEXMMFPEA,9,1,lex_phase_1,0.727708101272583,1.0930261611938477,0.3016788959503174,1947.515625
oos_experiment,TK-PB-Drahi_1-d1-HOM-UHI-79830456b8-r5,5,TWO_STAGE_RH,LEXMMFPEA,9,2,lex_phase_2,1.2145190238952637,0.09347105026245117,0.09129714965820312,1927.3125
oos_experiment,TK-PB-Drahi_1-d1-HOM-UHI-79830456b8-r5,5,TWO_STAGE_RH,LEXMMFPEA,9,2,lex_phase_2,0.727708101272583,0.11956501007080078,0.11705398559570312,1947.515625
oos_experiment,TK-PB-Drahi_1-d1-HOM-UHI-79830456b8-r5,5,TWO_STAGE_RH,LEXMMFPEA,9,3,lex_phase_3,1.2145190238952637,0.09936094284057617,0.09725713729858398,1927.3125
oos_experiment,TK-PB-Drahi_1-d1-HOM-UHI-79830456b8-r5,5,TWO_STAGE_RH,LEXMMFPEA,9,3,lex_phase_3,0.727708101272583,0.10853314399719238,0.10598516464233398,1947.515625
oos_experiment,TK-PB-Drahi_1-d1-HOM-UHI-79830456b8-r5,5,TWO_STAGE_RH,LEXMMFPEA,9,4,lex_phase_4,1.2145190238952637,0.09666085243225098,0.09447693824768066,1927.3125
oos_experiment,TK-PB-Drahi_1-d1-HOM-UHI-79830456b8-r5,5,TWO_STAGE_RH,LEXMMFPEA,9,4,lex_phase_4,0.727708101272583,0.13222503662109375,0.12891793251037598,1947.515625
oos_experiment,TK-PB-Drahi_1-d1-HOM-UHI-79830456b8-r5,5,TWO_STAGE_RH,LEXMMFPEA,9,5,lex_phase_5,1.2145190238952637,0.09381103515625,0.09148597717285156,1927.3125
oos_experiment,TK-PB-Drahi_1-d1-HOM-UHI-79830456b8-r5,5,TWO_STAGE_RH,LEXMMFPEA,9,5,lex_phase_5,0.727708101272583,0.11168599128723145,0.10886096954345703,1947.515625
oos_experiment,TK-PB-Drahi_1-d1-HOM-UHI-79830456b8-r5,5,TWO_STAGE_RH,LEXMMFPEA,9,6,economic_tie_break,1.2145190238952637,38.933624029159546,38.93060803413391,1927.3125
oos_experiment,TK-PB-Drahi_1-d1-HOM-UHI-79830456b8-r5,5,TWO_STAGE_RH,LEXMMFPEA,9,6,economic_tie_break,0.727708101272583,49.3569700717926,49.354421854019165,1947.515625
oos_experiment,TK-PB-Drahi_1-d1-HOM-UHI-79830456b8-r5,5,TWO_STAGE_RH,LEXMMFPEA,10,1,lex_phase_1,1.2145190238952637,0.877600908279419,0.2556271553039551,1927.3125
oos_experiment,TK-PB-Drahi_1-d1-HOM-UHI-79830456b8-r5,5,TWO_STAGE_RH,LEXMMFPEA,10,1,lex_phase_1,0.727708101272583,1.0930261611938477,0.3016788959503174,1947.515625
oos_experiment,TK-PB-Drahi_1-d1-HOM-UHI-79830456b8-r5,5,TWO_STAGE_RH,LEXMMFPEA,10,2,lex_phase_2,1.2145190238952637,0.09347105026245117,0.09129714965820312,1927.3125
oos_experiment,TK-PB-Drahi_1-d1-HOM-UHI-79830456b8-r5,5,TWO_STAGE_RH,LEXMMFPEA,10,2,lex_phase_2,0.727708101272583,0.11956501007080078,0.11705398559570312,1947.515625
oos_experiment,TK-PB-Drahi_1-d1-HOM-UHI-79830456b8-r5,5,TWO_STAGE_RH,LEXMMFPEA,10,3,lex_phase_3,1.2145190238952637,0.09936094284057617,0.09725713729858398,1927.3125
oos_experiment,TK-PB-Drahi_1-d1-HOM-UHI-79830456b8-r5,5,TWO_STAGE_RH,LEXMMFPEA,10,3,lex_phase_3,0.727708101272583,0.10853314399719238,0.10598516464233398,1947.515625
oos_experiment,TK-PB-Drahi_1-d1-HOM-UHI-79830456b8-r5,5,TWO_STAGE_RH,LEXMMFPEA,10,4,lex_phase_4,1.2145190238952637,0.09666085243225098,0.09447693824768066,1927.3125
oos_experiment,TK-PB-Drahi_1-d1-HOM-UHI-79830456b8-r5,5,TWO_STAGE_RH,LEXMMFPEA,10,4,lex_phase_4,0.727708101272583,0.13222503662109375,0.12891793251037598,1947.515625
oos_experiment,TK-PB-Drahi_1-d1-HOM-UHI-79830456b8-r5,5,TWO_STAGE_RH,LEXMMFPEA,10,5,lex_phase_5,1.2145190238952637,0.09381103515625,0.09148597717285156,1927.3125
oos_experiment,TK-PB-Drahi_1-d1-HOM-UHI-79830456b8-r5,5,TWO_STAGE_RH,LEXMMFPEA,10,5,lex_phase_5,0.727708101272583,0.11168599128723145,0.10886096954345703,1947.515625
oos_experiment,TK-PB-Drahi_1-d1-HOM-UHI-79830456b8-r5,5,TWO_STAGE_RH,LEXMMFPEA,10,6,economic_tie_break,1.2145190238952637,38.933624029159546,38.93060803413391,1927.3125
oos_experiment,TK-PB-Drahi_1-d1-HOM-UHI-79830456b8-r5,5,TWO_STAGE_RH,LEXMMFPEA,10,6,economic_tie_break,0.727708101272583,49.3569700717926,49.354421854019165,1947.515625
oos_experiment,TK-PB-Drahi_1-d1-HOM-UHI-79830456b8-r5,5,TWO_STAGE_RH,LEXMMFPEA,11,1,lex_phase_1,1.2145190238952637,0.877600908279419,0.2556271553039551,1927.3125
oos_experiment,TK-PB-Drahi_1-d1-HOM-UHI-79830456b8-r5,5,TWO_STAGE_RH,LEXMMFPEA,11,1,lex_phase_1,0.727708101272583,1.0930261611938477,0.3016788959503174,1947.515625
oos_experiment,TK-PB-Drahi_1-d1-HOM-UHI-79830456b8-r5,5,TWO_STAGE_RH,LEXMMFPEA,11,2,lex_phase_2,1.2145190238952637,0.09347105026245117,0.09129714965820312,1927.3125
oos_experiment,TK-PB-Drahi_1-d1-HOM-UHI-79830456b8-r5,5,TWO_STAGE_RH,LEXMMFPEA,11,2,lex_phase_2,0.727708101272583,0.11956501007080078,0.11705398559570312,1947.515625
oos_experiment,TK-PB-Drahi_1-d1-HOM-UHI-79830456b8-r5,5,TWO_STAGE_RH,LEXMMFPEA,11,3,lex_phase_3,1.2145190238952637,0.09936094284057617,0.09725713729858398,1927.3125
oos_experiment,TK-PB-Drahi_1-d1-HOM-UHI-79830456b8-r5,5,TWO_STAGE_RH,LEXMMFPEA,11,3,lex_phase_3,0.727708101272583,0.10853314399719238,0.10598516464233398,1947.515625
oos_experiment,TK-PB-Drahi_1-d1-HOM-UHI-79830456b8-r5,5,TWO_STAGE_RH,LEXMMFPEA,11,4,lex_phase_4,1.2145190238952637,0.09666085243225098,0.09447693824768066,1927.3125
oos_experiment,TK-PB-Drahi_1-d1-HOM-UHI-79830456b8-r5,5,TWO_STAGE_RH,LEXMMFPEA,11,4,lex_phase_4,0.727708101272583,0.13222503662109375,0.12891793251037598,1947.515625
oos_experiment,TK-PB-Drahi_1-d1-HOM-UHI-79830456b8-r5,5,TWO_STAGE_RH,LEXMMFPEA,11,5,lex_phase_5,1.2145190238952637,0.09381103515625,0.09148597717285156,1927.3125
oos_experiment,TK-PB-Drahi_1-d1-HOM-UHI-79830456b8-r5,5,TWO_STAGE_RH,LEXMMFPEA,11,5,lex_phase_5,0.727708101272583,0.11168599128723145,0.10886096954345703,1947.515625
oos_experiment,TK-PB-Drahi_1-d1-HOM-UHI-79830456b8-r5,5,TWO_STAGE_RH,LEXMMFPEA,11,6,economic_tie_break,1.2145190238952637,38.933624029159546,38.93060803413391,1927.3125
oos_experiment,TK-PB-Drahi_1-d1-HOM-UHI-79830456b8-r5,5,TWO_STAGE_RH,LEXMMFPEA,11,6,economic_tie_break,0.727708101272583,49.3569700717926,49.354421854019165,1947.515625
oos_experiment,TK-PB-Drahi_1-d1-HOM-UHI-79830456b8-r5,5,TWO_STAGE_RH,LEXMMFPEA,12,1,lex_phase_1,1.2145190238952637,0.877600908279419,0.2556271553039551,1927.3125
oos_experiment,TK-PB-Drahi_1-d1-HOM-UHI-79830456b8-r5,5,TWO_STAGE_RH,LEXMMFPEA,12,1,lex_phase_1,0.727708101272583,1.0930261611938477,0.3016788959503174,1947.515625
oos_experiment,TK-PB-Drahi_1-d1-HOM-UHI-79830456b8-r5,5,TWO_STAGE_RH,LEXMMFPEA,12,2,lex_phase_2,1.2145190238952637,0.09347105026245117,0.09129714965820312,1927.3125
oos_experiment,TK-PB-Drahi_1-d1-HOM-UHI-79830456b8-r5,5,TWO_STAGE_RH,LEXMMFPEA,12,2,lex_phase_2,0.727708101272583,0.11956501007080078,0.11705398559570312,1947.515625
oos_experiment,TK-PB-Drahi_1-d1-HOM-UHI-79830456b8-r5,5,TWO_STAGE_RH,LEXMMFPEA,12,3,lex_phase_3,1.2145190238952637,0.09936094284057617,0.09725713729858398,1927.3125
oos_experiment,TK-PB-Drahi_1-d1-HOM-UHI-79830456b8-r5,5,TWO_STAGE_RH,LEXMMFPEA,12,3,lex_phase_3,0.727708101272583,0.10853314399719238,0.10598516464233398,1947.515625
oos_experiment,TK-PB-Drahi_1-d1-HOM-UHI-79830456b8-r5,5,TWO_STAGE_RH,LEXMMFPEA,12,4,lex_phase_4,1.2145190238952637,0.09666085243225098,0.09447693824768066,1927.3125
oos_experiment,TK-PB-Drahi_1-d1-HOM-UHI-79830456b8-r5,5,TWO_STAGE_RH,LEXMMFPEA,12,4,lex_phase_4,0.727708101272583,0.13222503662109375,0.12891793251037598,1947.515625
oos_experiment,TK-PB-Drahi_1-d1-HOM-UHI-79830456b8-r5,5,TWO_STAGE_RH,LEXMMFPEA,12,5,lex_phase_5,1.2145190238952637,0.09381103515625,0.09148597717285156,1927.3125
oos_experiment,TK-PB-Drahi_1-d1-HOM-UHI-79830456b8-r5,5,TWO_STAGE_RH,LEXMMFPEA,12,5,lex_phase_5,0.727708101272583,0.11168599128723145,0.10886096954345703,1947.515625
oos_experiment,TK-PB-Drahi_1-d1-HOM-UHI-79830456b8-r5,5,TWO_STAGE_RH,LEXMMFPEA,12,6,economic_tie_break,1.2145190238952637,38.933624029159546,38.93060803413391,1927.3125
oos_experiment,TK-PB-Drahi_1-d1-HOM-UHI-79830456b8-r5,5,TWO_STAGE_RH,LEXMMFPEA,12,6,economic_tie_break,0.727708101272583,49.3569700717926,49.354421854019165,1947.515625
oos_experiment,TK-PB-Drahi_1-d1-HOM-UHI-79830456b8-r5,5,TWO_STAGE_RH,LEXMMFPEA,13,1,lex_phase_1,0.4219400882720947,0.931941032409668,0.30590391159057617,1927.3125
oos_experiment,TK-PB-Drahi_1-d1-HOM-UHI-79830456b8-r5,5,TWO_STAGE_RH,LEXMMFPEA,13,1,lex_phase_1,1.4869308471679688,1.0183792114257812,0.2987029552459717,1947.515625
oos_experiment,TK-PB-Drahi_1-d1-HOM-UHI-79830456b8-r5,5,TWO_STAGE_RH,LEXMMFPEA,13,2,lex_phase_2,0.4219400882720947,0.10962414741516113,0.10712504386901855,1927.3125
oos_experiment,TK-PB-Drahi_1-d1-HOM-UHI-79830456b8-r5,5,TWO_STAGE_RH,LEXMMFPEA,13,2,lex_phase_2,1.4869308471679688,0.11133503913879395,0.10880780220031738,1947.515625
oos_experiment,TK-PB-Drahi_1-d1-HOM-UHI-79830456b8-r5,5,TWO_STAGE_RH,LEXMMFPEA,13,3,lex_phase_3,0.4219400882720947,0.11067700386047363,0.10837697982788086,1927.3125
oos_experiment,TK-PB-Drahi_1-d1-HOM-UHI-79830456b8-r5,5,TWO_STAGE_RH,LEXMMFPEA,13,3,lex_phase_3,1.4869308471679688,0.10968399047851562,0.10677385330200195,1947.515625
oos_experiment,TK-PB-Drahi_1-d1-HOM-UHI-79830456b8-r5,5,TWO_STAGE_RH,LEXMMFPEA,13,4,lex_phase_4,0.4219400882720947,0.11917281150817871,0.1164860725402832,1927.3125
oos_experiment,TK-PB-Drahi_1-d1-HOM-UHI-79830456b8-r5,5,TWO_STAGE_RH,LEXMMFPEA,13,4,lex_phase_4,1.4869308471679688,0.0975351333618164,0.09513592720031738,1947.515625
oos_experiment,TK-PB-Drahi_1-d1-HOM-UHI-79830456b8-r5,5,TWO_STAGE_RH,LEXMMFPEA,13,5,lex_phase_5,0.4219400882720947,0.07718110084533691,0.07455205917358398,1927.3125
oos_experiment,TK-PB-Drahi_1-d1-HOM-UHI-79830456b8-r5,5,TWO_STAGE_RH,LEXMMFPEA,13,5,lex_phase_5,1.4869308471679688,0.08578610420227051,0.08279705047607422,1947.515625
oos_experiment,TK-PB-Drahi_1-d1-HOM-UHI-79830456b8-r5,5,TWO_STAGE_RH,LEXMMFPEA,13,6,economic_tie_break,0.4219400882720947,22.3211190700531,22.319000005722046,1927.3125
oos_experiment,TK-PB-Drahi_1-d1-HOM-UHI-79830456b8-r5,5,TWO_STAGE_RH,LEXMMFPEA,13,6,economic_tie_break,1.4869308471679688,46.88458204269409,46.88246703147888,1947.515625
oos_experiment,TK-PB-Drahi_1-d1-HOM-UHI-79830456b8-r5,5,TWO_STAGE_RH,LEXMMFPEA,14,1,lex_phase_1,0.4219400882720947,0.931941032409668,0.30590391159057617,1927.3125
oos_experiment,TK-PB-Drahi_1-d1-HOM-UHI-79830456b8-r5,5,TWO_STAGE_RH,LEXMMFPEA,14,1,lex_phase_1,1.4869308471679688,1.0183792114257812,0.2987029552459717,1947.515625
oos_experiment,TK-PB-Drahi_1-d1-HOM-UHI-79830456b8-r5,5,TWO_STAGE_RH,LEXMMFPEA,14,2,lex_phase_2,0.4219400882720947,0.10962414741516113,0.10712504386901855,1927.3125
oos_experiment,TK-PB-Drahi_1-d1-HOM-UHI-79830456b8-r5,5,TWO_STAGE_RH,LEXMMFPEA,14,2,lex_phase_2,1.4869308471679688,0.11133503913879395,0.10880780220031738,1947.515625
oos_experiment,TK-PB-Drahi_1-d1-HOM-UHI-79830456b8-r5,5,TWO_STAGE_RH,LEXMMFPEA,14,3,lex_phase_3,0.4219400882720947,0.11067700386047363,0.10837697982788086,1927.3125
oos_experiment,TK-PB-Drahi_1-d1-HOM-UHI-79830456b8-r5,5,TWO_STAGE_RH,LEXMMFPEA,14,3,lex_phase_3,1.4869308471679688,0.10968399047851562,0.10677385330200195,1947.515625
oos_experiment,TK-PB-Drahi_1-d1-HOM-UHI-79830456b8-r5,5,TWO_STAGE_RH,LEXMMFPEA,14,4,lex_phase_4,0.4219400882720947,0.11917281150817871,0.1164860725402832,1927.3125
oos_experiment,TK-PB-Drahi_1-d1-HOM-UHI-79830456b8-r5,5,TWO_STAGE_RH,LEXMMFPEA,14,4,lex_phase_4,1.4869308471679688,0.0975351333618164,0.09513592720031738,1947.515625
oos_experiment,TK-PB-Drahi_1-d1-HOM-UHI-79830456b8-r5,5,TWO_STAGE_RH,LEXMMFPEA,14,5,lex_phase_5,0.4219400882720947,0.07718110084533691,0.07455205917358398,1927.3125
oos_experiment,TK-PB-Drahi_1-d1-HOM-UHI-79830456b8-r5,5,TWO_STAGE_RH,LEXMMFPEA,14,5,lex_phase_5,1.4869308471679688,0.08578610420227051,0.08279705047607422,1947.515625
oos_experiment,TK-PB-Drahi_1-d1-HOM-UHI-79830456b8-r5,5,TWO_STAGE_RH,LEXMMFPEA,14,6,economic_tie_break,0.4219400882720947,22.3211190700531,22.319000005722046,1927.3125
oos_experiment,TK-PB-Drahi_1-d1-HOM-UHI-79830456b8-r5,5,TWO_STAGE_RH,LEXMMFPEA,14,6,economic_tie_break,1.4869308471679688,46.88458204269409,46.88246703147888,1947.515625
oos_experiment,TK-PB-Drahi_1-d1-HOM-UHI-79830456b8-r5,5,TWO_STAGE_RH,LEXMMFPEA,15,1,lex_phase_1,0.4219400882720947,0.931941032409668,0.30590391159057617,1927.3125
oos_experiment,TK-PB-Drahi_1-d1-HOM-UHI-79830456b8-r5,5,TWO_STAGE_RH,LEXMMFPEA,15,1,lex_phase_1,1.4869308471679688,1.0183792114257812,0.2987029552459717,1947.515625
oos_experiment,TK-PB-Drahi_1-d1-HOM-UHI-79830456b8-r5,5,TWO_STAGE_RH,LEXMMFPEA,15,2,lex_phase_2,0.4219400882720947,0.10962414741516113,0.10712504386901855,1927.3125
oos_experiment,TK-PB-Drahi_1-d1-HOM-UHI-79830456b8-r5,5,TWO_STAGE_RH,LEXMMFPEA,15,2,lex_phase_2,1.4869308471679688,0.11133503913879395,0.10880780220031738,1947.515625
oos_experiment,TK-PB-Drahi_1-d1-HOM-UHI-79830456b8-r5,5,TWO_STAGE_RH,LEXMMFPEA,15,3,lex_phase_3,0.4219400882720947,0.11067700386047363,0.10837697982788086,1927.3125
oos_experiment,TK-PB-Drahi_1-d1-HOM-UHI-79830456b8-r5,5,TWO_STAGE_RH,LEXMMFPEA,15,3,lex_phase_3,1.4869308471679688,0.10968399047851562,0.10677385330200195,1947.515625
oos_experiment,TK-PB-Drahi_1-d1-HOM-UHI-79830456b8-r5,5,TWO_STAGE_RH,LEXMMFPEA,15,4,lex_phase_4,0.4219400882720947,0.11917281150817871,0.1164860725402832,1927.3125
oos_experiment,TK-PB-Drahi_1-d1-HOM-UHI-79830456b8-r5,5,TWO_STAGE_RH,LEXMMFPEA,15,4,lex_phase_4,1.4869308471679688,0.0975351333618164,0.09513592720031738,1947.515625
oos_experiment,TK-PB-Drahi_1-d1-HOM-UHI-79830456b8-r5,5,TWO_STAGE_RH,LEXMMFPEA,15,5,lex_phase_5,0.4219400882720947,0.07718110084533691,0.07455205917358398,1927.3125
oos_experiment,TK-PB-Drahi_1-d1-HOM-UHI-79830456b8-r5,5,TWO_STAGE_RH,LEXMMFPEA,15,5,lex_phase_5,1.4869308471679688,0.08578610420227051,0.08279705047607422,1947.515625
oos_experiment,TK-PB-Drahi_1-d1-HOM-UHI-79830456b8-r5,5,TWO_STAGE_RH,LEXMMFPEA,15,6,economic_tie_break,0.4219400882720947,22.3211190700531,22.319000005722046,1927.3125
oos_experiment,TK-PB-Drahi_1-d1-HOM-UHI-79830456b8-r5,5,TWO_STAGE_RH,LEXMMFPEA,15,6,economic_tie_break,1.4869308471679688,46.88458204269409,46.88246703147888,1947.515625
oos_experiment,TK-PB-Drahi_1-d1-HOM-UHI-79830456b8-r5,5,TWO_STAGE_RH,LEXMMFPEA,16,1,lex_phase_1,0.4219400882720947,0.931941032409668,0.30590391159057617,1927.3125
oos_experiment,TK-PB-Drahi_1-d1-HOM-UHI-79830456b8-r5,5,TWO_STAGE_RH,LEXMMFPEA,16,1,lex_phase_1,1.4869308471679688,1.0183792114257812,0.2987029552459717,1947.515625
oos_experiment,TK-PB-Drahi_1-d1-HOM-UHI-79830456b8-r5,5,TWO_STAGE_RH,LEXMMFPEA,16,2,lex_phase_2,0.4219400882720947,0.10962414741516113,0.10712504386901855,1927.3125
oos_experiment,TK-PB-Drahi_1-d1-HOM-UHI-79830456b8-r5,5,TWO_STAGE_RH,LEXMMFPEA,16,2,lex_phase_2,1.4869308471679688,0.11133503913879395,0.10880780220031738,1947.515625
oos_experiment,TK-PB-Drahi_1-d1-HOM-UHI-79830456b8-r5,5,TWO_STAGE_RH,LEXMMFPEA,16,3,lex_phase_3,0.4219400882720947,0.11067700386047363,0.10837697982788086,1927.3125
oos_experiment,TK-PB-Drahi_1-d1-HOM-UHI-79830456b8-r5,5,TWO_STAGE_RH,LEXMMFPEA,16,3,lex_phase_3,1.4869308471679688,0.10968399047851562,0.10677385330200195,1947.515625
oos_experiment,TK-PB-Drahi_1-d1-HOM-UHI-79830456b8-r5,5,TWO_STAGE_RH,LEXMMFPEA,16,4,lex_phase_4,0.4219400882720947,0.11917281150817871,0.1164860725402832,1927.3125
oos_experiment,TK-PB-Drahi_1-d1-HOM-UHI-79830456b8-r5,5,TWO_STAGE_RH,LEXMMFPEA,16,4,lex_phase_4,1.4869308471679688,0.0975351333618164,0.09513592720031738,1947.515625
oos_experiment,TK-PB-Drahi_1-d1-HOM-UHI-79830456b8-r5,5,TWO_STAGE_RH,LEXMMFPEA,16,5,lex_phase_5,0.4219400882720947,0.07718110084533691,0.07455205917358398,1927.3125
oos_experiment,TK-PB-Drahi_1-d1-HOM-UHI-79830456b8-r5,5,TWO_STAGE_RH,LEXMMFPEA,16,5,lex_phase_5,1.4869308471679688,0.08578610420227051,0.08279705047607422,1947.515625
oos_experiment,TK-PB-Drahi_1-d1-HOM-UHI-79830456b8-r5,5,TWO_STAGE_RH,LEXMMFPEA,16,6,economic_tie_break,0.4219400882720947,22.3211190700531,22.319000005722046,1927.3125
oos_experiment,TK-PB-Drahi_1-d1-HOM-UHI-79830456b8-r5,5,TWO_STAGE_RH,LEXMMFPEA,16,6,economic_tie_break,1.4869308471679688,46.88458204269409,46.88246703147888,1947.515625
oos_experiment,TK-PB-Drahi_1-d1-HOM-UHI-79830456b8-r5,5,TWO_STAGE_RH,LEXMMFPEA,17,1,lex_phase_1,1.112527847290039,0.999575138092041,0.3374629020690918,1927.3125
oos_experiment,TK-PB-Drahi_1-d1-HOM-UHI-79830456b8-r5,5,TWO_STAGE_RH,LEXMMFPEA,17,1,lex_phase_1,0.6569180488586426,1.028562068939209,0.346782922744751,1947.515625
oos_experiment,TK-PB-Drahi_1-d1-HOM-UHI-79830456b8-r5,5,TWO_STAGE_RH,LEXMMFPEA,17,2,lex_phase_2,1.112527847290039,0.11726212501525879,0.11467409133911133,1927.3125
oos_experiment,TK-PB-Drahi_1-d1-HOM-UHI-79830456b8-r5,5,TWO_STAGE_RH,LEXMMFPEA,17,2,lex_phase_2,0.6569180488586426,0.11781001091003418,0.11539912223815918,1947.515625
oos_experiment,TK-PB-Drahi_1-d1-HOM-UHI-79830456b8-r5,5,TWO_STAGE_RH,LEXMMFPEA,17,3,lex_phase_3,1.112527847290039,0.11579203605651855,0.11312985420227051,1927.3125
oos_experiment,TK-PB-Drahi_1-d1-HOM-UHI-79830456b8-r5,5,TWO_STAGE_RH,LEXMMFPEA,17,3,lex_phase_3,0.6569180488586426,0.11615586280822754,0.11341285705566406,1947.515625
oos_experiment,TK-PB-Drahi_1-d1-HOM-UHI-79830456b8-r5,5,TWO_STAGE_RH,LEXMMFPEA,17,4,lex_phase_4,1.112527847290039,0.11133480072021484,0.10858798027038574,1927.3125
oos_experiment,TK-PB-Drahi_1-d1-HOM-UHI-79830456b8-r5,5,TWO_STAGE_RH,LEXMMFPEA,17,4,lex_phase_4,0.6569180488586426,0.11264419555664062,0.11000299453735352,1947.515625
oos_experiment,TK-PB-Drahi_1-d1-HOM-UHI-79830456b8-r5,5,TWO_STAGE_RH,LEXMMFPEA,17,5,lex_phase_5,1.112527847290039,0.09928297996520996,0.09720301628112793,1927.3125
oos_experiment,TK-PB-Drahi_1-d1-HOM-UHI-79830456b8-r5,5,TWO_STAGE_RH,LEXMMFPEA,17,5,lex_phase_5,0.6569180488586426,0.1067800521850586,0.10419297218322754,1947.515625
oos_experiment,TK-PB-Drahi_1-d1-HOM-UHI-79830456b8-r5,5,TWO_STAGE_RH,LEXMMFPEA,17,6,economic_tie_break,1.112527847290039,13.025343894958496,13.022322177886963,1927.3125
oos_experiment,TK-PB-Drahi_1-d1-HOM-UHI-79830456b8-r5,5,TWO_STAGE_RH,LEXMMFPEA,17,6,economic_tie_break,0.6569180488586426,18.53615403175354,18.53341317176819,1947.515625
oos_experiment,TK-PB-Drahi_1-d1-HOM-UHI-79830456b8-r5,5,TWO_STAGE_RH,LEXMMFPEA,18,1,lex_phase_1,1.112527847290039,0.999575138092041,0.3374629020690918,1927.3125
oos_experiment,TK-PB-Drahi_1-d1-HOM-UHI-79830456b8-r5,5,TWO_STAGE_RH,LEXMMFPEA,18,1,lex_phase_1,0.6569180488586426,1.028562068939209,0.346782922744751,1947.515625
oos_experiment,TK-PB-Drahi_1-d1-HOM-UHI-79830456b8-r5,5,TWO_STAGE_RH,LEXMMFPEA,18,2,lex_phase_2,1.112527847290039,0.11726212501525879,0.11467409133911133,1927.3125
oos_experiment,TK-PB-Drahi_1-d1-HOM-UHI-79830456b8-r5,5,TWO_STAGE_RH,LEXMMFPEA,18,2,lex_phase_2,0.6569180488586426,0.11781001091003418,0.11539912223815918,1947.515625
oos_experiment,TK-PB-Drahi_1-d1-HOM-UHI-79830456b8-r5,5,TWO_STAGE_RH,LEXMMFPEA,18,3,lex_phase_3,1.112527847290039,0.11579203605651855,0.11312985420227051,1927.3125
oos_experiment,TK-PB-Drahi_1-d1-HOM-UHI-79830456b8-r5,5,TWO_STAGE_RH,LEXMMFPEA,18,3,lex_phase_3,0.6569180488586426,0.11615586280822754,0.11341285705566406,1947.515625
oos_experiment,TK-PB-Drahi_1-d1-HOM-UHI-79830456b8-r5,5,TWO_STAGE_RH,LEXMMFPEA,18,4,lex_phase_4,1.112527847290039,0.11133480072021484,0.10858798027038574,1927.3125
oos_experiment,TK-PB-Drahi_1-d1-HOM-UHI-79830456b8-r5,5,TWO_STAGE_RH,LEXMMFPEA,18,4,lex_phase_4,0.6569180488586426,0.11264419555664062,0.11000299453735352,1947.515625
oos_experiment,TK-PB-Drahi_1-d1-HOM-UHI-79830456b8-r5,5,TWO_STAGE_RH,LEXMMFPEA,18,5,lex_phase_5,1.112527847290039,0.09928297996520996,0.09720301628112793,1927.3125
oos_experiment,TK-PB-Drahi_1-d1-HOM-UHI-79830456b8-r5,5,TWO_STAGE_RH,LEXMMFPEA,18,5,lex_phase_5,0.6569180488586426,0.1067800521850586,0.10419297218322754,1947.515625
oos_experiment,TK-PB-Drahi_1-d1-HOM-UHI-79830456b8-r5,5,TWO_STAGE_RH,LEXMMFPEA,18,6,economic_tie_break,1.112527847290039,13.025343894958496,13.022322177886963,1927.3125
oos_experiment,TK-PB-Drahi_1-d1-HOM-UHI-79830456b8-r5,5,TWO_STAGE_RH,LEXMMFPEA,18,6,economic_tie_break,0.6569180488586426,18.53615403175354,18.53341317176819,1947.515625
oos_experiment,TK-PB-Drahi_1-d1-HOM-UHI-79830456b8-r5,5,TWO_STAGE_RH,LEXMMFPEA,19,1,lex_phase_1,1.112527847290039,0.999575138092041,0.3374629020690918,1927.3125
oos_experiment,TK-PB-Drahi_1-d1-HOM-UHI-79830456b8-r5,5,TWO_STAGE_RH,LEXMMFPEA,19,1,lex_phase_1,0.6569180488586426,1.028562068939209,0.346782922744751,1947.515625
oos_experiment,TK-PB-Drahi_1-d1-HOM-UHI-79830456b8-r5,5,TWO_STAGE_RH,LEXMMFPEA,19,2,lex_phase_2,1.112527847290039,0.11726212501525879,0.11467409133911133,1927.3125
oos_experiment,TK-PB-Drahi_1-d1-HOM-UHI-79830456b8-r5,5,TWO_STAGE_RH,LEXMMFPEA,19,2,lex_phase_2,0.6569180488586426,0.11781001091003418,0.11539912223815918,1947.515625
oos_experiment,TK-PB-Drahi_1-d1-HOM-UHI-79830456b8-r5,5,TWO_STAGE_RH,LEXMMFPEA,19,3,lex_phase_3,1.112527847290039,0.11579203605651855,0.11312985420227051,1927.3125
oos_experiment,TK-PB-Drahi_1-d1-HOM-UHI-79830456b8-r5,5,TWO_STAGE_RH,LEXMMFPEA,19,3,lex_phase_3,0.6569180488586426,0.11615586280822754,0.11341285705566406,1947.515625
oos_experiment,TK-PB-Drahi_1-d1-HOM-UHI-79830456b8-r5,5,TWO_STAGE_RH,LEXMMFPEA,19,4,lex_phase_4,1.112527847290039,0.11133480072021484,0.10858798027038574,1927.3125
oos_experiment,TK-PB-Drahi_1-d1-HOM-UHI-79830456b8-r5,5,TWO_STAGE_RH,LEXMMFPEA,19,4,lex_phase_4,0.6569180488586426,0.11264419555664062,0.11000299453735352,1947.515625
oos_experiment,TK-PB-Drahi_1-d1-HOM-UHI-79830456b8-r5,5,TWO_STAGE_RH,LEXMMFPEA,19,5,lex_phase_5,1.112527847290039,0.09928297996520996,0.09720301628112793,1927.3125
oos_experiment,TK-PB-Drahi_1-d1-HOM-UHI-79830456b8-r5,5,TWO_STAGE_RH,LEXMMFPEA,19,5,lex_phase_5,0.6569180488586426,0.1067800521850586,0.10419297218322754,1947.515625
oos_experiment,TK-PB-Drahi_1-d1-HOM-UHI-79830456b8-r5,5,TWO_STAGE_RH,LEXMMFPEA,19,6,economic_tie_break,1.112527847290039,13.025343894958496,13.022322177886963,1927.3125
oos_experiment,TK-PB-Drahi_1-d1-HOM-UHI-79830456b8-r5,5,TWO_STAGE_RH,LEXMMFPEA,19,6,economic_tie_break,0.6569180488586426,18.53615403175354,18.53341317176819,1947.515625
oos_experiment,TK-PB-Drahi_1-d1-HOM-UHI-79830456b8-r5,5,TWO_STAGE_RH,LEXMMFPEA,20,1,lex_phase_1,1.112527847290039,0.999575138092041,0.3374629020690918,1927.3125
oos_experiment,TK-PB-Drahi_1-d1-HOM-UHI-79830456b8-r5,5,TWO_STAGE_RH,LEXMMFPEA,20,1,lex_phase_1,0.6569180488586426,1.028562068939209,0.346782922744751,1947.515625
oos_experiment,TK-PB-Drahi_1-d1-HOM-UHI-79830456b8-r5,5,TWO_STAGE_RH,LEXMMFPEA,20,2,lex_phase_2,1.112527847290039,0.11726212501525879,0.11467409133911133,1927.3125
oos_experiment,TK-PB-Drahi_1-d1-HOM-UHI-79830456b8-r5,5,TWO_STAGE_RH,LEXMMFPEA,20,2,lex_phase_2,0.6569180488586426,0.11781001091003418,0.11539912223815918,1947.515625
oos_experiment,TK-PB-Drahi_1-d1-HOM-UHI-79830456b8-r5,5,TWO_STAGE_RH,LEXMMFPEA,20,3,lex_phase_3,1.112527847290039,0.11579203605651855,0.11312985420227051,1927.3125
oos_experiment,TK-PB-Drahi_1-d1-HOM-UHI-79830456b8-r5,5,TWO_STAGE_RH,LEXMMFPEA,20,3,lex_phase_3,0.6569180488586426,0.11615586280822754,0.11341285705566406,1947.515625
oos_experiment,TK-PB-Drahi_1-d1-HOM-UHI-79830456b8-r5,5,TWO_STAGE_RH,LEXMMFPEA,20,4,lex_phase_4,1.112527847290039,0.11133480072021484,0.10858798027038574,1927.3125
oos_experiment,TK-PB-Drahi_1-d1-HOM-UHI-79830456b8-r5,5,TWO_STAGE_RH,LEXMMFPEA,20,4,lex_phase_4,0.6569180488586426,0.11264419555664062,0.11000299453735352,1947.515625
oos_experiment,TK-PB-Drahi_1-d1-HOM-UHI-79830456b8-r5,5,TWO_STAGE_RH,LEXMMFPEA,20,5,lex_phase_5,1.112527847290039,0.09928297996520996,0.09720301628112793,1927.3125
oos_experiment,TK-PB-Drahi_1-d1-HOM-UHI-79830456b8-r5,5,TWO_STAGE_RH,LEXMMFPEA,20,5,lex_phase_5,0.6569180488586426,0.1067800521850586,0.10419297218322754,1947.515625
oos_experiment,TK-PB-Drahi_1-d1-HOM-UHI-79830456b8-r5,5,TWO_STAGE_RH,LEXMMFPEA,20,6,economic_tie_break,1.112527847290039,13.025343894958496,13.022322177886963,1927.3125
oos_experiment,TK-PB-Drahi_1-d1-HOM-UHI-79830456b8-r5,5,TWO_STAGE_RH,LEXMMFPEA,20,6,economic_tie_break,0.6569180488586426,18.53615403175354,18.53341317176819,1947.515625
oos_experiment,TK-PB-Drahi_1-d1-HOM-UHI-79830456b8-r5,5,TWO_STAGE_RH,LEXMMFPEA,21,1,lex_phase_1,0.5107691287994385,0.9926669597625732,0.3429758548736572,1927.3125
oos_experiment,TK-PB-Drahi_1-d1-HOM-UHI-79830456b8-r5,5,TWO_STAGE_RH,LEXMMFPEA,21,1,lex_phase_1,1.1849620342254639,1.0891289710998535,0.3559858798980713,1947.515625
oos_experiment,TK-PB-Drahi_1-d1-HOM-UHI-79830456b8-r5,5,TWO_STAGE_RH,LEXMMFPEA,21,2,lex_phase_2,0.5107691287994385,0.1105959415435791,0.10830402374267578,1927.3125
oos_experiment,TK-PB-Drahi_1-d1-HOM-UHI-79830456b8-r5,5,TWO_STAGE_RH,LEXMMFPEA,21,2,lex_phase_2,1.1849620342254639,0.10458707809448242,0.10178494453430176,1947.515625
oos_experiment,TK-PB-Drahi_1-d1-HOM-UHI-79830456b8-r5,5,TWO_STAGE_RH,LEXMMFPEA,21,3,lex_phase_3,0.5107691287994385,0.11119699478149414,0.10848784446716309,1927.3125
oos_experiment,TK-PB-Drahi_1-d1-HOM-UHI-79830456b8-r5,5,TWO_STAGE_RH,LEXMMFPEA,21,3,lex_phase_3,1.1849620342254639,0.0847928524017334,0.08275198936462402,1947.515625
oos_experiment,TK-PB-Drahi_1-d1-HOM-UHI-79830456b8-r5,5,TWO_STAGE_RH,LEXMMFPEA,21,4,lex_phase_4,0.5107691287994385,0.10964798927307129,0.10747504234313965,1927.3125
oos_experiment,TK-PB-Drahi_1-d1-HOM-UHI-79830456b8-r5,5,TWO_STAGE_RH,LEXMMFPEA,21,4,lex_phase_4,1.1849620342254639,0.10179400444030762,0.09960103034973145,1947.515625
oos_experiment,TK-PB-Drahi_1-d1-HOM-UHI-79830456b8-r5,5,TWO_STAGE_RH,LEXMMFPEA,21,5,lex_phase_5,0.5107691287994385,0.09100508689880371,0.0890049934387207,1927.3125
oos_experiment,TK-PB-Drahi_1-d1-HOM-UHI-79830456b8-r5,5,TWO_STAGE_RH,LEXMMFPEA,21,5,lex_phase_5,1.1849620342254639,0.08447480201721191,0.0815739631652832,1947.515625
oos_experiment,TK-PB-Drahi_1-d1-HOM-UHI-79830456b8-r5,5,TWO_STAGE_RH,LEXMMFPEA,21,6,economic_tie_break,0.5107691287994385,95.16807389259338,95.16586804389954,1927.3125
oos_experiment,TK-PB-Drahi_1-d1-HOM-UHI-79830456b8-r5,5,TWO_STAGE_RH,LEXMMFPEA,21,6,economic_tie_break,1.1849620342254639,97.20162916183472,97.19887399673462,1947.515625
oos_experiment,TK-PB-Drahi_1-d1-HOM-UHI-79830456b8-r5,5,TWO_STAGE_RH,LEXMMFPEA,22,1,lex_phase_1,0.5107691287994385,0.9926669597625732,0.3429758548736572,1927.3125
oos_experiment,TK-PB-Drahi_1-d1-HOM-UHI-79830456b8-r5,5,TWO_STAGE_RH,LEXMMFPEA,22,1,lex_phase_1,1.1849620342254639,1.0891289710998535,0.3559858798980713,1947.515625
oos_experiment,TK-PB-Drahi_1-d1-HOM-UHI-79830456b8-r5,5,TWO_STAGE_RH,LEXMMFPEA,22,2,lex_phase_2,0.5107691287994385,0.1105959415435791,0.10830402374267578,1927.3125
oos_experiment,TK-PB-Drahi_1-d1-HOM-UHI-79830456b8-r5,5,TWO_STAGE_RH,LEXMMFPEA,22,2,lex_phase_2,1.1849620342254639,0.10458707809448242,0.10178494453430176,1947.515625
oos_experiment,TK-PB-Drahi_1-d1-HOM-UHI-79830456b8-r5,5,TWO_STAGE_RH,LEXMMFPEA,22,3,lex_phase_3,0.5107691287994385,0.11119699478149414,0.10848784446716309,1927.3125
oos_experiment,TK-PB-Drahi_1-d1-HOM-UHI-79830456b8-r5,5,TWO_STAGE_RH,LEXMMFPEA,22,3,lex_phase_3,1.1849620342254639,0.0847928524017334,0.08275198936462402,1947.515625
oos_experiment,TK-PB-Drahi_1-d1-HOM-UHI-79830456b8-r5,5,TWO_STAGE_RH,LEXMMFPEA,22,4,lex_phase_4,0.5107691287994385,0.10964798927307129,0.10747504234313965,1927.3125
oos_experiment,TK-PB-Drahi_1-d1-HOM-UHI-79830456b8-r5,5,TWO_STAGE_RH,LEXMMFPEA,22,4,lex_phase_4,1.1849620342254639,0.10179400444030762,0.09960103034973145,1947.515625
oos_experiment,TK-PB-Drahi_1-d1-HOM-UHI-79830456b8-r5,5,TWO_STAGE_RH,LEXMMFPEA,22,5,lex_phase_5,0.5107691287994385,0.09100508689880371,0.0890049934387207,1927.3125
oos_experiment,TK-PB-Drahi_1-d1-HOM-UHI-79830456b8-r5,5,TWO_STAGE_RH,LEXMMFPEA,22,5,lex_phase_5,1.1849620342254639,0.08447480201721191,0.0815739631652832,1947.515625
oos_experiment,TK-PB-Drahi_1-d1-HOM-UHI-79830456b8-r5,5,TWO_STAGE_RH,LEXMMFPEA,22,6,economic_tie_break,0.5107691287994385,95.16807389259338,95.16586804389954,1927.3125
oos_experiment,TK-PB-Drahi_1-d1-HOM-UHI-79830456b8-r5,5,TWO_STAGE_RH,LEXMMFPEA,22,6,economic_tie_break,1.1849620342254639,97.20162916183472,97.19887399673462,1947.515625
oos_experiment,TK-PB-Drahi_1-d1-HOM-UHI-79830456b8-r5,5,TWO_STAGE_RH,LEXMMFPEA,23,1,lex_phase_1,0.5107691287994385,0.9926669597625732,0.3429758548736572,1927.3125
oos_experiment,TK-PB-Drahi_1-d1-HOM-UHI-79830456b8-r5,5,TWO_STAGE_RH,LEXMMFPEA,23,1,lex_phase_1,1.1849620342254639,1.0891289710998535,0.3559858798980713,1947.515625
oos_experiment,TK-PB-Drahi_1-d1-HOM-UHI-79830456b8-r5,5,TWO_STAGE_RH,LEXMMFPEA,23,2,lex_phase_2,0.5107691287994385,0.1105959415435791,0.10830402374267578,1927.3125
oos_experiment,TK-PB-Drahi_1-d1-HOM-UHI-79830456b8-r5,5,TWO_STAGE_RH,LEXMMFPEA,23,2,lex_phase_2,1.1849620342254639,0.10458707809448242,0.10178494453430176,1947.515625
oos_experiment,TK-PB-Drahi_1-d1-HOM-UHI-79830456b8-r5,5,TWO_STAGE_RH,LEXMMFPEA,23,3,lex_phase_3,0.5107691287994385,0.11119699478149414,0.10848784446716309,1927.3125
oos_experiment,TK-PB-Drahi_1-d1-HOM-UHI-79830456b8-r5,5,TWO_STAGE_RH,LEXMMFPEA,23,3,lex_phase_3,1.1849620342254639,0.0847928524017334,0.08275198936462402,1947.515625
oos_experiment,TK-PB-Drahi_1-d1-HOM-UHI-79830456b8-r5,5,TWO_STAGE_RH,LEXMMFPEA,23,4,lex_phase_4,0.5107691287994385,0.10964798927307129,0.10747504234313965,1927.3125
oos_experiment,TK-PB-Drahi_1-d1-HOM-UHI-79830456b8-r5,5,TWO_STAGE_RH,LEXMMFPEA,23,4,lex_phase_4,1.1849620342254639,0.10179400444030762,0.09960103034973145,1947.515625
oos_experiment,TK-PB-Drahi_1-d1-HOM-UHI-79830456b8-r5,5,TWO_STAGE_RH,LEXMMFPEA,23,5,lex_phase_5,0.5107691287994385,0.09100508689880371,0.0890049934387207,1927.3125
oos_experiment,TK-PB-Drahi_1-d1-HOM-UHI-79830456b8-r5,5,TWO_STAGE_RH,LEXMMFPEA,23,5,lex_phase_5,1.1849620342254639,0.08447480201721191,0.0815739631652832,1947.515625
oos_experiment,TK-PB-Drahi_1-d1-HOM-UHI-79830456b8-r5,5,TWO_STAGE_RH,LEXMMFPEA,23,6,economic_tie_break,0.5107691287994385,95.16807389259338,95.16586804389954,1927.3125
oos_experiment,TK-PB-Drahi_1-d1-HOM-UHI-79830456b8-r5,5,TWO_STAGE_RH,LEXMMFPEA,23,6,economic_tie_break,1.1849620342254639,97.20162916183472,97.19887399673462,1947.515625
oos_experiment,TK-PB-Drahi_1-d1-HOM-UHI-79830456b8-r5,5,TWO_STAGE_RH,LEXMMFPEA,24,1,lex_phase_1,0.5107691287994385,0.9926669597625732,0.3429758548736572,1927.3125
oos_experiment,TK-PB-Drahi_1-d1-HOM-UHI-79830456b8-r5,5,TWO_STAGE_RH,LEXMMFPEA,24,1,lex_phase_1,1.1849620342254639,1.0891289710998535,0.3559858798980713,1947.515625
oos_experiment,TK-PB-Drahi_1-d1-HOM-UHI-79830456b8-r5,5,TWO_STAGE_RH,LEXMMFPEA,24,2,lex_phase_2,0.5107691287994385,0.1105959415435791,0.10830402374267578,1927.3125
oos_experiment,TK-PB-Drahi_1-d1-HOM-UHI-79830456b8-r5,5,TWO_STAGE_RH,LEXMMFPEA,24,2,lex_phase_2,1.1849620342254639,0.10458707809448242,0.10178494453430176,1947.515625
oos_experiment,TK-PB-Drahi_1-d1-HOM-UHI-79830456b8-r5,5,TWO_STAGE_RH,LEXMMFPEA,24,3,lex_phase_3,0.5107691287994385,0.11119699478149414,0.10848784446716309,1927.3125
oos_experiment,TK-PB-Drahi_1-d1-HOM-UHI-79830456b8-r5,5,TWO_STAGE_RH,LEXMMFPEA,24,3,lex_phase_3,1.1849620342254639,0.0847928524017334,0.08275198936462402,1947.515625
oos_experiment,TK-PB-Drahi_1-d1-HOM-UHI-79830456b8-r5,5,TWO_STAGE_RH,LEXMMFPEA,24,4,lex_phase_4,0.5107691287994385,0.10964798927307129,0.10747504234313965,1927.3125
oos_experiment,TK-PB-Drahi_1-d1-HOM-UHI-79830456b8-r5,5,TWO_STAGE_RH,LEXMMFPEA,24,4,lex_phase_4,1.1849620342254639,0.10179400444030762,0.09960103034973145,1947.515625
oos_experiment,TK-PB-Drahi_1-d1-HOM-UHI-79830456b8-r5,5,TWO_STAGE_RH,LEXMMFPEA,24,5,lex_phase_5,0.5107691287994385,0.09100508689880371,0.0890049934387207,1927.3125
oos_experiment,TK-PB-Drahi_1-d1-HOM-UHI-79830456b8-r5,5,TWO_STAGE_RH,LEXMMFPEA,24,5,lex_phase_5,1.1849620342254639,0.08447480201721191,0.0815739631652832,1947.515625
oos_experiment,TK-PB-Drahi_1-d1-HOM-UHI-79830456b8-r5,5,TWO_STAGE_RH,LEXMMFPEA,24,6,economic_tie_break,0.5107691287994385,95.16807389259338,95.16586804389954,1927.3125
oos_experiment,TK-PB-Drahi_1-d1-HOM-UHI-79830456b8-r5,5,TWO_STAGE_RH,LEXMMFPEA,24,6,economic_tie_break,1.1849620342254639,97.20162916183472,97.19887399673462,1947.515625
oos_experiment,TK-PB-Drahi_1-d1-HOM-UHI-79830456b8-r5,5,TWO_STAGE_RH,LEXMMFSA,1,1,lex_phase_1,0.556473970413208,218.12901210784912,217.40856099128723,1927.3125
oos_experiment,TK-PB-Drahi_1-d1-HOM-UHI-79830456b8-r5,5,TWO_STAGE_RH,LEXMMFSA,1,1,lex_phase_1,0.5670990943908691,67.23706102371216,66.47548294067383,1947.515625
oos_experiment,TK-PB-Drahi_1-d1-HOM-UHI-79830456b8-r5,5,TWO_STAGE_RH,LEXMMFSA,1,2,lex_phase_2,0.556473970413208,0.13651418685913086,0.134368896484375,1927.3125
oos_experiment,TK-PB-Drahi_1-d1-HOM-UHI-79830456b8-r5,5,TWO_STAGE_RH,LEXMMFSA,1,2,lex_phase_2,0.5670990943908691,0.15645194053649902,0.15387296676635742,1947.515625
oos_experiment,TK-PB-Drahi_1-d1-HOM-UHI-79830456b8-r5,5,TWO_STAGE_RH,LEXMMFSA,1,3,lex_phase_3,0.556473970413208,0.13660907745361328,0.1339740753173828,1927.3125
oos_experiment,TK-PB-Drahi_1-d1-HOM-UHI-79830456b8-r5,5,TWO_STAGE_RH,LEXMMFSA,1,3,lex_phase_3,0.5670990943908691,0.16208481788635254,0.1593329906463623,1947.515625
oos_experiment,TK-PB-Drahi_1-d1-HOM-UHI-79830456b8-r5,5,TWO_STAGE_RH,LEXMMFSA,1,4,lex_phase_4,0.556473970413208,0.12017512321472168,0.1174929141998291,1927.3125
oos_experiment,TK-PB-Drahi_1-d1-HOM-UHI-79830456b8-r5,5,TWO_STAGE_RH,LEXMMFSA,1,4,lex_phase_4,0.5670990943908691,0.16287589073181152,0.16061997413635254,1947.515625
oos_experiment,TK-PB-Drahi_1-d1-HOM-UHI-79830456b8-r5,5,TWO_STAGE_RH,LEXMMFSA,1,5,lex_phase_5,0.556473970413208,0.13150286674499512,0.1289658546447754,1927.3125
oos_experiment,TK-PB-Drahi_1-d1-HOM-UHI-79830456b8-r5,5,TWO_STAGE_RH,LEXMMFSA,1,5,lex_phase_5,0.5670990943908691,0.1381680965423584,0.13553118705749512,1947.515625
oos_experiment,TK-PB-Drahi_1-d1-HOM-UHI-79830456b8-r5,5,TWO_STAGE_RH,LEXMMFSA,1,6,economic_tie_break,0.556473970413208,0.09836006164550781,0.09554314613342285,1927.3125
oos_experiment,TK-PB-Drahi_1-d1-HOM-UHI-79830456b8-r5,5,TWO_STAGE_RH,LEXMMFSA,1,6,economic_tie_break,0.5670990943908691,0.09493088722229004,0.09202098846435547,1947.515625
oos_experiment,TK-PB-Drahi_1-d1-HOM-UHI-79830456b8-r5,5,TWO_STAGE_RH,LEXMMFSA,2,1,lex_phase_1,0.556473970413208,218.12901210784912,217.40856099128723,1927.3125
oos_experiment,TK-PB-Drahi_1-d1-HOM-UHI-79830456b8-r5,5,TWO_STAGE_RH,LEXMMFSA,2,1,lex_phase_1,0.5670990943908691,67.23706102371216,66.47548294067383,1947.515625
oos_experiment,TK-PB-Drahi_1-d1-HOM-UHI-79830456b8-r5,5,TWO_STAGE_RH,LEXMMFSA,2,2,lex_phase_2,0.556473970413208,0.13651418685913086,0.134368896484375,1927.3125
oos_experiment,TK-PB-Drahi_1-d1-HOM-UHI-79830456b8-r5,5,TWO_STAGE_RH,LEXMMFSA,2,2,lex_phase_2,0.5670990943908691,0.15645194053649902,0.15387296676635742,1947.515625
oos_experiment,TK-PB-Drahi_1-d1-HOM-UHI-79830456b8-r5,5,TWO_STAGE_RH,LEXMMFSA,2,3,lex_phase_3,0.556473970413208,0.13660907745361328,0.1339740753173828,1927.3125
oos_experiment,TK-PB-Drahi_1-d1-HOM-UHI-79830456b8-r5,5,TWO_STAGE_RH,LEXMMFSA,2,3,lex_phase_3,0.5670990943908691,0.16208481788635254,0.1593329906463623,1947.515625
oos_experiment,TK-PB-Drahi_1-d1-HOM-UHI-79830456b8-r5,5,TWO_STAGE_RH,LEXMMFSA,2,4,lex_phase_4,0.556473970413208,0.12017512321472168,0.1174929141998291,1927.3125
oos_experiment,TK-PB-Drahi_1-d1-HOM-UHI-79830456b8-r5,5,TWO_STAGE_RH,LEXMMFSA,2,4,lex_phase_4,0.5670990943908691,0.16287589073181152,0.16061997413635254,1947.515625
oos_experiment,TK-PB-Drahi_1-d1-HOM-UHI-79830456b8-r5,5,TWO_STAGE_RH,LEXMMFSA,2,5,lex_phase_5,0.556473970413208,0.13150286674499512,0.1289658546447754,1927.3125
oos_experiment,TK-PB-Drahi_1-d1-HOM-UHI-79830456b8-r5,5,TWO_STAGE_RH,LEXMMFSA,2,5,lex_phase_5,0.5670990943908691,0.1381680965423584,0.13553118705749512,1947.515625
oos_experiment,TK-PB-Drahi_1-d1-HOM-UHI-79830456b8-r5,5,TWO_STAGE_RH,LEXMMFSA,2,6,economic_tie_break,0.556473970413208,0.09836006164550781,0.09554314613342285,1927.3125
oos_experiment,TK-PB-Drahi_1-d1-HOM-UHI-79830456b8-r5,5,TWO_STAGE_RH,LEXMMFSA,2,6,economic_tie_break,0.5670990943908691,0.09493088722229004,0.09202098846435547,1947.515625
oos_experiment,TK-PB-Drahi_1-d1-HOM-UHI-79830456b8-r5,5,TWO_STAGE_RH,LEXMMFSA,3,1,lex_phase_1,0.556473970413208,218.12901210784912,217.40856099128723,1927.3125
oos_experiment,TK-PB-Drahi_1-d1-HOM-UHI-79830456b8-r5,5,TWO_STAGE_RH,LEXMMFSA,3,1,lex_phase_1,0.5670990943908691,67.23706102371216,66.47548294067383,1947.515625
oos_experiment,TK-PB-Drahi_1-d1-HOM-UHI-79830456b8-r5,5,TWO_STAGE_RH,LEXMMFSA,3,2,lex_phase_2,0.556473970413208,0.13651418685913086,0.134368896484375,1927.3125
oos_experiment,TK-PB-Drahi_1-d1-HOM-UHI-79830456b8-r5,5,TWO_STAGE_RH,LEXMMFSA,3,2,lex_phase_2,0.5670990943908691,0.15645194053649902,0.15387296676635742,1947.515625
oos_experiment,TK-PB-Drahi_1-d1-HOM-UHI-79830456b8-r5,5,TWO_STAGE_RH,LEXMMFSA,3,3,lex_phase_3,0.556473970413208,0.13660907745361328,0.1339740753173828,1927.3125
oos_experiment,TK-PB-Drahi_1-d1-HOM-UHI-79830456b8-r5,5,TWO_STAGE_RH,LEXMMFSA,3,3,lex_phase_3,0.5670990943908691,0.16208481788635254,0.1593329906463623,1947.515625
oos_experiment,TK-PB-Drahi_1-d1-HOM-UHI-79830456b8-r5,5,TWO_STAGE_RH,LEXMMFSA,3,4,lex_phase_4,0.556473970413208,0.12017512321472168,0.1174929141998291,1927.3125
oos_experiment,TK-PB-Drahi_1-d1-HOM-UHI-79830456b8-r5,5,TWO_STAGE_RH,LEXMMFSA,3,4,lex_phase_4,0.5670990943908691,0.16287589073181152,0.16061997413635254,1947.515625
oos_experiment,TK-PB-Drahi_1-d1-HOM-UHI-79830456b8-r5,5,TWO_STAGE_RH,LEXMMFSA,3,5,lex_phase_5,0.556473970413208,0.13150286674499512,0.1289658546447754,1927.3125
oos_experiment,TK-PB-Drahi_1-d1-HOM-UHI-79830456b8-r5,5,TWO_STAGE_RH,LEXMMFSA,3,5,lex_phase_5,0.5670990943908691,0.1381680965423584,0.13553118705749512,1947.515625
oos_experiment,TK-PB-Drahi_1-d1-HOM-UHI-79830456b8-r5,5,TWO_STAGE_RH,LEXMMFSA,3,6,economic_tie_break,0.556473970413208,0.09836006164550781,0.09554314613342285,1927.3125
oos_experiment,TK-PB-Drahi_1-d1-HOM-UHI-79830456b8-r5,5,TWO_STAGE_RH,LEXMMFSA,3,6,economic_tie_break,0.5670990943908691,0.09493088722229004,0.09202098846435547,1947.515625
oos_experiment,TK-PB-Drahi_1-d1-HOM-UHI-79830456b8-r5,5,TWO_STAGE_RH,LEXMMFSA,4,1,lex_phase_1,0.556473970413208,218.12901210784912,217.40856099128723,1927.3125
oos_experiment,TK-PB-Drahi_1-d1-HOM-UHI-79830456b8-r5,5,TWO_STAGE_RH,LEXMMFSA,4,1,lex_phase_1,0.5670990943908691,67.23706102371216,66.47548294067383,1947.515625
oos_experiment,TK-PB-Drahi_1-d1-HOM-UHI-79830456b8-r5,5,TWO_STAGE_RH,LEXMMFSA,4,2,lex_phase_2,0.556473970413208,0.13651418685913086,0.134368896484375,1927.3125
oos_experiment,TK-PB-Drahi_1-d1-HOM-UHI-79830456b8-r5,5,TWO_STAGE_RH,LEXMMFSA,4,2,lex_phase_2,0.5670990943908691,0.15645194053649902,0.15387296676635742,1947.515625
oos_experiment,TK-PB-Drahi_1-d1-HOM-UHI-79830456b8-r5,5,TWO_STAGE_RH,LEXMMFSA,4,3,lex_phase_3,0.556473970413208,0.13660907745361328,0.1339740753173828,1927.3125
oos_experiment,TK-PB-Drahi_1-d1-HOM-UHI-79830456b8-r5,5,TWO_STAGE_RH,LEXMMFSA,4,3,lex_phase_3,0.5670990943908691,0.16208481788635254,0.1593329906463623,1947.515625
oos_experiment,TK-PB-Drahi_1-d1-HOM-UHI-79830456b8-r5,5,TWO_STAGE_RH,LEXMMFSA,4,4,lex_phase_4,0.556473970413208,0.12017512321472168,0.1174929141998291,1927.3125
oos_experiment,TK-PB-Drahi_1-d1-HOM-UHI-79830456b8-r5,5,TWO_STAGE_RH,LEXMMFSA,4,4,lex_phase_4,0.5670990943908691,0.16287589073181152,0.16061997413635254,1947.515625
oos_experiment,TK-PB-Drahi_1-d1-HOM-UHI-79830456b8-r5,5,TWO_STAGE_RH,LEXMMFSA,4,5,lex_phase_5,0.556473970413208,0.13150286674499512,0.1289658546447754,1927.3125
oos_experiment,TK-PB-Drahi_1-d1-HOM-UHI-79830456b8-r5,5,TWO_STAGE_RH,LEXMMFSA,4,5,lex_phase_5,0.5670990943908691,0.1381680965423584,0.13553118705749512,1947.515625
oos_experiment,TK-PB-Drahi_1-d1-HOM-UHI-79830456b8-r5,5,TWO_STAGE_RH,LEXMMFSA,4,6,economic_tie_break,0.556473970413208,0.09836006164550781,0.09554314613342285,1927.3125
oos_experiment,TK-PB-Drahi_1-d1-HOM-UHI-79830456b8-r5,5,TWO_STAGE_RH,LEXMMFSA,4,6,economic_tie_break,0.5670990943908691,0.09493088722229004,0.09202098846435547,1947.515625
oos_experiment,TK-PB-Drahi_1-d1-HOM-UHI-79830456b8-r5,5,TWO_STAGE_RH,LEXMMFSA,5,1,lex_phase_1,0.43384504318237305,63.39314603805542,61.706631898880005,1927.3125
oos_experiment,TK-PB-Drahi_1-d1-HOM-UHI-79830456b8-r5,5,TWO_STAGE_RH,LEXMMFSA,5,1,lex_phase_1,0.5452768802642822,55.724114179611206,54.664868116378784,1947.515625
oos_experiment,TK-PB-Drahi_1-d1-HOM-UHI-79830456b8-r5,5,TWO_STAGE_RH,LEXMMFSA,5,2,lex_phase_2,0.43384504318237305,0.18487787246704102,0.18219995498657227,1927.3125
oos_experiment,TK-PB-Drahi_1-d1-HOM-UHI-79830456b8-r5,5,TWO_STAGE_RH,LEXMMFSA,5,2,lex_phase_2,0.5452768802642822,0.1727139949798584,0.16991305351257324,1947.515625
oos_experiment,TK-PB-Drahi_1-d1-HOM-UHI-79830456b8-r5,5,TWO_STAGE_RH,LEXMMFSA,5,3,lex_phase_3,0.43384504318237305,0.17514991760253906,0.17242002487182617,1927.3125
oos_experiment,TK-PB-Drahi_1-d1-HOM-UHI-79830456b8-r5,5,TWO_STAGE_RH,LEXMMFSA,5,3,lex_phase_3,0.5452768802642822,0.1599569320678711,0.15746307373046875,1947.515625
oos_experiment,TK-PB-Drahi_1-d1-HOM-UHI-79830456b8-r5,5,TWO_STAGE_RH,LEXMMFSA,5,4,lex_phase_4,0.43384504318237305,0.15365910530090332,0.15119600296020508,1927.3125
oos_experiment,TK-PB-Drahi_1-d1-HOM-UHI-79830456b8-r5,5,TWO_STAGE_RH,LEXMMFSA,5,4,lex_phase_4,0.5452768802642822,0.1565999984741211,0.1542072296142578,1947.515625
oos_experiment,TK-PB-Drahi_1-d1-HOM-UHI-79830456b8-r5,5,TWO_STAGE_RH,LEXMMFSA,5,5,lex_phase_5,0.43384504318237305,0.1433250904083252,0.1398608684539795,1927.3125
oos_experiment,TK-PB-Drahi_1-d1-HOM-UHI-79830456b8-r5,5,TWO_STAGE_RH,LEXMMFSA,5,5,lex_phase_5,0.5452768802642822,0.13044404983520508,0.1280231475830078,1947.515625
oos_experiment,TK-PB-Drahi_1-d1-HOM-UHI-79830456b8-r5,5,TWO_STAGE_RH,LEXMMFSA,5,6,economic_tie_break,0.43384504318237305,0.09893298149108887,0.0963280200958252,1927.3125
oos_experiment,TK-PB-Drahi_1-d1-HOM-UHI-79830456b8-r5,5,TWO_STAGE_RH,LEXMMFSA,5,6,economic_tie_break,0.5452768802642822,0.09604692459106445,0.0936131477355957,1947.515625
oos_experiment,TK-PB-Drahi_1-d1-HOM-UHI-79830456b8-r5,5,TWO_STAGE_RH,LEXMMFSA,6,1,lex_phase_1,0.43384504318237305,63.39314603805542,61.706631898880005,1927.3125
oos_experiment,TK-PB-Drahi_1-d1-HOM-UHI-79830456b8-r5,5,TWO_STAGE_RH,LEXMMFSA,6,1,lex_phase_1,0.5452768802642822,55.724114179611206,54.664868116378784,1947.515625
oos_experiment,TK-PB-Drahi_1-d1-HOM-UHI-79830456b8-r5,5,TWO_STAGE_RH,LEXMMFSA,6,2,lex_phase_2,0.43384504318237305,0.18487787246704102,0.18219995498657227,1927.3125
oos_experiment,TK-PB-Drahi_1-d1-HOM-UHI-79830456b8-r5,5,TWO_STAGE_RH,LEXMMFSA,6,2,lex_phase_2,0.5452768802642822,0.1727139949798584,0.16991305351257324,1947.515625
oos_experiment,TK-PB-Drahi_1-d1-HOM-UHI-79830456b8-r5,5,TWO_STAGE_RH,LEXMMFSA,6,3,lex_phase_3,0.43384504318237305,0.17514991760253906,0.17242002487182617,1927.3125
oos_experiment,TK-PB-Drahi_1-d1-HOM-UHI-79830456b8-r5,5,TWO_STAGE_RH,LEXMMFSA,6,3,lex_phase_3,0.5452768802642822,0.1599569320678711,0.15746307373046875,1947.515625
oos_experiment,TK-PB-Drahi_1-d1-HOM-UHI-79830456b8-r5,5,TWO_STAGE_RH,LEXMMFSA,6,4,lex_phase_4,0.43384504318237305,0.15365910530090332,0.15119600296020508,1927.3125
oos_experiment,TK-PB-Drahi_1-d1-HOM-UHI-79830456b8-r5,5,TWO_STAGE_RH,LEXMMFSA,6,4,lex_phase_4,0.5452768802642822,0.1565999984741211,0.1542072296142578,1947.515625
oos_experiment,TK-PB-Drahi_1-d1-HOM-UHI-79830456b8-r5,5,TWO_STAGE_RH,LEXMMFSA,6,5,lex_phase_5,0.43384504318237305,0.1433250904083252,0.1398608684539795,1927.3125
oos_experiment,TK-PB-Drahi_1-d1-HOM-UHI-79830456b8-r5,5,TWO_STAGE_RH,LEXMMFSA,6,5,lex_phase_5,0.5452768802642822,0.13044404983520508,0.1280231475830078,1947.515625
oos_experiment,TK-PB-Drahi_1-d1-HOM-UHI-79830456b8-r5,5,TWO_STAGE_RH,LEXMMFSA,6,6,economic_tie_break,0.43384504318237305,0.09893298149108887,0.0963280200958252,1927.3125
oos_experiment,TK-PB-Drahi_1-d1-HOM-UHI-79830456b8-r5,5,TWO_STAGE_RH,LEXMMFSA,6,6,economic_tie_break,0.5452768802642822,0.09604692459106445,0.0936131477355957,1947.515625
oos_experiment,TK-PB-Drahi_1-d1-HOM-UHI-79830456b8-r5,5,TWO_STAGE_RH,LEXMMFSA,7,1,lex_phase_1,0.43384504318237305,63.39314603805542,61.706631898880005,1927.3125
oos_experiment,TK-PB-Drahi_1-d1-HOM-UHI-79830456b8-r5,5,TWO_STAGE_RH,LEXMMFSA,7,1,lex_phase_1,0.5452768802642822,55.724114179611206,54.664868116378784,1947.515625
oos_experiment,TK-PB-Drahi_1-d1-HOM-UHI-79830456b8-r5,5,TWO_STAGE_RH,LEXMMFSA,7,2,lex_phase_2,0.43384504318237305,0.18487787246704102,0.18219995498657227,1927.3125
oos_experiment,TK-PB-Drahi_1-d1-HOM-UHI-79830456b8-r5,5,TWO_STAGE_RH,LEXMMFSA,7,2,lex_phase_2,0.5452768802642822,0.1727139949798584,0.16991305351257324,1947.515625
oos_experiment,TK-PB-Drahi_1-d1-HOM-UHI-79830456b8-r5,5,TWO_STAGE_RH,LEXMMFSA,7,3,lex_phase_3,0.43384504318237305,0.17514991760253906,0.17242002487182617,1927.3125
oos_experiment,TK-PB-Drahi_1-d1-HOM-UHI-79830456b8-r5,5,TWO_STAGE_RH,LEXMMFSA,7,3,lex_phase_3,0.5452768802642822,0.1599569320678711,0.15746307373046875,1947.515625
oos_experiment,TK-PB-Drahi_1-d1-HOM-UHI-79830456b8-r5,5,TWO_STAGE_RH,LEXMMFSA,7,4,lex_phase_4,0.43384504318237305,0.15365910530090332,0.15119600296020508,1927.3125
oos_experiment,TK-PB-Drahi_1-d1-HOM-UHI-79830456b8-r5,5,TWO_STAGE_RH,LEXMMFSA,7,4,lex_phase_4,0.5452768802642822,0.1565999984741211,0.1542072296142578,1947.515625
oos_experiment,TK-PB-Drahi_1-d1-HOM-UHI-79830456b8-r5,5,TWO_STAGE_RH,LEXMMFSA,7,5,lex_phase_5,0.43384504318237305,0.1433250904083252,0.1398608684539795,1927.3125
oos_experiment,TK-PB-Drahi_1-d1-HOM-UHI-79830456b8-r5,5,TWO_STAGE_RH,LEXMMFSA,7,5,lex_phase_5,0.5452768802642822,0.13044404983520508,0.1280231475830078,1947.515625
oos_experiment,TK-PB-Drahi_1-d1-HOM-UHI-79830456b8-r5,5,TWO_STAGE_RH,LEXMMFSA,7,6,economic_tie_break,0.43384504318237305,0.09893298149108887,0.0963280200958252,1927.3125
oos_experiment,TK-PB-Drahi_1-d1-HOM-UHI-79830456b8-r5,5,TWO_STAGE_RH,LEXMMFSA,7,6,economic_tie_break,0.5452768802642822,0.09604692459106445,0.0936131477355957,1947.515625
oos_experiment,TK-PB-Drahi_1-d1-HOM-UHI-79830456b8-r5,5,TWO_STAGE_RH,LEXMMFSA,8,1,lex_phase_1,0.43384504318237305,63.39314603805542,61.706631898880005,1927.3125
oos_experiment,TK-PB-Drahi_1-d1-HOM-UHI-79830456b8-r5,5,TWO_STAGE_RH,LEXMMFSA,8,1,lex_phase_1,0.5452768802642822,55.724114179611206,54.664868116378784,1947.515625
oos_experiment,TK-PB-Drahi_1-d1-HOM-UHI-79830456b8-r5,5,TWO_STAGE_RH,LEXMMFSA,8,2,lex_phase_2,0.43384504318237305,0.18487787246704102,0.18219995498657227,1927.3125
oos_experiment,TK-PB-Drahi_1-d1-HOM-UHI-79830456b8-r5,5,TWO_STAGE_RH,LEXMMFSA,8,2,lex_phase_2,0.5452768802642822,0.1727139949798584,0.16991305351257324,1947.515625
oos_experiment,TK-PB-Drahi_1-d1-HOM-UHI-79830456b8-r5,5,TWO_STAGE_RH,LEXMMFSA,8,3,lex_phase_3,0.43384504318237305,0.17514991760253906,0.17242002487182617,1927.3125
oos_experiment,TK-PB-Drahi_1-d1-HOM-UHI-79830456b8-r5,5,TWO_STAGE_RH,LEXMMFSA,8,3,lex_phase_3,0.5452768802642822,0.1599569320678711,0.15746307373046875,1947.515625
oos_experiment,TK-PB-Drahi_1-d1-HOM-UHI-79830456b8-r5,5,TWO_STAGE_RH,LEXMMFSA,8,4,lex_phase_4,0.43384504318237305,0.15365910530090332,0.15119600296020508,1927.3125
oos_experiment,TK-PB-Drahi_1-d1-HOM-UHI-79830456b8-r5,5,TWO_STAGE_RH,LEXMMFSA,8,4,lex_phase_4,0.5452768802642822,0.1565999984741211,0.1542072296142578,1947.515625
oos_experiment,TK-PB-Drahi_1-d1-HOM-UHI-79830456b8-r5,5,TWO_STAGE_RH,LEXMMFSA,8,5,lex_phase_5,0.43384504318237305,0.1433250904083252,0.1398608684539795,1927.3125
oos_experiment,TK-PB-Drahi_1-d1-HOM-UHI-79830456b8-r5,5,TWO_STAGE_RH,LEXMMFSA,8,5,lex_phase_5,0.5452768802642822,0.13044404983520508,0.1280231475830078,1947.515625
oos_experiment,TK-PB-Drahi_1-d1-HOM-UHI-79830456b8-r5,5,TWO_STAGE_RH,LEXMMFSA,8,6,economic_tie_break,0.43384504318237305,0.09893298149108887,0.0963280200958252,1927.3125
oos_experiment,TK-PB-Drahi_1-d1-HOM-UHI-79830456b8-r5,5,TWO_STAGE_RH,LEXMMFSA,8,6,economic_tie_break,0.5452768802642822,0.09604692459106445,0.0936131477355957,1947.515625
oos_experiment,TK-PB-Drahi_1-d1-HOM-UHI-79830456b8-r5,5,TWO_STAGE_RH,LEXMMFSA,9,1,lex_phase_1,0.33905887603759766,88.67783689498901,87.56539416313171,1927.3125
oos_experiment,TK-PB-Drahi_1-d1-HOM-UHI-79830456b8-r5,5,TWO_STAGE_RH,LEXMMFSA,9,1,lex_phase_1,0.4841158390045166,61.25573492050171,60.334744930267334,1947.515625
oos_experiment,TK-PB-Drahi_1-d1-HOM-UHI-79830456b8-r5,5,TWO_STAGE_RH,LEXMMFSA,9,2,lex_phase_2,0.33905887603759766,0.17403697967529297,0.17134881019592285,1927.3125
oos_experiment,TK-PB-Drahi_1-d1-HOM-UHI-79830456b8-r5,5,TWO_STAGE_RH,LEXMMFSA,9,2,lex_phase_2,0.4841158390045166,0.16864800453186035,0.16595792770385742,1947.515625
oos_experiment,TK-PB-Drahi_1-d1-HOM-UHI-79830456b8-r5,5,TWO_STAGE_RH,LEXMMFSA,9,3,lex_phase_3,0.33905887603759766,0.16176104545593262,0.15943098068237305,1927.3125
oos_experiment,TK-PB-Drahi_1-d1-HOM-UHI-79830456b8-r5,5,TWO_STAGE_RH,LEXMMFSA,9,3,lex_phase_3,0.4841158390045166,0.15857195854187012,0.15602517127990723,1947.515625
oos_experiment,TK-PB-Drahi_1-d1-HOM-UHI-79830456b8-r5,5,TWO_STAGE_RH,LEXMMFSA,9,4,lex_phase_4,0.33905887603759766,0.15596294403076172,0.1531679630279541,1927.3125
oos_experiment,TK-PB-Drahi_1-d1-HOM-UHI-79830456b8-r5,5,TWO_STAGE_RH,LEXMMFSA,9,4,lex_phase_4,0.4841158390045166,0.14184904098510742,0.13922595977783203,1947.515625
oos_experiment,TK-PB-Drahi_1-d1-HOM-UHI-79830456b8-r5,5,TWO_STAGE_RH,LEXMMFSA,9,5,lex_phase_5,0.33905887603759766,0.1478419303894043,0.1452479362487793,1927.3125
oos_experiment,TK-PB-Drahi_1-d1-HOM-UHI-79830456b8-r5,5,TWO_STAGE_RH,LEXMMFSA,9,5,lex_phase_5,0.4841158390045166,0.1378638744354248,0.1352980136871338,1947.515625
oos_experiment,TK-PB-Drahi_1-d1-HOM-UHI-79830456b8-r5,5,TWO_STAGE_RH,LEXMMFSA,9,6,economic_tie_break,0.33905887603759766,0.09704899787902832,0.09438490867614746,1927.3125
oos_experiment,TK-PB-Drahi_1-d1-HOM-UHI-79830456b8-r5,5,TWO_STAGE_RH,LEXMMFSA,9,6,economic_tie_break,0.4841158390045166,0.09447407722473145,0.09166789054870605,1947.515625
oos_experiment,TK-PB-Drahi_1-d1-HOM-UHI-79830456b8-r5,5,TWO_STAGE_RH,LEXMMFSA,10,1,lex_phase_1,0.33905887603759766,88.67783689498901,87.56539416313171,1927.3125
oos_experiment,TK-PB-Drahi_1-d1-HOM-UHI-79830456b8-r5,5,TWO_STAGE_RH,LEXMMFSA,10,1,lex_phase_1,0.4841158390045166,61.25573492050171,60.334744930267334,1947.515625
oos_experiment,TK-PB-Drahi_1-d1-HOM-UHI-79830456b8-r5,5,TWO_STAGE_RH,LEXMMFSA,10,2,lex_phase_2,0.33905887603759766,0.17403697967529297,0.17134881019592285,1927.3125
oos_experiment,TK-PB-Drahi_1-d1-HOM-UHI-79830456b8-r5,5,TWO_STAGE_RH,LEXMMFSA,10,2,lex_phase_2,0.4841158390045166,0.16864800453186035,0.16595792770385742,1947.515625
oos_experiment,TK-PB-Drahi_1-d1-HOM-UHI-79830456b8-r5,5,TWO_STAGE_RH,LEXMMFSA,10,3,lex_phase_3,0.33905887603759766,0.16176104545593262,0.15943098068237305,1927.3125
oos_experiment,TK-PB-Drahi_1-d1-HOM-UHI-79830456b8-r5,5,TWO_STAGE_RH,LEXMMFSA,10,3,lex_phase_3,0.4841158390045166,0.15857195854187012,0.15602517127990723,1947.515625
oos_experiment,TK-PB-Drahi_1-d1-HOM-UHI-79830456b8-r5,5,TWO_STAGE_RH,LEXMMFSA,10,4,lex_phase_4,0.33905887603759766,0.15596294403076172,0.1531679630279541,1927.3125
oos_experiment,TK-PB-Drahi_1-d1-HOM-UHI-79830456b8-r5,5,TWO_STAGE_RH,LEXMMFSA,10,4,lex_phase_4,0.4841158390045166,0.14184904098510742,0.13922595977783203,1947.515625
oos_experiment,TK-PB-Drahi_1-d1-HOM-UHI-79830456b8-r5,5,TWO_STAGE_RH,LEXMMFSA,10,5,lex_phase_5,0.33905887603759766,0.1478419303894043,0.1452479362487793,1927.3125
oos_experiment,TK-PB-Drahi_1-d1-HOM-UHI-79830456b8-r5,5,TWO_STAGE_RH,LEXMMFSA,10,5,lex_phase_5,0.4841158390045166,0.1378638744354248,0.1352980136871338,1947.515625
oos_experiment,TK-PB-Drahi_1-d1-HOM-UHI-79830456b8-r5,5,TWO_STAGE_RH,LEXMMFSA,10,6,economic_tie_break,0.33905887603759766,0.09704899787902832,0.09438490867614746,1927.3125
oos_experiment,TK-PB-Drahi_1-d1-HOM-UHI-79830456b8-r5,5,TWO_STAGE_RH,LEXMMFSA,10,6,economic_tie_break,0.4841158390045166,0.09447407722473145,0.09166789054870605,1947.515625
oos_experiment,TK-PB-Drahi_1-d1-HOM-UHI-79830456b8-r5,5,TWO_STAGE_RH,LEXMMFSA,11,1,lex_phase_1,0.33905887603759766,88.67783689498901,87.56539416313171,1927.3125
oos_experiment,TK-PB-Drahi_1-d1-HOM-UHI-79830456b8-r5,5,TWO_STAGE_RH,LEXMMFSA,11,1,lex_phase_1,0.4841158390045166,61.25573492050171,60.334744930267334,1947.515625
oos_experiment,TK-PB-Drahi_1-d1-HOM-UHI-79830456b8-r5,5,TWO_STAGE_RH,LEXMMFSA,11,2,lex_phase_2,0.33905887603759766,0.17403697967529297,0.17134881019592285,1927.3125
oos_experiment,TK-PB-Drahi_1-d1-HOM-UHI-79830456b8-r5,5,TWO_STAGE_RH,LEXMMFSA,11,2,lex_phase_2,0.4841158390045166,0.16864800453186035,0.16595792770385742,1947.515625
oos_experiment,TK-PB-Drahi_1-d1-HOM-UHI-79830456b8-r5,5,TWO_STAGE_RH,LEXMMFSA,11,3,lex_phase_3,0.33905887603759766,0.16176104545593262,0.15943098068237305,1927.3125
oos_experiment,TK-PB-Drahi_1-d1-HOM-UHI-79830456b8-r5,5,TWO_STAGE_RH,LEXMMFSA,11,3,lex_phase_3,0.4841158390045166,0.15857195854187012,0.15602517127990723,1947.515625
oos_experiment,TK-PB-Drahi_1-d1-HOM-UHI-79830456b8-r5,5,TWO_STAGE_RH,LEXMMFSA,11,4,lex_phase_4,0.33905887603759766,0.15596294403076172,0.1531679630279541,1927.3125
oos_experiment,TK-PB-Drahi_1-d1-HOM-UHI-79830456b8-r5,5,TWO_STAGE_RH,LEXMMFSA,11,4,lex_phase_4,0.4841158390045166,0.14184904098510742,0.13922595977783203,1947.515625
oos_experiment,TK-PB-Drahi_1-d1-HOM-UHI-79830456b8-r5,5,TWO_STAGE_RH,LEXMMFSA,11,5,lex_phase_5,0.33905887603759766,0.1478419303894043,0.1452479362487793,1927.3125
oos_experiment,TK-PB-Drahi_1-d1-HOM-UHI-79830456b8-r5,5,TWO_STAGE_RH,LEXMMFSA,11,5,lex_phase_5,0.4841158390045166,0.1378638744354248,0.1352980136871338,1947.515625
oos_experiment,TK-PB-Drahi_1-d1-HOM-UHI-79830456b8-r5,5,TWO_STAGE_RH,LEXMMFSA,11,6,economic_tie_break,0.33905887603759766,0.09704899787902832,0.09438490867614746,1927.3125
oos_experiment,TK-PB-Drahi_1-d1-HOM-UHI-79830456b8-r5,5,TWO_STAGE_RH,LEXMMFSA,11,6,economic_tie_break,0.4841158390045166,0.09447407722473145,0.09166789054870605,1947.515625
oos_experiment,TK-PB-Drahi_1-d1-HOM-UHI-79830456b8-r5,5,TWO_STAGE_RH,LEXMMFSA,12,1,lex_phase_1,0.33905887603759766,88.67783689498901,87.56539416313171,1927.3125
oos_experiment,TK-PB-Drahi_1-d1-HOM-UHI-79830456b8-r5,5,TWO_STAGE_RH,LEXMMFSA,12,1,lex_phase_1,0.4841158390045166,61.25573492050171,60.334744930267334,1947.515625
oos_experiment,TK-PB-Drahi_1-d1-HOM-UHI-79830456b8-r5,5,TWO_STAGE_RH,LEXMMFSA,12,2,lex_phase_2,0.33905887603759766,0.17403697967529297,0.17134881019592285,1927.3125
oos_experiment,TK-PB-Drahi_1-d1-HOM-UHI-79830456b8-r5,5,TWO_STAGE_RH,LEXMMFSA,12,2,lex_phase_2,0.4841158390045166,0.16864800453186035,0.16595792770385742,1947.515625
oos_experiment,TK-PB-Drahi_1-d1-HOM-UHI-79830456b8-r5,5,TWO_STAGE_RH,LEXMMFSA,12,3,lex_phase_3,0.33905887603759766,0.16176104545593262,0.15943098068237305,1927.3125
oos_experiment,TK-PB-Drahi_1-d1-HOM-UHI-79830456b8-r5,5,TWO_STAGE_RH,LEXMMFSA,12,3,lex_phase_3,0.4841158390045166,0.15857195854187012,0.15602517127990723,1947.515625
oos_experiment,TK-PB-Drahi_1-d1-HOM-UHI-79830456b8-r5,5,TWO_STAGE_RH,LEXMMFSA,12,4,lex_phase_4,0.33905887603759766,0.15596294403076172,0.1531679630279541,1927.3125
oos_experiment,TK-PB-Drahi_1-d1-HOM-UHI-79830456b8-r5,5,TWO_STAGE_RH,LEXMMFSA,12,4,lex_phase_4,0.4841158390045166,0.14184904098510742,0.13922595977783203,1947.515625
oos_experiment,TK-PB-Drahi_1-d1-HOM-UHI-79830456b8-r5,5,TWO_STAGE_RH,LEXMMFSA,12,5,lex_phase_5,0.33905887603759766,0.1478419303894043,0.1452479362487793,1927.3125
oos_experiment,TK-PB-Drahi_1-d1-HOM-UHI-79830456b8-r5,5,TWO_STAGE_RH,LEXMMFSA,12,5,lex_phase_5,0.4841158390045166,0.1378638744354248,0.1352980136871338,1947.515625
oos_experiment,TK-PB-Drahi_1-d1-HOM-UHI-79830456b8-r5,5,TWO_STAGE_RH,LEXMMFSA,12,6,economic_tie_break,0.33905887603759766,0.09704899787902832,0.09438490867614746,1927.3125
oos_experiment,TK-PB-Drahi_1-d1-HOM-UHI-79830456b8-r5,5,TWO_STAGE_RH,LEXMMFSA,12,6,economic_tie_break,0.4841158390045166,0.09447407722473145,0.09166789054870605,1947.515625
oos_experiment,TK-PB-Drahi_1-d1-HOM-UHI-79830456b8-r5,5,TWO_STAGE_RH,LEXMMFSA,13,1,lex_phase_1,0.47029781341552734,58.85221791267395,57.957473039627075,1927.3125
oos_experiment,TK-PB-Drahi_1-d1-HOM-UHI-79830456b8-r5,5,TWO_STAGE_RH,LEXMMFSA,13,1,lex_phase_1,0.4590928554534912,67.72202682495117,66.71667003631592,1947.515625
oos_experiment,TK-PB-Drahi_1-d1-HOM-UHI-79830456b8-r5,5,TWO_STAGE_RH,LEXMMFSA,13,2,lex_phase_2,0.47029781341552734,0.1553049087524414,0.15273094177246094,1927.3125
oos_experiment,TK-PB-Drahi_1-d1-HOM-UHI-79830456b8-r5,5,TWO_STAGE_RH,LEXMMFSA,13,2,lex_phase_2,0.4590928554534912,0.1638779640197754,0.16114187240600586,1947.515625
oos_experiment,TK-PB-Drahi_1-d1-HOM-UHI-79830456b8-r5,5,TWO_STAGE_RH,LEXMMFSA,13,3,lex_phase_3,0.47029781341552734,0.16120195388793945,0.1587080955505371,1927.3125
oos_experiment,TK-PB-Drahi_1-d1-HOM-UHI-79830456b8-r5,5,TWO_STAGE_RH,LEXMMFSA,13,3,lex_phase_3,0.4590928554534912,0.17086505889892578,0.16805100440979004,1947.515625
oos_experiment,TK-PB-Drahi_1-d1-HOM-UHI-79830456b8-r5,5,TWO_STAGE_RH,LEXMMFSA,13,4,lex_phase_4,0.47029781341552734,0.16492104530334473,0.1624760627746582,1927.3125
oos_experiment,TK-PB-Drahi_1-d1-HOM-UHI-79830456b8-r5,5,TWO_STAGE_RH,LEXMMFSA,13,4,lex_phase_4,0.4590928554534912,0.13341999053955078,0.13103103637695312,1947.515625
oos_experiment,TK-PB-Drahi_1-d1-HOM-UHI-79830456b8-r5,5,TWO_STAGE_RH,LEXMMFSA,13,5,lex_phase_5,0.47029781341552734,0.14419102668762207,0.14154696464538574,1927.3125
oos_experiment,TK-PB-Drahi_1-d1-HOM-UHI-79830456b8-r5,5,TWO_STAGE_RH,LEXMMFSA,13,5,lex_phase_5,0.4590928554534912,0.1450519561767578,0.14237499237060547,1947.515625
oos_experiment,TK-PB-Drahi_1-d1-HOM-UHI-79830456b8-r5,5,TWO_STAGE_RH,LEXMMFSA,13,6,economic_tie_break,0.47029781341552734,0.09224796295166016,0.08986210823059082,1927.3125
oos_experiment,TK-PB-Drahi_1-d1-HOM-UHI-79830456b8-r5,5,TWO_STAGE_RH,LEXMMFSA,13,6,economic_tie_break,0.4590928554534912,0.09529399871826172,0.0926661491394043,1947.515625
oos_experiment,TK-PB-Drahi_1-d1-HOM-UHI-79830456b8-r5,5,TWO_STAGE_RH,LEXMMFSA,14,1,lex_phase_1,0.47029781341552734,58.85221791267395,57.957473039627075,1927.3125
oos_experiment,TK-PB-Drahi_1-d1-HOM-UHI-79830456b8-r5,5,TWO_STAGE_RH,LEXMMFSA,14,1,lex_phase_1,0.4590928554534912,67.72202682495117,66.71667003631592,1947.515625
oos_experiment,TK-PB-Drahi_1-d1-HOM-UHI-79830456b8-r5,5,TWO_STAGE_RH,LEXMMFSA,14,2,lex_phase_2,0.47029781341552734,0.1553049087524414,0.15273094177246094,1927.3125
oos_experiment,TK-PB-Drahi_1-d1-HOM-UHI-79830456b8-r5,5,TWO_STAGE_RH,LEXMMFSA,14,2,lex_phase_2,0.4590928554534912,0.1638779640197754,0.16114187240600586,1947.515625
oos_experiment,TK-PB-Drahi_1-d1-HOM-UHI-79830456b8-r5,5,TWO_STAGE_RH,LEXMMFSA,14,3,lex_phase_3,0.47029781341552734,0.16120195388793945,0.1587080955505371,1927.3125
oos_experiment,TK-PB-Drahi_1-d1-HOM-UHI-79830456b8-r5,5,TWO_STAGE_RH,LEXMMFSA,14,3,lex_phase_3,0.4590928554534912,0.17086505889892578,0.16805100440979004,1947.515625
oos_experiment,TK-PB-Drahi_1-d1-HOM-UHI-79830456b8-r5,5,TWO_STAGE_RH,LEXMMFSA,14,4,lex_phase_4,0.47029781341552734,0.16492104530334473,0.1624760627746582,1927.3125
oos_experiment,TK-PB-Drahi_1-d1-HOM-UHI-79830456b8-r5,5,TWO_STAGE_RH,LEXMMFSA,14,4,lex_phase_4,0.4590928554534912,0.13341999053955078,0.13103103637695312,1947.515625
oos_experiment,TK-PB-Drahi_1-d1-HOM-UHI-79830456b8-r5,5,TWO_STAGE_RH,LEXMMFSA,14,5,lex_phase_5,0.47029781341552734,0.14419102668762207,0.14154696464538574,1927.3125
oos_experiment,TK-PB-Drahi_1-d1-HOM-UHI-79830456b8-r5,5,TWO_STAGE_RH,LEXMMFSA,14,5,lex_phase_5,0.4590928554534912,0.1450519561767578,0.14237499237060547,1947.515625
oos_experiment,TK-PB-Drahi_1-d1-HOM-UHI-79830456b8-r5,5,TWO_STAGE_RH,LEXMMFSA,14,6,economic_tie_break,0.47029781341552734,0.09224796295166016,0.08986210823059082,1927.3125
oos_experiment,TK-PB-Drahi_1-d1-HOM-UHI-79830456b8-r5,5,TWO_STAGE_RH,LEXMMFSA,14,6,economic_tie_break,0.4590928554534912,0.09529399871826172,0.0926661491394043,1947.515625
oos_experiment,TK-PB-Drahi_1-d1-HOM-UHI-79830456b8-r5,5,TWO_STAGE_RH,LEXMMFSA,15,1,lex_phase_1,0.47029781341552734,58.85221791267395,57.957473039627075,1927.3125
oos_experiment,TK-PB-Drahi_1-d1-HOM-UHI-79830456b8-r5,5,TWO_STAGE_RH,LEXMMFSA,15,1,lex_phase_1,0.4590928554534912,67.72202682495117,66.71667003631592,1947.515625
oos_experiment,TK-PB-Drahi_1-d1-HOM-UHI-79830456b8-r5,5,TWO_STAGE_RH,LEXMMFSA,15,2,lex_phase_2,0.47029781341552734,0.1553049087524414,0.15273094177246094,1927.3125
oos_experiment,TK-PB-Drahi_1-d1-HOM-UHI-79830456b8-r5,5,TWO_STAGE_RH,LEXMMFSA,15,2,lex_phase_2,0.4590928554534912,0.1638779640197754,0.16114187240600586,1947.515625
oos_experiment,TK-PB-Drahi_1-d1-HOM-UHI-79830456b8-r5,5,TWO_STAGE_RH,LEXMMFSA,15,3,lex_phase_3,0.47029781341552734,0.16120195388793945,0.1587080955505371,1927.3125
oos_experiment,TK-PB-Drahi_1-d1-HOM-UHI-79830456b8-r5,5,TWO_STAGE_RH,LEXMMFSA,15,3,lex_phase_3,0.4590928554534912,0.17086505889892578,0.16805100440979004,1947.515625
oos_experiment,TK-PB-Drahi_1-d1-HOM-UHI-79830456b8-r5,5,TWO_STAGE_RH,LEXMMFSA,15,4,lex_phase_4,0.47029781341552734,0.16492104530334473,0.1624760627746582,1927.3125
oos_experiment,TK-PB-Drahi_1-d1-HOM-UHI-79830456b8-r5,5,TWO_STAGE_RH,LEXMMFSA,15,4,lex_phase_4,0.4590928554534912,0.13341999053955078,0.13103103637695312,1947.515625
oos_experiment,TK-PB-Drahi_1-d1-HOM-UHI-79830456b8-r5,5,TWO_STAGE_RH,LEXMMFSA,15,5,lex_phase_5,0.47029781341552734,0.14419102668762207,0.14154696464538574,1927.3125
oos_experiment,TK-PB-Drahi_1-d1-HOM-UHI-79830456b8-r5,5,TWO_STAGE_RH,LEXMMFSA,15,5,lex_phase_5,0.4590928554534912,0.1450519561767578,0.14237499237060547,1947.515625
oos_experiment,TK-PB-Drahi_1-d1-HOM-UHI-79830456b8-r5,5,TWO_STAGE_RH,LEXMMFSA,15,6,economic_tie_break,0.47029781341552734,0.09224796295166016,0.08986210823059082,1927.3125
oos_experiment,TK-PB-Drahi_1-d1-HOM-UHI-79830456b8-r5,5,TWO_STAGE_RH,LEXMMFSA,15,6,economic_tie_break,0.4590928554534912,0.09529399871826172,0.0926661491394043,1947.515625
oos_experiment,TK-PB-Drahi_1-d1-HOM-UHI-79830456b8-r5,5,TWO_STAGE_RH,LEXMMFSA,16,1,lex_phase_1,0.47029781341552734,58.85221791267395,57.957473039627075,1927.3125
oos_experiment,TK-PB-Drahi_1-d1-HOM-UHI-79830456b8-r5,5,TWO_STAGE_RH,LEXMMFSA,16,1,lex_phase_1,0.4590928554534912,67.72202682495117,66.71667003631592,1947.515625
oos_experiment,TK-PB-Drahi_1-d1-HOM-UHI-79830456b8-r5,5,TWO_STAGE_RH,LEXMMFSA,16,2,lex_phase_2,0.47029781341552734,0.1553049087524414,0.15273094177246094,1927.3125
oos_experiment,TK-PB-Drahi_1-d1-HOM-UHI-79830456b8-r5,5,TWO_STAGE_RH,LEXMMFSA,16,2,lex_phase_2,0.4590928554534912,0.1638779640197754,0.16114187240600586,1947.515625
oos_experiment,TK-PB-Drahi_1-d1-HOM-UHI-79830456b8-r5,5,TWO_STAGE_RH,LEXMMFSA,16,3,lex_phase_3,0.47029781341552734,0.16120195388793945,0.1587080955505371,1927.3125
oos_experiment,TK-PB-Drahi_1-d1-HOM-UHI-79830456b8-r5,5,TWO_STAGE_RH,LEXMMFSA,16,3,lex_phase_3,0.4590928554534912,0.17086505889892578,0.16805100440979004,1947.515625
oos_experiment,TK-PB-Drahi_1-d1-HOM-UHI-79830456b8-r5,5,TWO_STAGE_RH,LEXMMFSA,16,4,lex_phase_4,0.47029781341552734,0.16492104530334473,0.1624760627746582,1927.3125
oos_experiment,TK-PB-Drahi_1-d1-HOM-UHI-79830456b8-r5,5,TWO_STAGE_RH,LEXMMFSA,16,4,lex_phase_4,0.4590928554534912,0.13341999053955078,0.13103103637695312,1947.515625
oos_experiment,TK-PB-Drahi_1-d1-HOM-UHI-79830456b8-r5,5,TWO_STAGE_RH,LEXMMFSA,16,5,lex_phase_5,0.47029781341552734,0.14419102668762207,0.14154696464538574,1927.3125
oos_experiment,TK-PB-Drahi_1-d1-HOM-UHI-79830456b8-r5,5,TWO_STAGE_RH,LEXMMFSA,16,5,lex_phase_5,0.4590928554534912,0.1450519561767578,0.14237499237060547,1947.515625
oos_experiment,TK-PB-Drahi_1-d1-HOM-UHI-79830456b8-r5,5,TWO_STAGE_RH,LEXMMFSA,16,6,economic_tie_break,0.47029781341552734,0.09224796295166016,0.08986210823059082,1927.3125
oos_experiment,TK-PB-Drahi_1-d1-HOM-UHI-79830456b8-r5,5,TWO_STAGE_RH,LEXMMFSA,16,6,economic_tie_break,0.4590928554534912,0.09529399871826172,0.0926661491394043,1947.515625
oos_experiment,TK-PB-Drahi_1-d1-HOM-UHI-79830456b8-r5,5,TWO_STAGE_RH,LEXMMFSA,17,1,lex_phase_1,0.5154139995574951,49.78638792037964,47.905247926712036,1927.3125
oos_experiment,TK-PB-Drahi_1-d1-HOM-UHI-79830456b8-r5,5,TWO_STAGE_RH,LEXMMFSA,17,1,lex_phase_1,0.5560238361358643,38.83174180984497,38.00339221954346,1947.515625
oos_experiment,TK-PB-Drahi_1-d1-HOM-UHI-79830456b8-r5,5,TWO_STAGE_RH,LEXMMFSA,17,2,lex_phase_2,0.5154139995574951,0.12528300285339355,0.1232900619506836,1927.3125
oos_experiment,TK-PB-Drahi_1-d1-HOM-UHI-79830456b8-r5,5,TWO_STAGE_RH,LEXMMFSA,17,2,lex_phase_2,0.5560238361358643,0.15489792823791504,0.1520681381225586,1947.515625
oos_experiment,TK-PB-Drahi_1-d1-HOM-UHI-79830456b8-r5,5,TWO_STAGE_RH,LEXMMFSA,17,3,lex_phase_3,0.5154139995574951,0.13098597526550293,0.12865686416625977,1927.3125
oos_experiment,TK-PB-Drahi_1-d1-HOM-UHI-79830456b8-r5,5,TWO_STAGE_RH,LEXMMFSA,17,3,lex_phase_3,0.5560238361358643,0.13990211486816406,0.13727998733520508,1947.515625
oos_experiment,TK-PB-Drahi_1-d1-HOM-UHI-79830456b8-r5,5,TWO_STAGE_RH,LEXMMFSA,17,4,lex_phase_4,0.5154139995574951,0.1355440616607666,0.13286399841308594,1927.3125
oos_experiment,TK-PB-Drahi_1-d1-HOM-UHI-79830456b8-r5,5,TWO_STAGE_RH,LEXMMFSA,17,4,lex_phase_4,0.5560238361358643,0.1477808952331543,0.14498281478881836,1947.515625
oos_experiment,TK-PB-Drahi_1-d1-HOM-UHI-79830456b8-r5,5,TWO_STAGE_RH,LEXMMFSA,17,5,lex_phase_5,0.5154139995574951,0.10965394973754883,0.10728192329406738,1927.3125
oos_experiment,TK-PB-Drahi_1-d1-HOM-UHI-79830456b8-r5,5,TWO_STAGE_RH,LEXMMFSA,17,5,lex_phase_5,0.5560238361358643,0.13630104064941406,0.13388705253601074,1947.515625
oos_experiment,TK-PB-Drahi_1-d1-HOM-UHI-79830456b8-r5,5,TWO_STAGE_RH,LEXMMFSA,17,6,economic_tie_break,0.5154139995574951,0.08513712882995605,0.08268404006958008,1927.3125
oos_experiment,TK-PB-Drahi_1-d1-HOM-UHI-79830456b8-r5,5,TWO_STAGE_RH,LEXMMFSA,17,6,economic_tie_break,0.5560238361358643,0.09011507034301758,0.08761405944824219,1947.515625
oos_experiment,TK-PB-Drahi_1-d1-HOM-UHI-79830456b8-r5,5,TWO_STAGE_RH,LEXMMFSA,18,1,lex_phase_1,0.5154139995574951,49.78638792037964,47.905247926712036,1927.3125
oos_experiment,TK-PB-Drahi_1-d1-HOM-UHI-79830456b8-r5,5,TWO_STAGE_RH,LEXMMFSA,18,1,lex_phase_1,0.5560238361358643,38.83174180984497,38.00339221954346,1947.515625
oos_experiment,TK-PB-Drahi_1-d1-HOM-UHI-79830456b8-r5,5,TWO_STAGE_RH,LEXMMFSA,18,2,lex_phase_2,0.5154139995574951,0.12528300285339355,0.1232900619506836,1927.3125
oos_experiment,TK-PB-Drahi_1-d1-HOM-UHI-79830456b8-r5,5,TWO_STAGE_RH,LEXMMFSA,18,2,lex_phase_2,0.5560238361358643,0.15489792823791504,0.1520681381225586,1947.515625
oos_experiment,TK-PB-Drahi_1-d1-HOM-UHI-79830456b8-r5,5,TWO_STAGE_RH,LEXMMFSA,18,3,lex_phase_3,0.5154139995574951,0.13098597526550293,0.12865686416625977,1927.3125
oos_experiment,TK-PB-Drahi_1-d1-HOM-UHI-79830456b8-r5,5,TWO_STAGE_RH,LEXMMFSA,18,3,lex_phase_3,0.5560238361358643,0.13990211486816406,0.13727998733520508,1947.515625
oos_experiment,TK-PB-Drahi_1-d1-HOM-UHI-79830456b8-r5,5,TWO_STAGE_RH,LEXMMFSA,18,4,lex_phase_4,0.5154139995574951,0.1355440616607666,0.13286399841308594,1927.3125
oos_experiment,TK-PB-Drahi_1-d1-HOM-UHI-79830456b8-r5,5,TWO_STAGE_RH,LEXMMFSA,18,4,lex_phase_4,0.5560238361358643,0.1477808952331543,0.14498281478881836,1947.515625
oos_experiment,TK-PB-Drahi_1-d1-HOM-UHI-79830456b8-r5,5,TWO_STAGE_RH,LEXMMFSA,18,5,lex_phase_5,0.5154139995574951,0.10965394973754883,0.10728192329406738,1927.3125
oos_experiment,TK-PB-Drahi_1-d1-HOM-UHI-79830456b8-r5,5,TWO_STAGE_RH,LEXMMFSA,18,5,lex_phase_5,0.5560238361358643,0.13630104064941406,0.13388705253601074,1947.515625
oos_experiment,TK-PB-Drahi_1-d1-HOM-UHI-79830456b8-r5,5,TWO_STAGE_RH,LEXMMFSA,18,6,economic_tie_break,0.5154139995574951,0.08513712882995605,0.08268404006958008,1927.3125
oos_experiment,TK-PB-Drahi_1-d1-HOM-UHI-79830456b8-r5,5,TWO_STAGE_RH,LEXMMFSA,18,6,economic_tie_break,0.5560238361358643,0.09011507034301758,0.08761405944824219,1947.515625
oos_experiment,TK-PB-Drahi_1-d1-HOM-UHI-79830456b8-r5,5,TWO_STAGE_RH,LEXMMFSA,19,1,lex_phase_1,0.5154139995574951,49.78638792037964,47.905247926712036,1927.3125
oos_experiment,TK-PB-Drahi_1-d1-HOM-UHI-79830456b8-r5,5,TWO_STAGE_RH,LEXMMFSA,19,1,lex_phase_1,0.5560238361358643,38.83174180984497,38.00339221954346,1947.515625
oos_experiment,TK-PB-Drahi_1-d1-HOM-UHI-79830456b8-r5,5,TWO_STAGE_RH,LEXMMFSA,19,2,lex_phase_2,0.5154139995574951,0.12528300285339355,0.1232900619506836,1927.3125
oos_experiment,TK-PB-Drahi_1-d1-HOM-UHI-79830456b8-r5,5,TWO_STAGE_RH,LEXMMFSA,19,2,lex_phase_2,0.5560238361358643,0.15489792823791504,0.1520681381225586,1947.515625
oos_experiment,TK-PB-Drahi_1-d1-HOM-UHI-79830456b8-r5,5,TWO_STAGE_RH,LEXMMFSA,19,3,lex_phase_3,0.5154139995574951,0.13098597526550293,0.12865686416625977,1927.3125
oos_experiment,TK-PB-Drahi_1-d1-HOM-UHI-79830456b8-r5,5,TWO_STAGE_RH,LEXMMFSA,19,3,lex_phase_3,0.5560238361358643,0.13990211486816406,0.13727998733520508,1947.515625
oos_experiment,TK-PB-Drahi_1-d1-HOM-UHI-79830456b8-r5,5,TWO_STAGE_RH,LEXMMFSA,19,4,lex_phase_4,0.5154139995574951,0.1355440616607666,0.13286399841308594,1927.3125
oos_experiment,TK-PB-Drahi_1-d1-HOM-UHI-79830456b8-r5,5,TWO_STAGE_RH,LEXMMFSA,19,4,lex_phase_4,0.5560238361358643,0.1477808952331543,0.14498281478881836,1947.515625
oos_experiment,TK-PB-Drahi_1-d1-HOM-UHI-79830456b8-r5,5,TWO_STAGE_RH,LEXMMFSA,19,5,lex_phase_5,0.5154139995574951,0.10965394973754883,0.10728192329406738,1927.3125
oos_experiment,TK-PB-Drahi_1-d1-HOM-UHI-79830456b8-r5,5,TWO_STAGE_RH,LEXMMFSA,19,5,lex_phase_5,0.5560238361358643,0.13630104064941406,0.13388705253601074,1947.515625
oos_experiment,TK-PB-Drahi_1-d1-HOM-UHI-79830456b8-r5,5,TWO_STAGE_RH,LEXMMFSA,19,6,economic_tie_break,0.5154139995574951,0.08513712882995605,0.08268404006958008,1927.3125
oos_experiment,TK-PB-Drahi_1-d1-HOM-UHI-79830456b8-r5,5,TWO_STAGE_RH,LEXMMFSA,19,6,economic_tie_break,0.5560238361358643,0.09011507034301758,0.08761405944824219,1947.515625
oos_experiment,TK-PB-Drahi_1-d1-HOM-UHI-79830456b8-r5,5,TWO_STAGE_RH,LEXMMFSA,20,1,lex_phase_1,0.5154139995574951,49.78638792037964,47.905247926712036,1927.3125
oos_experiment,TK-PB-Drahi_1-d1-HOM-UHI-79830456b8-r5,5,TWO_STAGE_RH,LEXMMFSA,20,1,lex_phase_1,0.5560238361358643,38.83174180984497,38.00339221954346,1947.515625
oos_experiment,TK-PB-Drahi_1-d1-HOM-UHI-79830456b8-r5,5,TWO_STAGE_RH,LEXMMFSA,20,2,lex_phase_2,0.5154139995574951,0.12528300285339355,0.1232900619506836,1927.3125
oos_experiment,TK-PB-Drahi_1-d1-HOM-UHI-79830456b8-r5,5,TWO_STAGE_RH,LEXMMFSA,20,2,lex_phase_2,0.5560238361358643,0.15489792823791504,0.1520681381225586,1947.515625
oos_experiment,TK-PB-Drahi_1-d1-HOM-UHI-79830456b8-r5,5,TWO_STAGE_RH,LEXMMFSA,20,3,lex_phase_3,0.5154139995574951,0.13098597526550293,0.12865686416625977,1927.3125
oos_experiment,TK-PB-Drahi_1-d1-HOM-UHI-79830456b8-r5,5,TWO_STAGE_RH,LEXMMFSA,20,3,lex_phase_3,0.5560238361358643,0.13990211486816406,0.13727998733520508,1947.515625
oos_experiment,TK-PB-Drahi_1-d1-HOM-UHI-79830456b8-r5,5,TWO_STAGE_RH,LEXMMFSA,20,4,lex_phase_4,0.5154139995574951,0.1355440616607666,0.13286399841308594,1927.3125
oos_experiment,TK-PB-Drahi_1-d1-HOM-UHI-79830456b8-r5,5,TWO_STAGE_RH,LEXMMFSA,20,4,lex_phase_4,0.5560238361358643,0.1477808952331543,0.14498281478881836,1947.515625
oos_experiment,TK-PB-Drahi_1-d1-HOM-UHI-79830456b8-r5,5,TWO_STAGE_RH,LEXMMFSA,20,5,lex_phase_5,0.5154139995574951,0.10965394973754883,0.10728192329406738,1927.3125
oos_experiment,TK-PB-Drahi_1-d1-HOM-UHI-79830456b8-r5,5,TWO_STAGE_RH,LEXMMFSA,20,5,lex_phase_5,0.5560238361358643,0.13630104064941406,0.13388705253601074,1947.515625
oos_experiment,TK-PB-Drahi_1-d1-HOM-UHI-79830456b8-r5,5,TWO_STAGE_RH,LEXMMFSA,20,6,economic_tie_break,0.5154139995574951,0.08513712882995605,0.08268404006958008,1927.3125
oos_experiment,TK-PB-Drahi_1-d1-HOM-UHI-79830456b8-r5,5,TWO_STAGE_RH,LEXMMFSA,20,6,economic_tie_break,0.5560238361358643,0.09011507034301758,0.08761405944824219,1947.515625
oos_experiment,TK-PB-Drahi_1-d1-HOM-UHI-79830456b8-r5,5,TWO_STAGE_RH,LEXMMFSA,21,1,lex_phase_1,0.45572590827941895,59.956146001815796,59.22380208969116,1927.3125
oos_experiment,TK-PB-Drahi_1-d1-HOM-UHI-79830456b8-r5,5,TWO_STAGE_RH,LEXMMFSA,21,1,lex_phase_1,0.41079115867614746,100.42101907730103,99.3719470500946,1947.515625
oos_experiment,TK-PB-Drahi_1-d1-HOM-UHI-79830456b8-r5,5,TWO_STAGE_RH,LEXMMFSA,21,2,lex_phase_2,0.45572590827941895,0.14115095138549805,0.1384258270263672,1927.3125
oos_experiment,TK-PB-Drahi_1-d1-HOM-UHI-79830456b8-r5,5,TWO_STAGE_RH,LEXMMFSA,21,2,lex_phase_2,0.41079115867614746,0.16605305671691895,0.1636180877685547,1947.515625
oos_experiment,TK-PB-Drahi_1-d1-HOM-UHI-79830456b8-r5,5,TWO_STAGE_RH,LEXMMFSA,21,3,lex_phase_3,0.45572590827941895,0.15139508247375488,0.14894795417785645,1927.3125
oos_experiment,TK-PB-Drahi_1-d1-HOM-UHI-79830456b8-r5,5,TWO_STAGE_RH,LEXMMFSA,21,3,lex_phase_3,0.41079115867614746,0.16221880912780762,0.1595170497894287,1947.515625
oos_experiment,TK-PB-Drahi_1-d1-HOM-UHI-79830456b8-r5,5,TWO_STAGE_RH,LEXMMFSA,21,4,lex_phase_4,0.45572590827941895,0.12858200073242188,0.12628602981567383,1927.3125
oos_experiment,TK-PB-Drahi_1-d1-HOM-UHI-79830456b8-r5,5,TWO_STAGE_RH,LEXMMFSA,21,4,lex_phase_4,0.41079115867614746,0.14797210693359375,0.14537596702575684,1947.515625
oos_experiment,TK-PB-Drahi_1-d1-HOM-UHI-79830456b8-r5,5,TWO_STAGE_RH,LEXMMFSA,21,5,lex_phase_5,0.45572590827941895,0.12983179092407227,0.12743210792541504,1927.3125
oos_experiment,TK-PB-Drahi_1-d1-HOM-UHI-79830456b8-r5,5,TWO_STAGE_RH,LEXMMFSA,21,5,lex_phase_5,0.41079115867614746,0.12970995903015137,0.126633882522583,1947.515625
oos_experiment,TK-PB-Drahi_1-d1-HOM-UHI-79830456b8-r5,5,TWO_STAGE_RH,LEXMMFSA,21,6,economic_tie_break,0.45572590827941895,0.08356595039367676,0.0809469223022461,1927.3125
oos_experiment,TK-PB-Drahi_1-d1-HOM-UHI-79830456b8-r5,5,TWO_STAGE_RH,LEXMMFSA,21,6,economic_tie_break,0.41079115867614746,0.0827629566192627,0.080352783203125,1947.515625
oos_experiment,TK-PB-Drahi_1-d1-HOM-UHI-79830456b8-r5,5,TWO_STAGE_RH,LEXMMFSA,22,1,lex_phase_1,0.45572590827941895,59.956146001815796,59.22380208969116,1927.3125
oos_experiment,TK-PB-Drahi_1-d1-HOM-UHI-79830456b8-r5,5,TWO_STAGE_RH,LEXMMFSA,22,1,lex_phase_1,0.41079115867614746,100.42101907730103,99.3719470500946,1947.515625
oos_experiment,TK-PB-Drahi_1-d1-HOM-UHI-79830456b8-r5,5,TWO_STAGE_RH,LEXMMFSA,22,2,lex_phase_2,0.45572590827941895,0.14115095138549805,0.1384258270263672,1927.3125
oos_experiment,TK-PB-Drahi_1-d1-HOM-UHI-79830456b8-r5,5,TWO_STAGE_RH,LEXMMFSA,22,2,lex_phase_2,0.41079115867614746,0.16605305671691895,0.1636180877685547,1947.515625
oos_experiment,TK-PB-Drahi_1-d1-HOM-UHI-79830456b8-r5,5,TWO_STAGE_RH,LEXMMFSA,22,3,lex_phase_3,0.45572590827941895,0.15139508247375488,0.14894795417785645,1927.3125
oos_experiment,TK-PB-Drahi_1-d1-HOM-UHI-79830456b8-r5,5,TWO_STAGE_RH,LEXMMFSA,22,3,lex_phase_3,0.41079115867614746,0.16221880912780762,0.1595170497894287,1947.515625
oos_experiment,TK-PB-Drahi_1-d1-HOM-UHI-79830456b8-r5,5,TWO_STAGE_RH,LEXMMFSA,22,4,lex_phase_4,0.45572590827941895,0.12858200073242188,0.12628602981567383,1927.3125
oos_experiment,TK-PB-Drahi_1-d1-HOM-UHI-79830456b8-r5,5,TWO_STAGE_RH,LEXMMFSA,22,4,lex_phase_4,0.41079115867614746,0.14797210693359375,0.14537596702575684,1947.515625
oos_experiment,TK-PB-Drahi_1-d1-HOM-UHI-79830456b8-r5,5,TWO_STAGE_RH,LEXMMFSA,22,5,lex_phase_5,0.45572590827941895,0.12983179092407227,0.12743210792541504,1927.3125
oos_experiment,TK-PB-Drahi_1-d1-HOM-UHI-79830456b8-r5,5,TWO_STAGE_RH,LEXMMFSA,22,5,lex_phase_5,0.41079115867614746,0.12970995903015137,0.126633882522583,1947.515625
oos_experiment,TK-PB-Drahi_1-d1-HOM-UHI-79830456b8-r5,5,TWO_STAGE_RH,LEXMMFSA,22,6,economic_tie_break,0.45572590827941895,0.08356595039367676,0.0809469223022461,1927.3125
oos_experiment,TK-PB-Drahi_1-d1-HOM-UHI-79830456b8-r5,5,TWO_STAGE_RH,LEXMMFSA,22,6,economic_tie_break,0.41079115867614746,0.0827629566192627,0.080352783203125,1947.515625
oos_experiment,TK-PB-Drahi_1-d1-HOM-UHI-79830456b8-r5,5,TWO_STAGE_RH,LEXMMFSA,23,1,lex_phase_1,0.45572590827941895,59.956146001815796,59.22380208969116,1927.3125
oos_experiment,TK-PB-Drahi_1-d1-HOM-UHI-79830456b8-r5,5,TWO_STAGE_RH,LEXMMFSA,23,1,lex_phase_1,0.41079115867614746,100.42101907730103,99.3719470500946,1947.515625
oos_experiment,TK-PB-Drahi_1-d1-HOM-UHI-79830456b8-r5,5,TWO_STAGE_RH,LEXMMFSA,23,2,lex_phase_2,0.45572590827941895,0.14115095138549805,0.1384258270263672,1927.3125
oos_experiment,TK-PB-Drahi_1-d1-HOM-UHI-79830456b8-r5,5,TWO_STAGE_RH,LEXMMFSA,23,2,lex_phase_2,0.41079115867614746,0.16605305671691895,0.1636180877685547,1947.515625
oos_experiment,TK-PB-Drahi_1-d1-HOM-UHI-79830456b8-r5,5,TWO_STAGE_RH,LEXMMFSA,23,3,lex_phase_3,0.45572590827941895,0.15139508247375488,0.14894795417785645,1927.3125
oos_experiment,TK-PB-Drahi_1-d1-HOM-UHI-79830456b8-r5,5,TWO_STAGE_RH,LEXMMFSA,23,3,lex_phase_3,0.41079115867614746,0.16221880912780762,0.1595170497894287,1947.515625
oos_experiment,TK-PB-Drahi_1-d1-HOM-UHI-79830456b8-r5,5,TWO_STAGE_RH,LEXMMFSA,23,4,lex_phase_4,0.45572590827941895,0.12858200073242188,0.12628602981567383,1927.3125
oos_experiment,TK-PB-Drahi_1-d1-HOM-UHI-79830456b8-r5,5,TWO_STAGE_RH,LEXMMFSA,23,4,lex_phase_4,0.41079115867614746,0.14797210693359375,0.14537596702575684,1947.515625
oos_experiment,TK-PB-Drahi_1-d1-HOM-UHI-79830456b8-r5,5,TWO_STAGE_RH,LEXMMFSA,23,5,lex_phase_5,0.45572590827941895,0.12983179092407227,0.12743210792541504,1927.3125
oos_experiment,TK-PB-Drahi_1-d1-HOM-UHI-79830456b8-r5,5,TWO_STAGE_RH,LEXMMFSA,23,5,lex_phase_5,0.41079115867614746,0.12970995903015137,0.126633882522583,1947.515625
oos_experiment,TK-PB-Drahi_1-d1-HOM-UHI-79830456b8-r5,5,TWO_STAGE_RH,LEXMMFSA,23,6,economic_tie_break,0.45572590827941895,0.08356595039367676,0.0809469223022461,1927.3125
oos_experiment,TK-PB-Drahi_1-d1-HOM-UHI-79830456b8-r5,5,TWO_STAGE_RH,LEXMMFSA,23,6,economic_tie_break,0.41079115867614746,0.0827629566192627,0.080352783203125,1947.515625
oos_experiment,TK-PB-Drahi_1-d1-HOM-UHI-79830456b8-r5,5,TWO_STAGE_RH,LEXMMFSA,24,1,lex_phase_1,0.45572590827941895,59.956146001815796,59.22380208969116,1927.3125
oos_experiment,TK-PB-Drahi_1-d1-HOM-UHI-79830456b8-r5,5,TWO_STAGE_RH,LEXMMFSA,24,1,lex_phase_1,0.41079115867614746,100.42101907730103,99.3719470500946,1947.515625
oos_experiment,TK-PB-Drahi_1-d1-HOM-UHI-79830456b8-r5,5,TWO_STAGE_RH,LEXMMFSA,24,2,lex_phase_2,0.45572590827941895,0.14115095138549805,0.1384258270263672,1927.3125
oos_experiment,TK-PB-Drahi_1-d1-HOM-UHI-79830456b8-r5,5,TWO_STAGE_RH,LEXMMFSA,24,2,lex_phase_2,0.41079115867614746,0.16605305671691895,0.1636180877685547,1947.515625
oos_experiment,TK-PB-Drahi_1-d1-HOM-UHI-79830456b8-r5,5,TWO_STAGE_RH,LEXMMFSA,24,3,lex_phase_3,0.45572590827941895,0.15139508247375488,0.14894795417785645,1927.3125
oos_experiment,TK-PB-Drahi_1-d1-HOM-UHI-79830456b8-r5,5,TWO_STAGE_RH,LEXMMFSA,24,3,lex_phase_3,0.41079115867614746,0.16221880912780762,0.1595170497894287,1947.515625
oos_experiment,TK-PB-Drahi_1-d1-HOM-UHI-79830456b8-r5,5,TWO_STAGE_RH,LEXMMFSA,24,4,lex_phase_4,0.45572590827941895,0.12858200073242188,0.12628602981567383,1927.3125
oos_experiment,TK-PB-Drahi_1-d1-HOM-UHI-79830456b8-r5,5,TWO_STAGE_RH,LEXMMFSA,24,4,lex_phase_4,0.41079115867614746,0.14797210693359375,0.14537596702575684,1947.515625
oos_experiment,TK-PB-Drahi_1-d1-HOM-UHI-79830456b8-r5,5,TWO_STAGE_RH,LEXMMFSA,24,5,lex_phase_5,0.45572590827941895,0.12983179092407227,0.12743210792541504,1927.3125
oos_experiment,TK-PB-Drahi_1-d1-HOM-UHI-79830456b8-r5,5,TWO_STAGE_RH,LEXMMFSA,24,5,lex_phase_5,0.41079115867614746,0.12970995903015137,0.126633882522583,1947.515625
oos_experiment,TK-PB-Drahi_1-d1-HOM-UHI-79830456b8-r5,5,TWO_STAGE_RH,LEXMMFSA,24,6,economic_tie_break,0.45572590827941895,0.08356595039367676,0.0809469223022461,1927.3125
oos_experiment,TK-PB-Drahi_1-d1-HOM-UHI-79830456b8-r5,5,TWO_STAGE_RH,LEXMMFSA,24,6,economic_tie_break,0.41079115867614746,0.0827629566192627,0.080352783203125,1947.515625
oos_experiment,TK-PB-Drahi_1-d1-HOM-UHI-79830456b8-r5,5,TWO_STAGE_RH,NONE,1,0,single_solve,0.3990468978881836,2.321255922317505,1.3867478370666504,1901.71484375
oos_experiment,TK-PB-Drahi_1-d1-HOM-UHI-79830456b8-r5,5,TWO_STAGE_RH,NONE,1,0,single_solve,0.39222288131713867,2.1725170612335205,1.3632848262786865,1927.3125
oos_experiment,TK-PB-Drahi_1-d1-HOM-UHI-79830456b8-r5,5,TWO_STAGE_RH,NONE,2,0,single_solve,0.3990468978881836,2.321255922317505,1.3867478370666504,1901.71484375
oos_experiment,TK-PB-Drahi_1-d1-HOM-UHI-79830456b8-r5,5,TWO_STAGE_RH,NONE,2,0,single_solve,0.39222288131713867,2.1725170612335205,1.3632848262786865,1927.3125
oos_experiment,TK-PB-Drahi_1-d1-HOM-UHI-79830456b8-r5,5,TWO_STAGE_RH,NONE,3,0,single_solve,0.3990468978881836,2.321255922317505,1.3867478370666504,1901.71484375
oos_experiment,TK-PB-Drahi_1-d1-HOM-UHI-79830456b8-r5,5,TWO_STAGE_RH,NONE,3,0,single_solve,0.39222288131713867,2.1725170612335205,1.3632848262786865,1927.3125
oos_experiment,TK-PB-Drahi_1-d1-HOM-UHI-79830456b8-r5,5,TWO_STAGE_RH,NONE,4,0,single_solve,0.3990468978881836,2.321255922317505,1.3867478370666504,1901.71484375
oos_experiment,TK-PB-Drahi_1-d1-HOM-UHI-79830456b8-r5,5,TWO_STAGE_RH,NONE,4,0,single_solve,0.39222288131713867,2.1725170612335205,1.3632848262786865,1927.3125
oos_experiment,TK-PB-Drahi_1-d1-HOM-UHI-79830456b8-r5,5,TWO_STAGE_RH,NONE,5,0,single_solve,1.1469578742980957,1.8520398139953613,1.2344269752502441,1901.71484375
oos_experiment,TK-PB-Drahi_1-d1-HOM-UHI-79830456b8-r5,5,TWO_STAGE_RH,NONE,5,0,single_solve,1.0130178928375244,1.6328048706054688,1.1004128456115723,1927.3125
oos_experiment,TK-PB-Drahi_1-d1-HOM-UHI-79830456b8-r5,5,TWO_STAGE_RH,NONE,6,0,single_solve,1.1469578742980957,1.8520398139953613,1.2344269752502441,1901.71484375
oos_experiment,TK-PB-Drahi_1-d1-HOM-UHI-79830456b8-r5,5,TWO_STAGE_RH,NONE,6,0,single_solve,1.0130178928375244,1.6328048706054688,1.1004128456115723,1927.3125
oos_experiment,TK-PB-Drahi_1-d1-HOM-UHI-79830456b8-r5,5,TWO_STAGE_RH,NONE,7,0,single_solve,1.1469578742980957,1.8520398139953613,1.2344269752502441,1901.71484375
oos_experiment,TK-PB-Drahi_1-d1-HOM-UHI-79830456b8-r5,5,TWO_STAGE_RH,NONE,7,0,single_solve,1.0130178928375244,1.6328048706054688,1.1004128456115723,1927.3125
oos_experiment,TK-PB-Drahi_1-d1-HOM-UHI-79830456b8-r5,5,TWO_STAGE_RH,NONE,8,0,single_solve,1.1469578742980957,1.8520398139953613,1.2344269752502441,1901.71484375
oos_experiment,TK-PB-Drahi_1-d1-HOM-UHI-79830456b8-r5,5,TWO_STAGE_RH,NONE,8,0,single_solve,1.0130178928375244,1.6328048706054688,1.1004128456115723,1927.3125
oos_experiment,TK-PB-Drahi_1-d1-HOM-UHI-79830456b8-r5,5,TWO_STAGE_RH,NONE,9,0,single_solve,0.31797099113464355,1.974348783493042,1.046217918395996,1901.71484375
oos_experiment,TK-PB-Drahi_1-d1-HOM-UHI-79830456b8-r5,5,TWO_STAGE_RH,NONE,9,0,single_solve,0.29728102684020996,1.847733974456787,0.8732070922851562,1927.3125
oos_experiment,TK-PB-Drahi_1-d1-HOM-UHI-79830456b8-r5,5,TWO_STAGE_RH,NONE,10,0,single_solve,0.31797099113464355,1.974348783493042,1.046217918395996,1901.71484375
oos_experiment,TK-PB-Drahi_1-d1-HOM-UHI-79830456b8-r5,5,TWO_STAGE_RH,NONE,10,0,single_solve,0.29728102684020996,1.847733974456787,0.8732070922851562,1927.3125
oos_experiment,TK-PB-Drahi_1-d1-HOM-UHI-79830456b8-r5,5,TWO_STAGE_RH,NONE,11,0,single_solve,0.31797099113464355,1.974348783493042,1.046217918395996,1901.71484375
oos_experiment,TK-PB-Drahi_1-d1-HOM-UHI-79830456b8-r5,5,TWO_STAGE_RH,NONE,11,0,single_solve,0.29728102684020996,1.847733974456787,0.8732070922851562,1927.3125
oos_experiment,TK-PB-Drahi_1-d1-HOM-UHI-79830456b8-r5,5,TWO_STAGE_RH,NONE,12,0,single_solve,0.31797099113464355,1.974348783493042,1.046217918395996,1901.71484375
oos_experiment,TK-PB-Drahi_1-d1-HOM-UHI-79830456b8-r5,5,TWO_STAGE_RH,NONE,12,0,single_solve,0.29728102684020996,1.847733974456787,0.8732070922851562,1927.3125
oos_experiment,TK-PB-Drahi_1-d1-HOM-UHI-79830456b8-r5,5,TWO_STAGE_RH,NONE,13,0,single_solve,1.2127418518066406,1.4918098449707031,0.918025016784668,1901.71484375
oos_experiment,TK-PB-Drahi_1-d1-HOM-UHI-79830456b8-r5,5,TWO_STAGE_RH,NONE,13,0,single_solve,1.1414580345153809,1.2729768753051758,0.7686760425567627,1927.3125
oos_experiment,TK-PB-Drahi_1-d1-HOM-UHI-79830456b8-r5,5,TWO_STAGE_RH,NONE,14,0,single_solve,1.2127418518066406,1.4918098449707031,0.918025016784668,1901.71484375
oos_experiment,TK-PB-Drahi_1-d1-HOM-UHI-79830456b8-r5,5,TWO_STAGE_RH,NONE,14,0,single_solve,1.1414580345153809,1.2729768753051758,0.7686760425567627,1927.3125
oos_experiment,TK-PB-Drahi_1-d1-HOM-UHI-79830456b8-r5,5,TWO_STAGE_RH,NONE,15,0,single_solve,1.2127418518066406,1.4918098449707031,0.918025016784668,1901.71484375
oos_experiment,TK-PB-Drahi_1-d1-HOM-UHI-79830456b8-r5,5,TWO_STAGE_RH,NONE,15,0,single_solve,1.1414580345153809,1.2729768753051758,0.7686760425567627,1927.3125
oos_experiment,TK-PB-Drahi_1-d1-HOM-UHI-79830456b8-r5,5,TWO_STAGE_RH,NONE,16,0,single_solve,1.2127418518066406,1.4918098449707031,0.918025016784668,1901.71484375
oos_experiment,TK-PB-Drahi_1-d1-HOM-UHI-79830456b8-r5,5,TWO_STAGE_RH,NONE,16,0,single_solve,1.1414580345153809,1.2729768753051758,0.7686760425567627,1927.3125
oos_experiment,TK-PB-Drahi_1-d1-HOM-UHI-79830456b8-r5,5,TWO_STAGE_RH,NONE,17,0,single_solve,0.31302404403686523,2.1890900135040283,0.7886447906494141,1901.71484375
oos_experiment,TK-PB-Drahi_1-d1-HOM-UHI-79830456b8-r5,5,TWO_STAGE_RH,NONE,17,0,single_solve,0.3022611141204834,1.499155044555664,0.6389429569244385,1927.3125
oos_experiment,TK-PB-Drahi_1-d1-HOM-UHI-79830456b8-r5,5,TWO_STAGE_RH,NONE,18,0,single_solve,0.31302404403686523,2.1890900135040283,0.7886447906494141,1901.71484375
oos_experiment,TK-PB-Drahi_1-d1-HOM-UHI-79830456b8-r5,5,TWO_STAGE_RH,NONE,18,0,single_solve,0.3022611141204834,1.499155044555664,0.6389429569244385,1927.3125
oos_experiment,TK-PB-Drahi_1-d1-HOM-UHI-79830456b8-r5,5,TWO_STAGE_RH,NONE,19,0,single_solve,0.31302404403686523,2.1890900135040283,0.7886447906494141,1901.71484375
oos_experiment,TK-PB-Drahi_1-d1-HOM-UHI-79830456b8-r5,5,TWO_STAGE_RH,NONE,19,0,single_solve,0.3022611141204834,1.499155044555664,0.6389429569244385,1927.3125
oos_experiment,TK-PB-Drahi_1-d1-HOM-UHI-79830456b8-r5,5,TWO_STAGE_RH,NONE,20,0,single_solve,0.31302404403686523,2.1890900135040283,0.7886447906494141,1901.71484375
oos_experiment,TK-PB-Drahi_1-d1-HOM-UHI-79830456b8-r5,5,TWO_STAGE_RH,NONE,20,0,single_solve,0.3022611141204834,1.499155044555664,0.6389429569244385,1927.3125
oos_experiment,TK-PB-Drahi_1-d1-HOM-UHI-79830456b8-r5,5,TWO_STAGE_RH,NONE,21,0,single_solve,0.6874310970306396,1.6453771591186523,1.0574657917022705,1901.71484375
oos_experiment,TK-PB-Drahi_1-d1-HOM-UHI-79830456b8-r5,5,TWO_STAGE_RH,NONE,21,0,single_solve,1.1200780868530273,1.4423110485076904,0.9378368854522705,1927.3125
oos_experiment,TK-PB-Drahi_1-d1-HOM-UHI-79830456b8-r5,5,TWO_STAGE_RH,NONE,22,0,single_solve,0.6874310970306396,1.6453771591186523,1.0574657917022705,1901.71484375
oos_experiment,TK-PB-Drahi_1-d1-HOM-UHI-79830456b8-r5,5,TWO_STAGE_RH,NONE,22,0,single_solve,1.1200780868530273,1.4423110485076904,0.9378368854522705,1927.3125
oos_experiment,TK-PB-Drahi_1-d1-HOM-UHI-79830456b8-r5,5,TWO_STAGE_RH,NONE,23,0,single_solve,0.6874310970306396,1.6453771591186523,1.0574657917022705,1901.71484375
oos_experiment,TK-PB-Drahi_1-d1-HOM-UHI-79830456b8-r5,5,TWO_STAGE_RH,NONE,23,0,single_solve,1.1200780868530273,1.4423110485076904,0.9378368854522705,1927.3125
oos_experiment,TK-PB-Drahi_1-d1-HOM-UHI-79830456b8-r5,5,TWO_STAGE_RH,NONE,24,0,single_solve,0.6874310970306396,1.6453771591186523,1.0574657917022705,1901.71484375
oos_experiment,TK-PB-Drahi_1-d1-HOM-UHI-79830456b8-r5,5,TWO_STAGE_RH,NONE,24,0,single_solve,1.1200780868530273,1.4423110485076904,0.9378368854522705,1927.3125
oos_experiment,TK-PB-Drahi_1-d1-HOM-UHI-79830456b8-r5,5,TWO_STAGE_RH,PEA,1,0,single_solve,2.6897799968719482,11.794403076171875,11.206402063369751,1927.3125
oos_experiment,TK-PB-Drahi_1-d1-HOM-UHI-79830456b8-r5,5,TWO_STAGE_RH,PEA,1,0,single_solve,3.1136820316314697,13.212870121002197,12.623652935028076,1947.515625
oos_experiment,TK-PB-Drahi_1-d1-HOM-UHI-79830456b8-r5,5,TWO_STAGE_RH,PEA,2,0,single_solve,2.6897799968719482,11.794403076171875,11.206402063369751,1927.3125
oos_experiment,TK-PB-Drahi_1-d1-HOM-UHI-79830456b8-r5,5,TWO_STAGE_RH,PEA,2,0,single_solve,3.1136820316314697,13.212870121002197,12.623652935028076,1947.515625
oos_experiment,TK-PB-Drahi_1-d1-HOM-UHI-79830456b8-r5,5,TWO_STAGE_RH,PEA,3,0,single_solve,2.6897799968719482,11.794403076171875,11.206402063369751,1927.3125
oos_experiment,TK-PB-Drahi_1-d1-HOM-UHI-79830456b8-r5,5,TWO_STAGE_RH,PEA,3,0,single_solve,3.1136820316314697,13.212870121002197,12.623652935028076,1947.515625
oos_experiment,TK-PB-Drahi_1-d1-HOM-UHI-79830456b8-r5,5,TWO_STAGE_RH,PEA,4,0,single_solve,2.6897799968719482,11.794403076171875,11.206402063369751,1927.3125
oos_experiment,TK-PB-Drahi_1-d1-HOM-UHI-79830456b8-r5,5,TWO_STAGE_RH,PEA,4,0,single_solve,3.1136820316314697,13.212870121002197,12.623652935028076,1947.515625
oos_experiment,TK-PB-Drahi_1-d1-HOM-UHI-79830456b8-r5,5,TWO_STAGE_RH,PEA,5,0,single_solve,2.88811993598938,2.3243319988250732,1.7346570491790771,1927.3125
oos_experiment,TK-PB-Drahi_1-d1-HOM-UHI-79830456b8-r5,5,TWO_STAGE_RH,PEA,5,0,single_solve,2.977046012878418,2.457075834274292,1.8233518600463867,1947.515625
oos_experiment,TK-PB-Drahi_1-d1-HOM-UHI-79830456b8-r5,5,TWO_STAGE_RH,PEA,6,0,single_solve,2.88811993598938,2.3243319988250732,1.7346570491790771,1927.3125
oos_experiment,TK-PB-Drahi_1-d1-HOM-UHI-79830456b8-r5,5,TWO_STAGE_RH,PEA,6,0,single_solve,2.977046012878418,2.457075834274292,1.8233518600463867,1947.515625
oos_experiment,TK-PB-Drahi_1-d1-HOM-UHI-79830456b8-r5,5,TWO_STAGE_RH,PEA,7,0,single_solve,2.88811993598938,2.3243319988250732,1.7346570491790771,1927.3125
oos_experiment,TK-PB-Drahi_1-d1-HOM-UHI-79830456b8-r5,5,TWO_STAGE_RH,PEA,7,0,single_solve,2.977046012878418,2.457075834274292,1.8233518600463867,1947.515625
oos_experiment,TK-PB-Drahi_1-d1-HOM-UHI-79830456b8-r5,5,TWO_STAGE_RH,PEA,8,0,single_solve,2.88811993598938,2.3243319988250732,1.7346570491790771,1927.3125
oos_experiment,TK-PB-Drahi_1-d1-HOM-UHI-79830456b8-r5,5,TWO_STAGE_RH,PEA,8,0,single_solve,2.977046012878418,2.457075834274292,1.8233518600463867,1947.515625
oos_experiment,TK-PB-Drahi_1-d1-HOM-UHI-79830456b8-r5,5,TWO_STAGE_RH,PEA,9,0,single_solve,2.789445161819458,2.12294602394104,1.468106985092163,1927.3125
oos_experiment,TK-PB-Drahi_1-d1-HOM-UHI-79830456b8-r5,5,TWO_STAGE_RH,PEA,9,0,single_solve,2.6606388092041016,2.6555418968200684,2.0443220138549805,1947.515625
oos_experiment,TK-PB-Drahi_1-d1-HOM-UHI-79830456b8-r5,5,TWO_STAGE_RH,PEA,10,0,single_solve,2.789445161819458,2.12294602394104,1.468106985092163,1927.3125
oos_experiment,TK-PB-Drahi_1-d1-HOM-UHI-79830456b8-r5,5,TWO_STAGE_RH,PEA,10,0,single_solve,2.6606388092041016,2.6555418968200684,2.0443220138549805,1947.515625
oos_experiment,TK-PB-Drahi_1-d1-HOM-UHI-79830456b8-r5,5,TWO_STAGE_RH,PEA,11,0,single_solve,2.789445161819458,2.12294602394104,1.468106985092163,1927.3125
oos_experiment,TK-PB-Drahi_1-d1-HOM-UHI-79830456b8-r5,5,TWO_STAGE_RH,PEA,11,0,single_solve,2.6606388092041016,2.6555418968200684,2.0443220138549805,1947.515625
oos_experiment,TK-PB-Drahi_1-d1-HOM-UHI-79830456b8-r5,5,TWO_STAGE_RH,PEA,12,0,single_solve,2.789445161819458,2.12294602394104,1.468106985092163,1927.3125
oos_experiment,TK-PB-Drahi_1-d1-HOM-UHI-79830456b8-r5,5,TWO_STAGE_RH,PEA,12,0,single_solve,2.6606388092041016,2.6555418968200684,2.0443220138549805,1947.515625
oos_experiment,TK-PB-Drahi_1-d1-HOM-UHI-79830456b8-r5,5,TWO_STAGE_RH,PEA,13,0,single_solve,2.8478329181671143,4.1162919998168945,3.4928219318389893,1927.3125
oos_experiment,TK-PB-Drahi_1-d1-HOM-UHI-79830456b8-r5,5,TWO_STAGE_RH,PEA,13,0,single_solve,2.8600070476531982,2.428225040435791,1.8807470798492432,1947.515625
oos_experiment,TK-PB-Drahi_1-d1-HOM-UHI-79830456b8-r5,5,TWO_STAGE_RH,PEA,14,0,single_solve,2.8478329181671143,4.1162919998168945,3.4928219318389893,1927.3125
oos_experiment,TK-PB-Drahi_1-d1-HOM-UHI-79830456b8-r5,5,TWO_STAGE_RH,PEA,14,0,single_solve,2.8600070476531982,2.428225040435791,1.8807470798492432,1947.515625
oos_experiment,TK-PB-Drahi_1-d1-HOM-UHI-79830456b8-r5,5,TWO_STAGE_RH,PEA,15,0,single_solve,2.8478329181671143,4.1162919998168945,3.4928219318389893,1927.3125
oos_experiment,TK-PB-Drahi_1-d1-HOM-UHI-79830456b8-r5,5,TWO_STAGE_RH,PEA,15,0,single_solve,2.8600070476531982,2.428225040435791,1.8807470798492432,1947.515625
oos_experiment,TK-PB-Drahi_1-d1-HOM-UHI-79830456b8-r5,5,TWO_STAGE_RH,PEA,16,0,single_solve,2.8478329181671143,4.1162919998168945,3.4928219318389893,1927.3125
oos_experiment,TK-PB-Drahi_1-d1-HOM-UHI-79830456b8-r5,5,TWO_STAGE_RH,PEA,16,0,single_solve,2.8600070476531982,2.428225040435791,1.8807470798492432,1947.515625
oos_experiment,TK-PB-Drahi_1-d1-HOM-UHI-79830456b8-r5,5,TWO_STAGE_RH,PEA,17,0,single_solve,2.938298225402832,1.8935308456420898,1.2858350276947021,1927.3125
oos_experiment,TK-PB-Drahi_1-d1-HOM-UHI-79830456b8-r5,5,TWO_STAGE_RH,PEA,17,0,single_solve,2.8013248443603516,1.728036880493164,1.1155290603637695,1947.515625
oos_experiment,TK-PB-Drahi_1-d1-HOM-UHI-79830456b8-r5,5,TWO_STAGE_RH,PEA,18,0,single_solve,2.938298225402832,1.8935308456420898,1.2858350276947021,1927.3125
oos_experiment,TK-PB-Drahi_1-d1-HOM-UHI-79830456b8-r5,5,TWO_STAGE_RH,PEA,18,0,single_solve,2.8013248443603516,1.728036880493164,1.1155290603637695,1947.515625
oos_experiment,TK-PB-Drahi_1-d1-HOM-UHI-79830456b8-r5,5,TWO_STAGE_RH,PEA,19,0,single_solve,2.938298225402832,1.8935308456420898,1.2858350276947021,1927.3125
oos_experiment,TK-PB-Drahi_1-d1-HOM-UHI-79830456b8-r5,5,TWO_STAGE_RH,PEA,19,0,single_solve,2.8013248443603516,1.728036880493164,1.1155290603637695,1947.515625
oos_experiment,TK-PB-Drahi_1-d1-HOM-UHI-79830456b8-r5,5,TWO_STAGE_RH,PEA,20,0,single_solve,2.938298225402832,1.8935308456420898,1.2858350276947021,1927.3125
oos_experiment,TK-PB-Drahi_1-d1-HOM-UHI-79830456b8-r5,5,TWO_STAGE_RH,PEA,20,0,single_solve,2.8013248443603516,1.728036880493164,1.1155290603637695,1947.515625
oos_experiment,TK-PB-Drahi_1-d1-HOM-UHI-79830456b8-r5,5,TWO_STAGE_RH,PEA,21,0,single_solve,2.9561188220977783,3.2331831455230713,2.611380100250244,1927.3125
oos_experiment,TK-PB-Drahi_1-d1-HOM-UHI-79830456b8-r5,5,TWO_STAGE_RH,PEA,21,0,single_solve,2.7176971435546875,3.805072069168091,3.093672037124634,1947.515625
oos_experiment,TK-PB-Drahi_1-d1-HOM-UHI-79830456b8-r5,5,TWO_STAGE_RH,PEA,22,0,single_solve,2.9561188220977783,3.2331831455230713,2.611380100250244,1927.3125
oos_experiment,TK-PB-Drahi_1-d1-HOM-UHI-79830456b8-r5,5,TWO_STAGE_RH,PEA,22,0,single_solve,2.7176971435546875,3.805072069168091,3.093672037124634,1947.515625
oos_experiment,TK-PB-Drahi_1-d1-HOM-UHI-79830456b8-r5,5,TWO_STAGE_RH,PEA,23,0,single_solve,2.9561188220977783,3.2331831455230713,2.611380100250244,1927.3125
oos_experiment,TK-PB-Drahi_1-d1-HOM-UHI-79830456b8-r5,5,TWO_STAGE_RH,PEA,23,0,single_solve,2.7176971435546875,3.805072069168091,3.093672037124634,1947.515625
oos_experiment,TK-PB-Drahi_1-d1-HOM-UHI-79830456b8-r5,5,TWO_STAGE_RH,PEA,24,0,single_solve,2.9561188220977783,3.2331831455230713,2.611380100250244,1927.3125
oos_experiment,TK-PB-Drahi_1-d1-HOM-UHI-79830456b8-r5,5,TWO_STAGE_RH,PEA,24,0,single_solve,2.7176971435546875,3.805072069168091,3.093672037124634,1947.515625
oos_experiment,TK-PB-Drahi_1-d1-HOM-UHI-79830456b8-r5,5,TWO_STAGE_RH,SA,1,0,single_solve,4.301421165466309,3.9784440994262695,3.3081588745117188,1927.3125
oos_experiment,TK-PB-Drahi_1-d1-HOM-UHI-79830456b8-r5,5,TWO_STAGE_RH,SA,1,0,single_solve,4.897475004196167,5.771140813827515,5.0801990032196045,1947.515625
oos_experiment,TK-PB-Drahi_1-d1-HOM-UHI-79830456b8-r5,5,TWO_STAGE_RH,SA,2,0,single_solve,4.301421165466309,3.9784440994262695,3.3081588745117188,1927.3125
oos_experiment,TK-PB-Drahi_1-d1-HOM-UHI-79830456b8-r5,5,TWO_STAGE_RH,SA,2,0,single_solve,4.897475004196167,5.771140813827515,5.0801990032196045,1947.515625
oos_experiment,TK-PB-Drahi_1-d1-HOM-UHI-79830456b8-r5,5,TWO_STAGE_RH,SA,3,0,single_solve,4.301421165466309,3.9784440994262695,3.3081588745117188,1927.3125
oos_experiment,TK-PB-Drahi_1-d1-HOM-UHI-79830456b8-r5,5,TWO_STAGE_RH,SA,3,0,single_solve,4.897475004196167,5.771140813827515,5.0801990032196045,1947.515625
oos_experiment,TK-PB-Drahi_1-d1-HOM-UHI-79830456b8-r5,5,TWO_STAGE_RH,SA,4,0,single_solve,4.301421165466309,3.9784440994262695,3.3081588745117188,1927.3125
oos_experiment,TK-PB-Drahi_1-d1-HOM-UHI-79830456b8-r5,5,TWO_STAGE_RH,SA,4,0,single_solve,4.897475004196167,5.771140813827515,5.0801990032196045,1947.515625
oos_experiment,TK-PB-Drahi_1-d1-HOM-UHI-79830456b8-r5,5,TWO_STAGE_RH,SA,5,0,single_solve,4.256403923034668,2.5482189655303955,1.895909070968628,1927.3125
oos_experiment,TK-PB-Drahi_1-d1-HOM-UHI-79830456b8-r5,5,TWO_STAGE_RH,SA,5,0,single_solve,4.679999828338623,6.7953410148620605,6.146450996398926,1947.515625
oos_experiment,TK-PB-Drahi_1-d1-HOM-UHI-79830456b8-r5,5,TWO_STAGE_RH,SA,6,0,single_solve,4.256403923034668,2.5482189655303955,1.895909070968628,1927.3125
oos_experiment,TK-PB-Drahi_1-d1-HOM-UHI-79830456b8-r5,5,TWO_STAGE_RH,SA,6,0,single_solve,4.679999828338623,6.7953410148620605,6.146450996398926,1947.515625
oos_experiment,TK-PB-Drahi_1-d1-HOM-UHI-79830456b8-r5,5,TWO_STAGE_RH,SA,7,0,single_solve,4.256403923034668,2.5482189655303955,1.895909070968628,1927.3125
oos_experiment,TK-PB-Drahi_1-d1-HOM-UHI-79830456b8-r5,5,TWO_STAGE_RH,SA,7,0,single_solve,4.679999828338623,6.7953410148620605,6.146450996398926,1947.515625
oos_experiment,TK-PB-Drahi_1-d1-HOM-UHI-79830456b8-r5,5,TWO_STAGE_RH,SA,8,0,single_solve,4.256403923034668,2.5482189655303955,1.895909070968628,1927.3125
oos_experiment,TK-PB-Drahi_1-d1-HOM-UHI-79830456b8-r5,5,TWO_STAGE_RH,SA,8,0,single_solve,4.679999828338623,6.7953410148620605,6.146450996398926,1947.515625
oos_experiment,TK-PB-Drahi_1-d1-HOM-UHI-79830456b8-r5,5,TWO_STAGE_RH,SA,9,0,single_solve,5.023988962173462,2.8615970611572266,2.1445398330688477,1927.3125
oos_experiment,TK-PB-Drahi_1-d1-HOM-UHI-79830456b8-r5,5,TWO_STAGE_RH,SA,9,0,single_solve,4.9669740200042725,8.168898820877075,7.561478137969971,1947.515625
oos_experiment,TK-PB-Drahi_1-d1-HOM-UHI-79830456b8-r5,5,TWO_STAGE_RH,SA,10,0,single_solve,5.023988962173462,2.8615970611572266,2.1445398330688477,1927.3125
oos_experiment,TK-PB-Drahi_1-d1-HOM-UHI-79830456b8-r5,5,TWO_STAGE_RH,SA,10,0,single_solve,4.9669740200042725,8.168898820877075,7.561478137969971,1947.515625
oos_experiment,TK-PB-Drahi_1-d1-HOM-UHI-79830456b8-r5,5,TWO_STAGE_RH,SA,11,0,single_solve,5.023988962173462,2.8615970611572266,2.1445398330688477,1927.3125
oos_experiment,TK-PB-Drahi_1-d1-HOM-UHI-79830456b8-r5,5,TWO_STAGE_RH,SA,11,0,single_solve,4.9669740200042725,8.168898820877075,7.561478137969971,1947.515625
oos_experiment,TK-PB-Drahi_1-d1-HOM-UHI-79830456b8-r5,5,TWO_STAGE_RH,SA,12,0,single_solve,5.023988962173462,2.8615970611572266,2.1445398330688477,1927.3125
oos_experiment,TK-PB-Drahi_1-d1-HOM-UHI-79830456b8-r5,5,TWO_STAGE_RH,SA,12,0,single_solve,4.9669740200042725,8.168898820877075,7.561478137969971,1947.515625
oos_experiment,TK-PB-Drahi_1-d1-HOM-UHI-79830456b8-r5,5,TWO_STAGE_RH,SA,13,0,single_solve,4.228976011276245,3.535299062728882,2.8736138343811035,1927.3125
oos_experiment,TK-PB-Drahi_1-d1-HOM-UHI-79830456b8-r5,5,TWO_STAGE_RH,SA,13,0,single_solve,5.217295169830322,7.853339910507202,7.142336845397949,1947.515625
oos_experiment,TK-PB-Drahi_1-d1-HOM-UHI-79830456b8-r5,5,TWO_STAGE_RH,SA,14,0,single_solve,4.228976011276245,3.535299062728882,2.8736138343811035,1927.3125
oos_experiment,TK-PB-Drahi_1-d1-HOM-UHI-79830456b8-r5,5,TWO_STAGE_RH,SA,14,0,single_solve,5.217295169830322,7.853339910507202,7.142336845397949,1947.515625
oos_experiment,TK-PB-Drahi_1-d1-HOM-UHI-79830456b8-r5,5,TWO_STAGE_RH,SA,15,0,single_solve,4.228976011276245,3.535299062728882,2.8736138343811035,1927.3125
oos_experiment,TK-PB-Drahi_1-d1-HOM-UHI-79830456b8-r5,5,TWO_STAGE_RH,SA,15,0,single_solve,5.217295169830322,7.853339910507202,7.142336845397949,1947.515625
oos_experiment,TK-PB-Drahi_1-d1-HOM-UHI-79830456b8-r5,5,TWO_STAGE_RH,SA,16,0,single_solve,4.228976011276245,3.535299062728882,2.8736138343811035,1927.3125
oos_experiment,TK-PB-Drahi_1-d1-HOM-UHI-79830456b8-r5,5,TWO_STAGE_RH,SA,16,0,single_solve,5.217295169830322,7.853339910507202,7.142336845397949,1947.515625
oos_experiment,TK-PB-Drahi_1-d1-HOM-UHI-79830456b8-r5,5,TWO_STAGE_RH,SA,17,0,single_solve,5.191164970397949,3.0284829139709473,2.296293020248413,1927.3125
oos_experiment,TK-PB-Drahi_1-d1-HOM-UHI-79830456b8-r5,5,TWO_STAGE_RH,SA,17,0,single_solve,5.1358489990234375,4.51155686378479,3.8198509216308594,1947.515625
oos_experiment,TK-PB-Drahi_1-d1-HOM-UHI-79830456b8-r5,5,TWO_STAGE_RH,SA,18,0,single_solve,5.191164970397949,3.0284829139709473,2.296293020248413,1927.3125
oos_experiment,TK-PB-Drahi_1-d1-HOM-UHI-79830456b8-r5,5,TWO_STAGE_RH,SA,18,0,single_solve,5.1358489990234375,4.51155686378479,3.8198509216308594,1947.515625
oos_experiment,TK-PB-Drahi_1-d1-HOM-UHI-79830456b8-r5,5,TWO_STAGE_RH,SA,19,0,single_solve,5.191164970397949,3.0284829139709473,2.296293020248413,1927.3125
oos_experiment,TK-PB-Drahi_1-d1-HOM-UHI-79830456b8-r5,5,TWO_STAGE_RH,SA,19,0,single_solve,5.1358489990234375,4.51155686378479,3.8198509216308594,1947.515625
oos_experiment,TK-PB-Drahi_1-d1-HOM-UHI-79830456b8-r5,5,TWO_STAGE_RH,SA,20,0,single_solve,5.191164970397949,3.0284829139709473,2.296293020248413,1927.3125
oos_experiment,TK-PB-Drahi_1-d1-HOM-UHI-79830456b8-r5,5,TWO_STAGE_RH,SA,20,0,single_solve,5.1358489990234375,4.51155686378479,3.8198509216308594,1947.515625
oos_experiment,TK-PB-Drahi_1-d1-HOM-UHI-79830456b8-r5,5,TWO_STAGE_RH,SA,21,0,single_solve,4.345760107040405,3.6791460514068604,3.061185121536255,1927.3125
oos_experiment,TK-PB-Drahi_1-d1-HOM-UHI-79830456b8-r5,5,TWO_STAGE_RH,SA,21,0,single_solve,4.906821966171265,5.7118589878082275,5.016742944717407,1947.515625
oos_experiment,TK-PB-Drahi_1-d1-HOM-UHI-79830456b8-r5,5,TWO_STAGE_RH,SA,22,0,single_solve,4.345760107040405,3.6791460514068604,3.061185121536255,1927.3125
oos_experiment,TK-PB-Drahi_1-d1-HOM-UHI-79830456b8-r5,5,TWO_STAGE_RH,SA,22,0,single_solve,4.906821966171265,5.7118589878082275,5.016742944717407,1947.515625
oos_experiment,TK-PB-Drahi_1-d1-HOM-UHI-79830456b8-r5,5,TWO_STAGE_RH,SA,23,0,single_solve,4.345760107040405,3.6791460514068604,3.061185121536255,1927.3125
oos_experiment,TK-PB-Drahi_1-d1-HOM-UHI-79830456b8-r5,5,TWO_STAGE_RH,SA,23,0,single_solve,4.906821966171265,5.7118589878082275,5.016742944717407,1947.515625
oos_experiment,TK-PB-Drahi_1-d1-HOM-UHI-79830456b8-r5,5,TWO_STAGE_RH,SA,24,0,single_solve,4.345760107040405,3.6791460514068604,3.061185121536255,1927.3125
oos_experiment,TK-PB-Drahi_1-d1-HOM-UHI-79830456b8-r5,5,TWO_STAGE_RH,SA,24,0,single_solve,4.906821966171265,5.7118589878082275,5.016742944717407,1947.515625
oos_experiment,TK-PB-Drahi_1-d1-HOM-UHI-79830456b8-r5,5,TWO_STAGE_RH,STATIC_DEMAND_SHARE,1,0,single_solve,0.5323100090026855,1.951673984527588,0.9760079383850098,1901.71484375
oos_experiment,TK-PB-Drahi_1-d1-HOM-UHI-79830456b8-r5,5,TWO_STAGE_RH,STATIC_DEMAND_SHARE,1,0,single_solve,0.5628950595855713,1.6426129341125488,1.0059349536895752,1927.3125
oos_experiment,TK-PB-Drahi_1-d1-HOM-UHI-79830456b8-r5,5,TWO_STAGE_RH,STATIC_DEMAND_SHARE,2,0,single_solve,0.5323100090026855,1.951673984527588,0.9760079383850098,1901.71484375
oos_experiment,TK-PB-Drahi_1-d1-HOM-UHI-79830456b8-r5,5,TWO_STAGE_RH,STATIC_DEMAND_SHARE,2,0,single_solve,0.5628950595855713,1.6426129341125488,1.0059349536895752,1927.3125
oos_experiment,TK-PB-Drahi_1-d1-HOM-UHI-79830456b8-r5,5,TWO_STAGE_RH,STATIC_DEMAND_SHARE,3,0,single_solve,0.5323100090026855,1.951673984527588,0.9760079383850098,1901.71484375
oos_experiment,TK-PB-Drahi_1-d1-HOM-UHI-79830456b8-r5,5,TWO_STAGE_RH,STATIC_DEMAND_SHARE,3,0,single_solve,0.5628950595855713,1.6426129341125488,1.0059349536895752,1927.3125
oos_experiment,TK-PB-Drahi_1-d1-HOM-UHI-79830456b8-r5,5,TWO_STAGE_RH,STATIC_DEMAND_SHARE,4,0,single_solve,0.5323100090026855,1.951673984527588,0.9760079383850098,1901.71484375
oos_experiment,TK-PB-Drahi_1-d1-HOM-UHI-79830456b8-r5,5,TWO_STAGE_RH,STATIC_DEMAND_SHARE,4,0,single_solve,0.5628950595855713,1.6426129341125488,1.0059349536895752,1927.3125
oos_experiment,TK-PB-Drahi_1-d1-HOM-UHI-79830456b8-r5,5,TWO_STAGE_RH,STATIC_DEMAND_SHARE,5,0,single_solve,1.174232006072998,1.5659410953521729,0.9215469360351562,1901.71484375
oos_experiment,TK-PB-Drahi_1-d1-HOM-UHI-79830456b8-r5,5,TWO_STAGE_RH,STATIC_DEMAND_SHARE,5,0,single_solve,0.8006680011749268,1.7507340908050537,1.0970828533172607,1927.3125
oos_experiment,TK-PB-Drahi_1-d1-HOM-UHI-79830456b8-r5,5,TWO_STAGE_RH,STATIC_DEMAND_SHARE,6,0,single_solve,1.174232006072998,1.5659410953521729,0.9215469360351562,1901.71484375
oos_experiment,TK-PB-Drahi_1-d1-HOM-UHI-79830456b8-r5,5,TWO_STAGE_RH,STATIC_DEMAND_SHARE,6,0,single_solve,0.8006680011749268,1.7507340908050537,1.0970828533172607,1927.3125
oos_experiment,TK-PB-Drahi_1-d1-HOM-UHI-79830456b8-r5,5,TWO_STAGE_RH,STATIC_DEMAND_SHARE,7,0,single_solve,1.174232006072998,1.5659410953521729,0.9215469360351562,1901.71484375
oos_experiment,TK-PB-Drahi_1-d1-HOM-UHI-79830456b8-r5,5,TWO_STAGE_RH,STATIC_DEMAND_SHARE,7,0,single_solve,0.8006680011749268,1.7507340908050537,1.0970828533172607,1927.3125
oos_experiment,TK-PB-Drahi_1-d1-HOM-UHI-79830456b8-r5,5,TWO_STAGE_RH,STATIC_DEMAND_SHARE,8,0,single_solve,1.174232006072998,1.5659410953521729,0.9215469360351562,1901.71484375
oos_experiment,TK-PB-Drahi_1-d1-HOM-UHI-79830456b8-r5,5,TWO_STAGE_RH,STATIC_DEMAND_SHARE,8,0,single_solve,0.8006680011749268,1.7507340908050537,1.0970828533172607,1927.3125
oos_experiment,TK-PB-Drahi_1-d1-HOM-UHI-79830456b8-r5,5,TWO_STAGE_RH,STATIC_DEMAND_SHARE,9,0,single_solve,0.3341200351715088,1.6629810333251953,0.591590166091919,1901.71484375
oos_experiment,TK-PB-Drahi_1-d1-HOM-UHI-79830456b8-r5,5,TWO_STAGE_RH,STATIC_DEMAND_SHARE,9,0,single_solve,1.1760940551757812,1.1247351169586182,0.5171129703521729,1927.3125
oos_experiment,TK-PB-Drahi_1-d1-HOM-UHI-79830456b8-r5,5,TWO_STAGE_RH,STATIC_DEMAND_SHARE,10,0,single_solve,0.3341200351715088,1.6629810333251953,0.591590166091919,1901.71484375
oos_experiment,TK-PB-Drahi_1-d1-HOM-UHI-79830456b8-r5,5,TWO_STAGE_RH,STATIC_DEMAND_SHARE,10,0,single_solve,1.1760940551757812,1.1247351169586182,0.5171129703521729,1927.3125
oos_experiment,TK-PB-Drahi_1-d1-HOM-UHI-79830456b8-r5,5,TWO_STAGE_RH,STATIC_DEMAND_SHARE,11,0,single_solve,0.3341200351715088,1.6629810333251953,0.591590166091919,1901.71484375
oos_experiment,TK-PB-Drahi_1-d1-HOM-UHI-79830456b8-r5,5,TWO_STAGE_RH,STATIC_DEMAND_SHARE,11,0,single_solve,1.1760940551757812,1.1247351169586182,0.5171129703521729,1927.3125
oos_experiment,TK-PB-Drahi_1-d1-HOM-UHI-79830456b8-r5,5,TWO_STAGE_RH,STATIC_DEMAND_SHARE,12,0,single_solve,0.3341200351715088,1.6629810333251953,0.591590166091919,1901.71484375
oos_experiment,TK-PB-Drahi_1-d1-HOM-UHI-79830456b8-r5,5,TWO_STAGE_RH,STATIC_DEMAND_SHARE,12,0,single_solve,1.1760940551757812,1.1247351169586182,0.5171129703521729,1927.3125
oos_experiment,TK-PB-Drahi_1-d1-HOM-UHI-79830456b8-r5,5,TWO_STAGE_RH,STATIC_DEMAND_SHARE,13,0,single_solve,1.3200631141662598,1.007666826248169,0.4489161968231201,1902.359375
oos_experiment,TK-PB-Drahi_1-d1-HOM-UHI-79830456b8-r5,5,TWO_STAGE_RH,STATIC_DEMAND_SHARE,13,0,single_solve,0.37976503372192383,1.6519131660461426,0.43667101860046387,1927.3125
oos_experiment,TK-PB-Drahi_1-d1-HOM-UHI-79830456b8-r5,5,TWO_STAGE_RH,STATIC_DEMAND_SHARE,14,0,single_solve,1.3200631141662598,1.007666826248169,0.4489161968231201,1902.359375
oos_experiment,TK-PB-Drahi_1-d1-HOM-UHI-79830456b8-r5,5,TWO_STAGE_RH,STATIC_DEMAND_SHARE,14,0,single_solve,0.37976503372192383,1.6519131660461426,0.43667101860046387,1927.3125
oos_experiment,TK-PB-Drahi_1-d1-HOM-UHI-79830456b8-r5,5,TWO_STAGE_RH,STATIC_DEMAND_SHARE,15,0,single_solve,1.3200631141662598,1.007666826248169,0.4489161968231201,1902.359375
oos_experiment,TK-PB-Drahi_1-d1-HOM-UHI-79830456b8-r5,5,TWO_STAGE_RH,STATIC_DEMAND_SHARE,15,0,single_solve,0.37976503372192383,1.6519131660461426,0.43667101860046387,1927.3125
oos_experiment,TK-PB-Drahi_1-d1-HOM-UHI-79830456b8-r5,5,TWO_STAGE_RH,STATIC_DEMAND_SHARE,16,0,single_solve,1.3200631141662598,1.007666826248169,0.4489161968231201,1902.359375
oos_experiment,TK-PB-Drahi_1-d1-HOM-UHI-79830456b8-r5,5,TWO_STAGE_RH,STATIC_DEMAND_SHARE,16,0,single_solve,0.37976503372192383,1.6519131660461426,0.43667101860046387,1927.3125
oos_experiment,TK-PB-Drahi_1-d1-HOM-UHI-79830456b8-r5,5,TWO_STAGE_RH,STATIC_DEMAND_SHARE,17,0,single_solve,0.31551694869995117,2.185796022415161,0.5979299545288086,1902.359375
oos_experiment,TK-PB-Drahi_1-d1-HOM-UHI-79830456b8-r5,5,TWO_STAGE_RH,STATIC_DEMAND_SHARE,17,0,single_solve,1.2825570106506348,1.2022109031677246,0.5797748565673828,1947.515625
oos_experiment,TK-PB-Drahi_1-d1-HOM-UHI-79830456b8-r5,5,TWO_STAGE_RH,STATIC_DEMAND_SHARE,18,0,single_solve,0.31551694869995117,2.185796022415161,0.5979299545288086,1902.359375
oos_experiment,TK-PB-Drahi_1-d1-HOM-UHI-79830456b8-r5,5,TWO_STAGE_RH,STATIC_DEMAND_SHARE,18,0,single_solve,1.2825570106506348,1.2022109031677246,0.5797748565673828,1947.515625
oos_experiment,TK-PB-Drahi_1-d1-HOM-UHI-79830456b8-r5,5,TWO_STAGE_RH,STATIC_DEMAND_SHARE,19,0,single_solve,0.31551694869995117,2.185796022415161,0.5979299545288086,1902.359375
oos_experiment,TK-PB-Drahi_1-d1-HOM-UHI-79830456b8-r5,5,TWO_STAGE_RH,STATIC_DEMAND_SHARE,19,0,single_solve,1.2825570106506348,1.2022109031677246,0.5797748565673828,1947.515625
oos_experiment,TK-PB-Drahi_1-d1-HOM-UHI-79830456b8-r5,5,TWO_STAGE_RH,STATIC_DEMAND_SHARE,20,0,single_solve,0.31551694869995117,2.185796022415161,0.5979299545288086,1902.359375
oos_experiment,TK-PB-Drahi_1-d1-HOM-UHI-79830456b8-r5,5,TWO_STAGE_RH,STATIC_DEMAND_SHARE,20,0,single_solve,1.2825570106506348,1.2022109031677246,0.5797748565673828,1947.515625
oos_experiment,TK-PB-Drahi_1-d1-HOM-UHI-79830456b8-r5,5,TWO_STAGE_RH,STATIC_DEMAND_SHARE,21,0,single_solve,0.3870658874511719,1.8581068515777588,0.8497838973999023,1927.3125
oos_experiment,TK-PB-Drahi_1-d1-HOM-UHI-79830456b8-r5,5,TWO_STAGE_RH,STATIC_DEMAND_SHARE,21,0,single_solve,0.6174349784851074,2.1614978313446045,0.8080809116363525,1947.515625
oos_experiment,TK-PB-Drahi_1-d1-HOM-UHI-79830456b8-r5,5,TWO_STAGE_RH,STATIC_DEMAND_SHARE,22,0,single_solve,0.3870658874511719,1.8581068515777588,0.8497838973999023,1927.3125
oos_experiment,TK-PB-Drahi_1-d1-HOM-UHI-79830456b8-r5,5,TWO_STAGE_RH,STATIC_DEMAND_SHARE,22,0,single_solve,0.6174349784851074,2.1614978313446045,0.8080809116363525,1947.515625
oos_experiment,TK-PB-Drahi_1-d1-HOM-UHI-79830456b8-r5,5,TWO_STAGE_RH,STATIC_DEMAND_SHARE,23,0,single_solve,0.3870658874511719,1.8581068515777588,0.8497838973999023,1927.3125
oos_experiment,TK-PB-Drahi_1-d1-HOM-UHI-79830456b8-r5,5,TWO_STAGE_RH,STATIC_DEMAND_SHARE,23,0,single_solve,0.6174349784851074,2.1614978313446045,0.8080809116363525,1947.515625
oos_experiment,TK-PB-Drahi_1-d1-HOM-UHI-79830456b8-r5,5,TWO_STAGE_RH,STATIC_DEMAND_SHARE,24,0,single_solve,0.3870658874511719,1.8581068515777588,0.8497838973999023,1927.3125
oos_experiment,TK-PB-Drahi_1-d1-HOM-UHI-79830456b8-r5,5,TWO_STAGE_RH,STATIC_DEMAND_SHARE,24,0,single_solve,0.6174349784851074,2.1614978313446045,0.8080809116363525,1947.515625
